7.193892376939564626e-01
7.142363454814919521e-01
7.091838263161472922e-01
7.042607423201051597e-01
6.994940914228021667e-01
6.949081885507797374e-01
6.905242050335798076e-01
6.863599200177464832e-01
6.824297294285195381e-01
6.787449452058965660e-01
6.753144014903421644e-01
6.721453670348739307e-01
6.692447465386106575e-01
6.666205399040108226e-01
6.642835192440980085e-01
6.622490797317962530e-01
6.605392221895513005e-01
6.591846319586168734e-01
6.582268286802663848e-01
6.577203732610858999e-01
6.577351291535720179e-01
6.583585823509160440e-01
6.596982245649509746e-01
6.618839918488729213e-01
6.650707187167043122e-01
6.694405034099500940e-01
6.752047641378960963e-01
6.826055694703748733e-01
6.919155067708684381e-01
7.034348606589037045e-01
7.174841818976749330e-01
7.343895654815814078e-01
7.544579814838666687e-01
7.779452627924601238e-01
8.050576370426734130e-01
8.363786762686136189e-01
8.838368540067913504e-01
9.295254820973645193e-01
9.342174515428137704e-01
9.608701261608243449e-01
9.816988841462029880e-01
9.925272430062160867e-01
9.911180336023472925e-01
9.771807931028109184e-01
9.524478020010823665e-01
9.201293821508729209e-01
8.839749725310364070e-01
8.473972284916237996e-01
8.129635522770625178e-01
7.822816668519035899e-01
7.561374308900772334e-01
7.347254553903945773e-01
7.178701928821382694e-01
7.051957712893155428e-01
6.962400224033304941e-01
6.905235310013853045e-01
6.875874095251757190e-01
6.870113056365924065e-01
6.884198261714342681e-01
6.914826686092588881e-01
6.959116607679355360e-01
7.014565386122778579e-01
7.079004474398035152e-01
7.150556553533952142e-01
7.227596886900448103e-01
7.308719496296212093e-01
7.392708017237457074e-01
7.478510764207116912e-01
7.565219433541964245e-01
7.652050880703200608e-01
7.738331467860342094e-01
7.823483553724128736e-01
7.907013773501131437e-01
7.988502824978095385e-01
8.067596534303680400e-01
8.143998021797611564e-01
8.217460825051173812e-01
8.287782865107520269e-01
8.354801163096207128e-01
8.418387230675302701e-01
8.478443069116666786e-01
8.534897719742799982e-01
8.587704313357343855e-01
8.636837568822374189e-01
8.682291691439316672e-01
8.724078620671772422e-01
8.762226574444045291e-01
8.796778834328741192e-01
8.827792713177424755e-01
8.855338645192938341e-01
8.879499339412266767e-01
8.900368942616189161e-01
8.918052168440625538e-01
8.932663367410186295e-01
8.944325538706846546e-01
8.953169318786228237e-01
8.959332023250584642e-01
8.962956864032606275e-01
8.964192509963225808e-01
8.963193200462650223e-01
8.960119654886157248e-01
8.955141040962029120e-01
8.948438274572190210e-01
8.940208923465751134e-01
8.930673987248096690e-01
8.920086837146167236e-01
8.908744637317008719e-01
8.897002654619948769e-01
8.885292023020312513e-01
8.874141809066341535e-01
8.864206733006438910e-01
8.856302943691197749e-01
8.851456902056273890e-01
8.850981334475318540e-01
8.856633376866721585e-01
8.871201785086951785e-01
8.904496671379327211e-01
1.038830918068208042e+00
8.989097098430710586e-01
9.057432755900668431e-01
9.159023840100529723e-01
9.296620274589624255e-01
9.478328292545398215e-01
9.713753814875534243e-01
1.001243864010288975e+00
1.038079167872787423e+00
1.081590298217716795e+00
1.129498720704299686e+00
1.176197070839067660e+00
1.212062619040977340e+00
1.225314905156670520e+00
1.207413773885131159e+00
1.158765044159456581e+00
1.088934514104180407e+00
1.010884225335529241e+00
9.350190515191697527e-01
8.670628132323608961e-01
8.089334745407287253e-01
7.603919731793118419e-01
7.203000668784700355e-01
6.873154344460513654e-01
6.601975036018989940e-01
6.379065202304415871e-01
6.196103161459992625e-01
6.046572579135236492e-01
5.925415499766347738e-01
5.828710851618001954e-01
5.753408875826628854e-01
5.697123019149319401e-01
5.657970934715791378e-01
5.634454228779404161e-01
5.625367515910417726e-01
5.629729110474765985e-01
5.646727473639470141e-01
5.675679079411107830e-01
5.715994603763949744e-01
5.767151298703231399e-01
5.828670130345933176e-01
5.900096779631479604e-01
5.980985963611640255e-01
6.070888766151646410e-01
6.169342796448323840e-01
6.275865045868060932e-01
6.389947309603138947e-01
6.511053998792718511e-01
6.638622108137693933e-01
6.772063038233521182e-01
6.910765912592167215e-01
7.054101985232748007e-01
7.201429711239381026e-01
7.352100052298641275e-01
7.505461611930749344e-01
7.660865239072460753e-01
7.817667800918912668e-01
7.975234903206425141e-01
8.132942425372035045e-01
8.290176836828342388e-01
8.446334367156518308e-01
8.600819215880439739e-01
8.753041104736902778e-01
8.902412593595774304e-01
9.048346694107175514e-01
9.190255412278660607e-01
9.327549916916642037e-01
9.459643044730596806e-01
9.585954791541109188e-01
9.705921280815988927e-01
9.819007433151842879e-01
9.924723189787840738e-01
1.002264270683895120e+00
1.011242551693033453e+00
1.019383841183633121e+00
1.026677711165858264e+00
1.033128901902053309e+00
1.038761035215244988e+00
1.043632832917113840e+00
1.048105912632776304e+00
1.052856742771408172e+00
1.053961231688579359e+00
1.056205197920778716e+00
1.058121302268834052e+00
