1.633776307711782838e+00
1.584094550677392244e+00
1.542723918248962711e+00
1.506950359172468890e+00
1.475196281560574585e+00
1.446510663967730981e+00
1.420296573815643448e+00
1.396163412646302060e+00
1.373844937928259347e+00
1.353152647801234565e+00
1.333948618840047340e+00
1.316129285602980037e+00
1.299615498666969016e+00
1.284346247405675712e+00
1.270274551871346969e+00
1.257364651875826356e+00
1.245589976480875105e+00
1.234931583149762258e+00
1.225376877594756886e+00
1.216918498761834888e+00
1.209553298648895048e+00
1.203281375315811808e+00
1.198105136183949204e+00
1.194028381407427286e+00
1.191055405964715153e+00
1.189190125445851232e+00
1.188435235013172386e+00
1.188791414079140463e+00
1.190256591075804060e+00
1.192825283396140135e+00
1.196488027242220920e+00
1.201230910795476392e+00
1.207035221934005476e+00
1.213877218879099162e+00
1.221728027948496331e+00
1.230553671259122073e+00
1.240315218687424892e+00
1.250969059505056435e+00
1.262467282780498801e+00
1.274758153270964423e+00
1.287786667649077899e+00
1.301495174305470792e+00
1.315824039491362507e+00
1.330712343012594889e+00
1.346098588222460979e+00
1.361921414094745098e+00
1.378120302982522194e+00
1.394636290528476819e+00
1.411412719437535435e+00
1.428396201444529945e+00
1.445538510037379876e+00
1.462803810293474838e+00
1.480233793523048957e+00
1.518050940843385765e+00
1.514943449485274263e+00
1.532023009782801815e+00
1.549204763489165249e+00
1.566328803578728390e+00
1.583368964372546150e+00
1.600317610767556298e+00
1.617176543904136565e+00
1.633955633371658056e+00
1.650672690446802982e+00
1.667353602502008592e+00
1.684032484869663504e+00
1.700751743515002135e+00
1.717561964820540465e+00
1.734521542524896542e+00
1.751695936082198646e+00
1.769156435860245624e+00
1.786978292982670968e+00
1.805238061253468418e+00
1.824010006116076887e+00
1.843361480105156547e+00
1.863347279101264409e+00
1.884003235438187263e+00
1.905339766514408728e+00
1.927336936887156238e+00
1.949944073190657656e+00
1.973089575854074296e+00
1.996711263107140866e+00
2.020826518872195887e+00
2.045680020230079776e+00
2.072048972458941041e+00
2.101890398948699445e+00
2.139788339152753682e+00
2.196334053557624788e+00
2.295275904389859178e+00
2.473635526386108729e+00
2.654914814391418076e+00
2.533131042639094055e+00
2.294937209848066928e+00
2.144284442478693986e+00
2.055106938647827786e+00
1.994754136515519027e+00
1.948163553385367175e+00
1.908828444949324910e+00
1.873825111493958362e+00
1.841763985257408587e+00
1.811939111576019945e+00
1.783958580729199328e+00
1.757577643246685639e+00
1.732621824242500219e+00
1.708951567937594840e+00
1.686446417039748180e+00
1.664998350162239849e+00
1.644509277203771935e+00
1.624890279795472514e+00
1.606061458232911798e+00
1.587951878344741719e+00
1.570499421699072196e+00
1.553650489218028952e+00
1.537359572440746280e+00
1.521588729956253827e+00
1.506307010376908506e+00
1.491489858571353855e+00
1.477118534148340601e+00
1.463179562948277557e+00
1.449664234695680731e+00
1.436568153227310685e+00
1.423890840765553056e+00
1.411635392428859159e+00
1.399808174874721312e+00
1.388418560136408075e+00
1.377478684477016824e+00
1.367003221752916664e+00
1.357009161163972744e+00
1.347515580465126206e+00
1.338543407543995256e+00
1.330115165585028514e+00
1.322254699657302579e+00
1.314986885276004935e+00
1.308337322089167198e+00
1.302332018151209025e+00
1.296997072151947483e+00
1.292358362529487881e+00
1.288441254076466258e+00
1.285270336183190532e+00
1.282869218706619518e+00
1.281260460125735134e+00
1.280465952810954100e+00
1.280509994637140769e+00
1.281461581639297354e+00
1.285364184953330158e+00
1.285785538740590095e+00
1.289267886686141340e+00
1.293673695063310314e+00
1.298990584735245424e+00
1.305221470620178792e+00
1.312369466809240715e+00
1.320436262603048361e+00
1.329421832489526611e+00
1.339324419090853091e+00
1.350140624132634803e+00
1.361865583585587958e+00
1.374493236373545368e+00
1.388016706664726874e+00
1.402428823438035765e+00
1.417722800995443011e+00
1.433893100754877636e+00
1.450936487558211363e+00
1.468853282137339900e+00
1.487648794478107606e+00
1.507334899793969507e+00
1.527931688931055021e+00
1.549469087707737947e+00
1.571988294755711335e+00
1.595542835606045484e+00
1.620198975062255409e+00
1.646035178775939745e+00
1.673140289258206792e+00
1.701610129402597149e+00
1.731542474395451281e+00
1.763030971962995075e+00
1.796160146167300686e+00
1.831007227695013784e+00
1.867664929775660454e+00
1.906319537020032095e+00
1.947471614072352919e+00
1.992541665362138392e+00
2.045624783585484607e+00
2.119179311309648650e+00
2.254301217092975484e+00
2.550636953161391940e+00
2.636036563693285650e+00
2.325573796005658611e+00
2.185095651340021927e+00
2.124077107032654510e+00
2.086564693672877446e+00
2.056209051269797694e+00
2.028153247350314548e+00
2.001126846001864301e+00
1.975044773716812641e+00
1.950165101826294434e+00
1.926773006432346502e+00
1.905070544169757740e+00
1.885152890432898687e+00
1.867019717859557337e+00
1.850598074192946640e+00
1.835766046814315100e+00
1.822372915833503138e+00
