9.058337530061228273e-04
1.113788233202494529e-03
1.357391844180288716e-03
1.640954628994830636e-03
1.969118228287646336e-03
2.346865619513971869e-03
2.779528968647684926e-03
3.272795091071802227e-03
3.832707956243105833e-03
4.465667608122361916e-03
5.178424812408395812e-03
5.978070685029320853e-03
6.872020507524142022e-03
7.867990898004075667e-03
8.973969486163675333e-03
1.019817624286430829e-02
1.154901564530257801e-02
1.303501892430814803e-02
1.466477574767207845e-02
1.644685484916673726e-02
1.838971332295303088e-02
2.050159457192057139e-02
2.279041522863450159e-02
2.526364175853501939e-02
2.792815790265487652e-02
3.079012461260890315e-02
3.385483465991911273e-02
3.712656464513082455e-02
4.060842766416739719e-02
4.430223037923174817e-02
4.820833865440157795e-02
5.232555621464154288e-02
5.665102093416822526e-02
6.118012332206561321e-02
6.590645152258162165e-02
7.082176666772130313e-02
7.591601170719176894e-02
8.117735590807914625e-02
8.659227609380805435e-02
9.214567442596449665e-02
9.782103118556079169e-02
1.036005896555663025e-01
1.094655689232831575e-01
1.153963992881035655e-01
1.213729740487660275e-01
1.273749108121710050e-01
1.333818151518668116e-01
1.393735394648452364e-01
1.453304302230285505e-01
1.512335574610286226e-01
1.570649212353532331e-01
1.628076308690302176e-01
1.684460539880049679e-01
1.739659335883223246e-01
1.793544725765294223e-01
1.846003863395686284e-01
1.896939248766681407e-01
1.946268668309588945e-01
1.993924883742236309e-01
2.039855103197430741e-01
2.084020270733767388e-01
2.126394210987455347e-01
2.166962664926894433e-01
2.205722250695331954e-01
2.242679380662311317e-01
2.277849162332598598e-01
2.311254306940593861e-01
2.342924065612681794e-01
2.372893209092528377e-01
2.401201063338670727e-01
2.427890609920233256e-01
2.453007657122781571e-01
2.476600085065512602e-01
2.498717165933516393e-01
2.519408958634083984e-01
2.538725775769259396e-01
2.556717719744829864e-01
2.573434284068524813e-01
2.588924015386890320e-01
2.603234231528875897e-01
2.616410790726451108e-01
