4.896106311360741989e-04
6.000585755168157294e-04
7.288807899293532665e-04
8.781794878125216957e-04
1.050202436123785603e-03
1.247346634936439668e-03
1.472161500817191363e-03
1.727351438958867535e-03
2.015777677408190586e-03
2.340459224942486975e-03
2.704572802460394280e-03
3.111451586466246547e-03
3.564582592717322439e-03
4.067602518805878489e-03
4.624291856876755306e-03
5.238567082419058087e-03
5.914470722773380873e-03
6.656159110382727298e-03
7.467887631658944210e-03
8.353993293447648655e-03
9.318874446275281914e-03
1.036696752765887269e-02
1.150272072050092555e-02
1.273056446162480239e-02
1.405487878431783619e-02
1.547995753660926302e-02
1.700996958390189884e-02
1.864891718013133443e-02
2.040059177505743407e-02
2.226852761533518535e-02
2.425595359188044420e-02
2.636574388339908356e-02
2.860036804290506593e-02
3.096184126720092147e-02
3.345167567478624787e-02
3.607083349130487532e-02
3.881968309907563724e-02
4.169795894413094728e-02
4.470472630643074208e-02
4.783835192294905864e-02
5.109648140639248826e-02
5.447602432266193673e-02
5.797314767741958141e-02
6.158327841731441737e-02
6.530111537722056714e-02
6.912065090552843571e-02
7.303520218091268112e-02
7.703745200322741071e-02
8.111949860645120691e-02
8.527291381176169138e-02
8.948880862287347804e-02
9.375790517247375999e-02
9.807061376578647682e-02
1.024171136416525130e-01
1.067874359879488061e-01
1.111715477096983928e-01
1.155594344557181880e-01
1.199411814618871197e-01
1.243070508628492804e-01
1.286475542541613837e-01
1.329535194471931081e-01
1.372161505420009808e-01
1.414270806410573844e-01
1.455784167310001376e-01
1.496627764628523094e-01
1.536733167563798241e-01
1.576037543354460446e-01
1.614483784635404040e-01
1.652020562885288257e-01
1.688602313209664474e-01
1.724189156599038875e-01
1.758746766443161080e-01
1.792246186480575265e-01
1.824663607536020360e-01
1.855980110371625580e-01
1.886181381779555577e-01
1.915257410704425678e-01
1.943202170733352718e-01
1.970013294760497857e-01
1.995691747047912967e-01
2.020241497290896360e-01
