5.080270941251320282e-01
5.071535275381163776e-01
5.062034374443550311e-01
5.051782633705231840e-01
5.040798013296047264e-01
5.029102034058587911e-01
5.016719737885403374e-01
5.003679612622635720e-01
4.990013482275427181e-01
4.975756363893173440e-01
4.960946293123066897e-01
4.945624120981075289e-01
4.929833284884760913e-01
4.913619557408778205e-01
4.897030776551090647e-01
4.880116561530092878e-01
4.862928018264499608e-01
4.845517438722105052e-01
4.827937998260956598e-01
4.810243454935710927e-01
4.792487854511093270e-01
4.774725244624830056e-01
4.757009401187167197e-01
4.739393569705362963e-01
4.721930223794946757e-01
4.704670842696667132e-01
4.687665709173371442e-01
4.670963728723412367e-01
4.654612270631336979e-01
4.638657030985090524e-01
4.623141917433813419e-01
4.608108955143448981e-01
4.593598213132923380e-01
4.579647749943542845e-01
4.566293577408351290e-01
4.553569641145445157e-01
4.541507816297904454e-01
4.530137916980185309e-01
4.519487717862592513e-01
4.509582986328074528e-01
4.500447523666006866e-01
4.492103213819249596e-01
4.484570078272349103e-01
4.477866335753806215e-01
4.472008465521866705e-01
4.467011273106531455e-01
4.462887957488770319e-01
4.459650178807209597e-01
4.457308125790772069e-01
4.455870582222462573e-01
4.455344991839881863e-01
4.455737521174460425e-01
4.457053119919756612e-01
4.459295578501151214e-01
4.462467582592155035e-01
4.466570764387724490e-01
4.471605750502262167e-01
4.477572206407879896e-01
4.484468877368456563e-01
4.492293625858325146e-01
4.501043465478334893e-01
4.510714591399718199e-01
4.521302407377900123e-01
4.532801549382509676e-01
4.545205905889624365e-01
4.558508634876459742e-01
4.572702177548558788e-01
4.587778268815884131e-01
4.603727944516783910e-01
4.620541545369420411e-01
4.638208717608583997e-01
4.656718410242861594e-01
4.676058868843737670e-01
4.696217625754935399e-01
4.717181486587256334e-01
4.738936512843662796e-01
4.761468000500198028e-01
4.784760454352666170e-01
4.808797557927282362e-01
4.833562138746995696e-01
4.859036128743534078e-01
4.885200519611573866e-01
4.912035312914880270e-01
4.939519464777265001e-01
4.967630825023716667e-01
4.996346070681936258e-01
5.025640633811340185e-01
5.055488623697604877e-01
5.085862743536960773e-01
5.116734201836894425e-01
5.148072618880222828e-01
5.179845928737205618e-01
5.212020277468271123e-01
5.244559918336835214e-01
5.277427105047470812e-01
5.310581984241138365e-01
5.343982488711201961e-01
5.377584233054693019e-01
5.411340413734415655e-01
5.445201715800401798e-01
5.479116228795272159e-01
5.513029374642693936e-01
5.546883850582887687e-01
5.580619590465937252e-01
5.614173747930201186e-01
5.647480705169359849e-01
5.680472111111577460e-01
5.713076952887229387e-01
5.745221664427830888e-01
5.776830275907333112e-01
5.807824607489758817e-01
5.838124510471701667e-01
5.867648158393516944e-01
5.896312390028104478e-01
5.924033105339810978e-01
5.950725714536108102e-01
5.976305639220139687e-01
6.000688863406348217e-01
6.023792530807460244e-01
6.045535583368784049e-01
6.065839434553239595e-01
6.084628669416688451e-01
6.101831762107671198e-01
6.117381800138073089e-01
6.131217203662231441e-01
6.143282427129012069e-01
6.153528630092672813e-01
6.161914303732463072e-01
6.168405839774360189e-01
6.172978029059480454e-01
6.175614477967128479e-01
6.176307932269042844e-01
6.175060499735132158e-01
6.171883764882398760e-01
6.166798791594034768e-01
6.159836011854369353e-01
6.151035001459779217e-01
6.140444146179083740e-01
6.128120204352021094e-01
6.114127774242670288e-01
6.098538676518094892e-01
6.081431263935983544e-01
6.062889671643828526e-01
6.043003022383153233e-01
6.021864601342377110e-01
5.999571015416844677e-01
5.976221351238680812e-01
5.951916345573130540e-01
5.926757580593552399e-01
5.900846715205412263e-01
5.874284762059095444e-01
5.847171418234822227e-01
5.819604455871931759e-01
5.791679177304264181e-01
5.763487937610339840e-01
5.735119735934114393e-01
5.706659875516650882e-01
5.678189691122822458e-01
5.649786341471274564e-01
5.621522663383087259e-01
5.593467083657903682e-01
5.565683584157270491e-01
5.538231715213776107e-01
5.511166652273683519e-01
5.484539290605257023e-01
5.458396372943923325e-01
5.432780645079404724e-01
5.407731034601842568e-01
5.383282848293587941e-01
5.359467983966043070e-01
5.336315152881666579e-01
5.313850109255735532e-01
5.292095883693392899e-01
5.271073017771885638e-01
5.250799797322293072e-01
5.231292482291335366e-01
5.212565531370529914e-01
5.194631819862148836e-01
5.177502849509455496e-01
5.161188949250798963e-01
5.145699466063988758e-01
5.131042945249020271e-01
5.117227299655880968e-01
5.104259967499035211e-01
5.092148058516068332e-01
5.080898488322969087e-01
5.070518100896483915e-01
5.061013779176986027e-01
5.052392543832449068e-01
5.044661640259564539e-01
5.037828613922218368e-01
5.031901374140866912e-01
5.026888246451349795e-01
5.022798013649641957e-01
5.019639945627475397e-01
5.017423818090097631e-01
5.016159920224867452e-01
5.015859051364225385e-01
5.016532506656692370e-01
5.018192051726696468e-01
5.020849886267391149e-01
