1.559209065584550968e+00
1.559876311168102880e+00
1.577618971682535287e+00
1.590003311884714776e+00
1.627410518295262065e+00
1.698246289342811410e+00
1.822702041230363612e+00
2.005345385970134675e+00
2.116257165020857922e+00
1.996354989084333065e+00
1.818865667139724085e+00
1.707109636415689025e+00
1.649802461965118816e+00
1.623013513978779132e+00
1.612895899313595782e+00
1.612316314450400689e+00
1.617496553491270195e+00
1.626310311773493611e+00
1.637478541759993522e+00
1.650180885456816293e+00
1.663859719452328578e+00
1.678116641002491694e+00
1.692655307925317487e+00
1.707248539009472488e+00
1.721718615907536609e+00
1.735925019567902128e+00
1.749756480323532148e+00
1.763125596108284787e+00
1.775965013393741243e+00
1.788224575845829944e+00
1.799869079030032459e+00
1.810876404878093204e+00
1.821235889590950840e+00
1.830946826874703337e+00
1.840017038567974828e+00
1.848461465030735162e+00
1.856300743245879126e+00
1.863559754739514851e+00
1.870266140912250519e+00
1.876448805793581531e+00
1.882136363126730272e+00
1.887355836307798240e+00
1.892131229035794560e+00
1.896482524903022604e+00
1.900424931884254987e+00
1.903968567764904751e+00
1.907118662435881795e+00
1.909876335936724123e+00
1.912239964995439356e+00
1.914207091720693255e+00
1.915776764076154048e+00
1.916952140186292564e+00
1.917743150057201085e+00
1.918168999597288149e+00
1.918260327952457711e+00
1.918060887078966381e+00
1.917628690724597851e+00
1.917036661100893991e+00
1.916372866291741195e+00
1.915740473511926112e+00
1.915257532359566861e+00
1.915056644357535864e+00
1.915284470871479572e+00
1.916100882042131248e+00
1.917677352641126598e+00
1.920193959581949938e+00
1.923834019625068059e+00
1.928775018758590143e+00
1.935174044514328617e+00
1.943145516648423055e+00
1.952728818973429314e+00
1.963843872883884956e+00
1.976234461633465722e+00
1.989403188690127555e+00
2.002549234266446820e+00
2.014530376239378917e+00
2.023880993942598572e+00
2.028920346046749756e+00
2.027969441760722802e+00
2.019654130234322498e+00
2.003218012842006068e+00
1.978734925683397705e+00
1.947132513851457691e+00
1.910017799843858333e+00
1.869401297110557358e+00
1.828068950870619158e+00
1.786217882482336927e+00
1.745439006181162656e+00
1.708996584455056755e+00
1.677735664402334015e+00
1.653983611355050343e+00
1.642242828823962331e+00
1.652959454181779586e+00
1.713647735666620875e+00
1.888955965125588943e+00
2.096792287078690364e+00
1.864035817023159458e+00
1.624512373999355219e+00
1.512882018709832410e+00
1.456354226307914113e+00
1.423078177957687318e+00
1.401390833990794560e+00
1.386551398995841344e+00
1.376392360649957514e+00
1.369816235662542292e+00
1.366215299739380162e+00
1.365223156835969398e+00
1.366598561376164644e+00
1.370166968319303846e+00
1.375789357861030071e+00
1.383344876355002251e+00
1.392720923038199610e+00
1.403807475902735469e+00
1.416493948741669007e+00
1.430667620175032795e+00
1.446213068237010457e+00
1.463012259509973712e+00
1.480945064653309773e+00
1.499890048923757879e+00
1.519725392340314452e+00
1.540329953132488328e+00
1.561584238809002212e+00
1.583371390034640891e+00
1.605578028769789833e+00
1.628094955634062035e+00
1.650817653273068730e+00
1.673646564093110189e+00
1.696487121163024359e+00
1.719249524842780152e+00
1.741848275772950760e+00
1.764201497962075038e+00
1.786230114100124888e+00
1.807856968272762099e+00
1.829006026845557242e+00
1.849601822215779956e+00
1.869569329631051380e+00
1.888834475141005109e+00
1.907325452408453303e+00
1.924974968078306592e+00
1.941723435091392114e+00
1.957522995509075381e+00
1.972342096707967452e+00
1.986170197991659725e+00
1.999022087723181906e+00
2.010941280737491788e+00
2.022002063085891699e+00
2.032309950225227535e+00
2.042000589543377043e+00
2.051237410084360224e+00
2.060208537024420306e+00
2.069123593899715896e+00
2.078210984463008781e+00
2.087716075990925457e+00
2.097900407973058101e+00
2.109041630013949398e+00
2.121433310513707760e+00
2.135382992313500150e+00
2.151205797067699432e+00
2.169209366805884720e+00
2.189663904521983451e+00
2.212748724284106849e+00
2.238464949960904171e+00
2.266505237075404189e+00
2.296080563667885155e+00
2.325728611809237290e+00
2.353173419738486594e+00
2.375362054401049861e+00
2.388831547065365601e+00
2.390871399792523277e+00
2.378193767904319689e+00
2.351986359693778894e+00
2.314132514363101745e+00
2.267983541288394189e+00
2.217433243814123323e+00
2.166030984286673178e+00
2.116602335435194160e+00
2.071335111711721133e+00
2.032321606394712266e+00
2.002917452985280899e+00
1.991978969853567039e+00
2.032465281605252194e+00
2.269335494356722993e+00
2.368823718411110058e+00
1.977568467973441546e+00
1.848074369776020243e+00
1.791044492328310644e+00
1.754938202338297337e+00
1.727160639055480784e+00
1.703602303742616675e+00
1.682590730672426371e+00
1.663327094864337052e+00
1.645383941505502268e+00
1.628514959718660782e+00
1.612572915824216357e+00
1.597470126656273193e+00
1.583157433049061869e+00
1.569611924387710022e+00
1.556829132783877023e+00
1.544817697058026740e+00
1.533595522379600506e+00
1.523186936008417369e+00
