5.518133431489843366e-01
5.470063054778507849e-01
5.425448776380460414e-01
5.384525585580964835e-01
5.347517392039033979e-01
5.314635471564285174e-01
5.286077299665797868e-01
5.262025814050069750e-01
5.242649129329901569e-01
5.228100706555244281e-01
5.218519957778813279e-01
5.214033242865403484e-01
5.214755193344002837e-01
5.220790277457290074e-01
5.232234502723815961e-01
5.249177138137640641e-01
5.271702328168879070e-01
5.299890465301553277e-01
5.333819186981412219e-01
5.373563866350994367e-01
5.419197473668203591e-01
5.470789696438823624e-01
5.528405220714773805e-01
5.592101093622556807e-01
5.661923108292351570e-01
5.737901177862880786e-01
5.820043696871356476e-01
5.908330928923961611e-01
6.002707513322349531e-01
6.103074256320795143e-01
6.209279473290701956e-01
6.321110287756936952e-01
6.438284488040629805e-01
6.560443815151650870e-01
6.687149942031468397e-01
6.817884963063600701e-01
6.952059049911194499e-01
7.089029249949058142e-01
7.228135625020449817e-01
7.368764944782667525e-01
7.510459954818589079e-01
7.653108501343650616e-01
7.797283073742793391e-01
7.944888366458330298e-01
8.100501411444642752e-01
8.274443017382139276e-01
8.490753158491975983e-01
8.811341295638032145e-01
9.423864028436802487e-01
1.100131582132229280e+00
1.446447562506546491e+00
1.231529247474046462e+00
9.914213102442545056e-01
9.143034996306862450e-01
8.849110166536748867e-01
8.709994831350275080e-01
8.630746303421036325e-01
8.577597963221783584e-01
8.536765369646082124e-01
8.502111777066608811e-01
8.470779777948367339e-01
8.441427578417245448e-01
8.413442011960802214e-01
8.386560655143052712e-01
8.360681394268070221e-01
8.335764297760562824e-01
8.311781513340312788e-01
8.288693103320157185e-01
8.266437144822832428e-01
8.244927638200501008e-01
8.224056537400582512e-01
8.203697763108162011e-01
8.183711958700934375e-01
8.163951286688887476e-01
8.144263889795496647e-01
8.124497839473830973e-01
8.104504513864700943e-01
8.084141416349903686e-01
8.063274483305679086e-01
8.041779947182746691e-01
8.019545826250416010e-01
7.996473110196307132e-01
7.972476704468027808e-01
7.947486187813677105e-01
7.921446428187661759e-01
7.894318092792613761e-01
7.866078078952938313e-01
7.836719883984140100e-01
7.806253924334479732e-01
7.774707807075205146e-01
7.742126550317333100e-01
7.708572743364378033e-01
7.674126632414388638e-01
7.638886113483323026e-01
7.602966611049651879e-01
7.566500818870072198e-01
7.529638278667656337e-01
7.492544773143565706e-01
7.455401512201386138e-01
7.418404095565954703e-01
7.381761241230346826e-01
7.345693277393110510e-01
7.310430405646589636e-01
7.276210754884673282e-01
7.243278258283040172e-01
7.211880399141734621e-01
7.182265884573749704e-01
7.154682318021809984e-01
7.129373951337585336e-01
7.106579603580951421e-01
7.086530835762699931e-01
7.069450467579047048e-01
7.055551513128555108e-01
7.045036597322087424e-01
7.038097893217077905e-01
7.034917593210744391e-01
7.035668894638255066e-01
7.040517443843681278e-01
7.049623143441776651e-01
7.063142186639032039e-01
7.081229141678282435e-01
7.104038870565979602e-01
7.131728031768452825e-01
7.164455890505740943e-01
7.202384149498221033e-01
7.245675529929531677e-01
7.294490899798296013e-01
7.348984907278547363e-01
7.409300410964893002e-01
7.475562664754293873e-01
7.547875533749710542e-01
7.626324678049959394e-01
7.710998220730277408e-01
7.802047807923341294e-01
7.899842663790761499e-01
8.005347574775570907e-01
8.121088679465925386e-01
8.253877662851647479e-01
8.423885044080624551e-01
8.703963710636625217e-01
9.481403587957524248e-01
1.380044755352445307e+00
1.071781385347347904e+00
9.132480023791492707e-01
8.848867416188904711e-01
8.759663223546534372e-01
8.710033071564974305e-01
8.662625357531494874e-01
8.605534617932024677e-01
8.534962625036185413e-01
8.450555846369059987e-01
8.353745525802419580e-01
8.246966433944005193e-01
8.133182077265762588e-01
8.015546505077636441e-01
7.897151999729616900e-01
7.780847265611277042e-01
7.669118605186761028e-01
7.564025930692577226e-01
7.467183355404621858e-01
7.379772997146198943e-01
7.302580981851048980e-01
7.236046117050444204e-01
7.180313759314491673e-01
7.135289540639974115e-01
7.100689529223734864e-01
7.076084928420736109e-01
7.060940534328552509e-01
7.054646919495667357e-01
7.056546761273877477e-01
7.065955966992648607e-01
7.082180334135343980e-01
7.104528477330274150e-01
7.132321695649088689e-01
7.164901371002845298e-01
7.201634398889072974e-01
7.241917066654381951e-01
7.285177717127983010e-01
7.330878469102281025e-01
7.378516210921926000e-01
7.427623038575579262e-01
7.477766273852685108e-01
7.528548169863336081e-01
7.579605389093765355e-01
7.630608321898377788e-01
7.681260299802465941e-01
7.731296747291543925e-01
7.780484307154799106e-01
7.828619967340055830e-01
7.875530211221181132e-01
7.921070207828311283e-01
7.965123053699741940e-01
8.007599073403177670e-01
8.048435181336589528e-01
8.087594303092493497e-01
8.125064850458975085e-01
8.160860240071385885e-01
8.195018441921930741e-01
8.227601540521359835e-01
8.258695288680898416e-01
8.288408631882347999e-01
