8.577221301805049158e-01
8.745508270418644869e-01
8.935283415186872080e-01
9.149682973817947484e-01
9.392104123283339101e-01
9.666034232135541915e-01
9.974713429195379844e-01
1.032053667499596150e+00
1.070407883569659546e+00
1.112263395313740411e+00
1.156825075466750397e+00
1.202550129956843072e+00
1.246970337006826135e+00
1.286693895255661246e+00
1.317751161277948446e+00
1.336364164382013442e+00
1.339976843464333767e+00
1.328105141887126805e+00
1.302533183570459441e+00
1.266728802276944954e+00
1.224815344641385417e+00
1.180613344876598303e+00
1.137076850717340104e+00
1.096150027674655858e+00
1.058895016890356144e+00
1.025724574334267336e+00
9.966315208479910037e-01
9.713691541817882635e-01
9.495754833157901142e-01
9.308508303173627096e-01
9.148021318576697869e-01
9.010655811757992684e-01
8.893161393030434292e-01
8.792695911869040648e-01
8.706806897479022478e-01
8.633394908199651940e-01
8.570670679452420115e-01
8.517112408586222649e-01
8.471426264242692961e-01
8.432511373116498010e-01
8.399429547366793480e-01
8.371379517296576589e-01
8.347675212494561903e-01
8.327727564217546341e-01
8.311029309343227478e-01
8.297142320441178720e-01
8.285687044686391722e-01
8.276333694534387941e-01
8.268794889437224294e-01
8.262819497939365432e-01
8.258187472590173828e-01
8.254705506490556122e-01
8.252203370619304312e-01
8.250530816156955716e-01
8.249554946647917886e-01
8.249157981748362900e-01
8.249235348148045155e-01
8.249694044575376362e-01
8.250451237061897647e-01
8.251433048230235601e-01
8.252573510594950479e-01
8.253813658979411993e-01
8.255100741364719275e-01
8.256387530960049848e-01
8.257631725161983516e-01
8.258795419455901010e-01
8.259844646300145143e-01
8.260748970692635140e-01
8.261481135511231644e-01
8.262016750890223138e-01
8.262334022884307849e-01
8.262413517513098604e-01
8.262237956996454358e-01
8.261792045607226909e-01
8.261062323100439864e-01
8.260037044141884666e-01
8.258706082563763706e-01
8.257060859635105832e-01
8.255094295854485953e-01
8.252800786060603411e-01
8.250176197919669718e-01
8.247217894093509249e-01
8.243924778618444416e-01
8.240297368248550303e-01
8.236337889730345196e-01
8.232050404196018523e-01
8.227440960088204802e-01
8.222517776274562706e-01
8.217291457279919387e-01
8.211775242871560687e-01
8.205985294595391499e-01
8.199941022288553816e-01
8.193665454117002866e-01
8.187185654325390693e-01
8.180533193675859627e-01
8.173744678533858554e-01
8.166862345779039023e-01
8.159934732242919431e-01
8.153017429273724526e-01
8.146173935399868560e-01
8.139476623019704649e-01
8.133007838734716000e-01
8.126861161544486345e-01
8.121142848865303687e-01
8.115973507506848428e-01
8.111490035708542878e-01
8.107847893561925812e-01
8.105223773222864914e-01
8.103818757996644750e-01
8.103862081628399050e-01
8.105615627175748461e-01
8.109379340234470490e-01
8.115497775991864504e-01
8.124368056022341911e-01
8.136449581867388758e-01
8.152275941710632745e-01
8.172469557642878524e-01
8.197759757714313533e-01
8.229005121426665736e-01
8.267221137921233476e-01
8.313614422401921500e-01
8.369624929224365184e-01
8.436977713189149908e-01
8.517745685063579097e-01
8.614424206734087042e-01
8.730016742907567018e-01
8.868127130882519360e-01
9.033046526232887397e-01
9.229808530592483740e-01
9.464159102469015261e-01
9.742340675104337322e-01
1.007051317814090519e+00
1.045352523203837869e+00
1.089263366059331384e+00
1.138176244644987900e+00
1.190228266034691451e+00
1.241755960477211929e+00
1.287087396772870873e+00
1.319240233786291183e+00
1.331867455209788220e+00
1.321824170334941151e+00
1.290711072782222857e+00
1.244152491177001441e+00
1.189378107492185865e+00
1.132839891064185700e+00
1.079010734753689249e+00
1.030330974213347739e+00
9.877197273192251936e-01
9.511658097257240652e-01
9.201839773709681314e-01
8.941039884983098540e-01
8.722299736994033603e-01
8.539169291025138220e-01
8.386001582290338874e-01
8.258004624797511406e-01
8.151181613120696001e-01
8.062229029763910981e-01
7.988427089531762171e-01
7.927537940472821898e-01
7.877717296781590051e-01
7.837440481138254755e-01
7.805441793695857555e-01
7.780665386762750657e-01
7.762225712662180754e-01
7.749375770645509087e-01
7.741481630797591995e-01
7.738001976101174240e-01
7.738471643287330171e-01
7.742488347127626236e-01
7.749701940546541712e-01
7.759805697964604621e-01
7.772529216646196781e-01
7.787632615589583640e-01
7.804901778157978809e-01
7.824144436999018737e-01
7.845186940909995021e-01
7.867871575631077974e-01
7.892054336010871918e-01
7.917603067103013981e-01
7.944395907682634261e-01
7.972319982334805655e-01
8.001270298364879796e-01
8.031148811866344328e-01
8.061863633777225369e-01
8.093328352000375148e-01
8.125461449909349154e-01
8.158185805019620984e-01
8.191428254430133116e-01
8.225119215964378228e-01
8.259192355855269341e-01
8.293584295412925744e-01
8.328234350443283196e-01
8.363084298305745179e-01
8.398078168446388991e-01
8.433162053051820317e-01
8.468283935169009791e-01
8.503393532241962927e-01
8.538442153551263347e-01
8.573382570517575907e-01
8.608168899257140350e-01
8.642756495166291630e-01
