5.029222070557998404e-05
6.124614719598126379e-05
7.391233302866094274e-05
8.846349700857049901e-05
1.050810674502832660e-04
1.239551895301523705e-04
1.452847198359335634e-04
1.692772070638135363e-04
1.961488577969313794e-04
2.261244862851968622e-04
2.594374471339863067e-04
2.963295497996264139e-04
3.370509537830298575e-04
3.818600434098334872e-04
4.310232810865567503e-04
4.848150379280444255e-04
5.435174006624285620e-04
6.074199537364675071e-04
6.768195355670140762e-04
7.520199679139839182e-04
8.333317573871086310e-04
9.210717681434382655e-04
1.015562864885516305e-03
1.117133525331831393e-03
1.226117421401979593e-03
1.342852968439402954e-03
1.467682841884859887e-03
1.600953460914301529e-03
1.743014438665811336e-03
1.894217998801811130e-03
2.054918358285078885e-03
2.225471076389981279e-03
2.406232370124123093e-03
2.597558396399359329e-03
2.799804501465468897e-03
3.013324438303406107e-03
3.238469552868019925e-03
3.475587940271382924e-03
3.725023572206830579e-03
3.987115397129150154e-03
4.262196414927708725e-03
4.550592728053998171e-03
4.852622571293568020e-03
5.168595322601416721e-03
5.498810497648679886e-03
5.843556730955151192e-03
6.203110746704642089e-03
6.577736322556275786e-03
6.967683249972473833e-03
7.373186294782266628e-03
7.794464161881942826e-03
8.231718468145663575e-03
8.685132727769389813e-03
9.154871354404748793e-03
9.641078684549157785e-03
1.014387802674553835e-02
1.066337074120499509e-02
1.119963535449851506e-02
1.175272671396738328e-02
1.232267518647276253e-02
1.290948590604670126e-02
1.351313807491121184e-02
1.413358432220735046e-02
1.477075012461277065e-02
1.542453329283269108e-02
1.609480352771873804e-02
1.678140204950846065e-02
1.748414130338553710e-02
1.820280474423338277e-02
1.893714670310645692e-02
1.968689233755996013e-02
2.045173766758019707e-02
2.123134969843254102e-02
2.202536663130310116e-02
2.283339816215862808e-02
2.365502586878047431e-02
2.448980368546281594e-02
2.533725846438741533e-02
2.619689062222128537e-02
2.706817487001573347e-02
2.795056102403288556e-02
