7.780182807244513388e-01
7.911277991352481109e-01
8.042384806340938663e-01
8.173503966025628120e-01
8.304636250636547867e-01
8.435782403214512337e-01
8.566943045010195767e-01
8.698118621650113846e-01
8.829309384195044297e-01
8.960515402379577443e-01
9.091736602264534062e-01
9.222972817759141906e-01
9.354223845002297422e-01
9.485489490078464758e-01
9.616769603370796116e-01
9.748064097305219056e-01
9.879372947622244716e-01
1.001069618107671033e+00
1.014203385425545889e+00
1.027338602889224406e+00
1.040475274872163736e+00
1.053613402178445790e+00
1.066752981049789550e+00
1.079894003008152747e+00
1.093036455439558408e+00
1.106180322712303488e+00
1.119325587563719582e+00
1.132472232485038477e+00
1.145620240875848239e+00
1.158769597813689600e+00
1.171920290372900464e+00
1.185072307513014289e+00
1.198225639626421257e+00
1.211380277879019252e+00
1.224536213492204650e+00
1.237693437102182381e+00
1.250851938299034849e+00
1.264011705402211971e+00
1.277172725480423043e+00
1.290334984580983502e+00
1.303498468102869845e+00
1.316663161232230150e+00
1.329829049359831483e+00
1.342996118413714468e+00
1.356164355063860016e+00
1.369333746782896988e+00
1.382504281773393018e+00
1.395675948793121623e+00
1.408848736922711620e+00
1.422022635323790807e+00
1.435197633030829367e+00
1.448373718808501964e+00
1.461550881091076004e+00
1.474729108004217082e+00
1.487908387455667336e+00
1.501088707271147848e+00
1.514270055347284760e+00
1.527452419793823069e+00
1.540635789042731130e+00
1.553820151909977243e+00
1.567005497605532982e+00
1.580191815696341928e+00
1.593379096034230891e+00
1.606567328665278183e+00
1.619756503738105424e+00
1.632946611426787431e+00
1.646137641879569014e+00
1.659329585199024182e+00
1.672522431453292269e+00
1.685716170712737272e+00
1.698910793102972105e+00
1.712106288863186387e+00
1.725302648399328120e+00
1.738499862323579892e+00
1.751697921474856035e+00
1.764896816918870348e+00
1.778096539929810982e+00
1.791297081958560744e+00
1.804498434594082212e+00
1.817700589525002908e+00
1.830903538507606898e+00
1.844107273344722131e+00
1.857311785877635346e+00
1.870517067990799420e+00
1.883723111626943281e+00
1.896929908808776322e+00
1.910137451662648589e+00
1.923345732439889488e+00
1.936554743532146183e+00
1.949764477478670655e+00
1.962974926964838218e+00
1.976186084812885158e+00
1.989397943966980664e+00
2.002610497475422413e+00
2.015823738473064619e+00
2.029037660166647772e+00
2.042252255824934526e+00
2.055467518774633184e+00
2.068683442402011963e+00
2.081900020159097586e+00
2.095117245572810649e+00
2.108335112254998922e+00
2.121553613911387970e+00
2.134772744347888551e+00
2.147992497473187878e+00
2.161212867297459539e+00
2.174433847927448316e+00
2.187655433559005491e+00
2.200877618468310093e+00
2.214100397003156306e+00
2.227323763575584259e+00
2.240547712656782764e+00
2.253772238774644610e+00
2.266997336514034345e+00
2.280223000519247645e+00
2.293449225497851796e+00
2.306676006225045761e+00
2.319903337547486455e+00
2.333131214385943508e+00
2.346359631736179896e+00
2.359588584667981159e+00
2.372818068322422924e+00
2.386048077907927834e+00
2.399278608695608828e+00
2.412509656014664827e+00
2.425741215248377713e+00
2.438973281831208428e+00
2.452205851247180934e+00
2.465438919029665055e+00
2.478672480762164732e+00
2.491906532079933179e+00
2.505141068671805193e+00
2.518376086281865156e+00
2.531611580710491971e+00
2.544847547814624633e+00
2.558083983507005499e+00
2.571320883754650843e+00
2.584558244576571351e+00
2.597796062041187959e+00
2.611034332263746371e+00
2.624273051403959833e+00
2.637512215664256754e+00
2.650751821288654053e+00
2.663991864562329503e+00
2.677232341811811800e+00
2.690473249405530787e+00
2.703714583754543099e+00
2.716956341313220946e+00
2.730198518579632250e+00
2.743441112095502454e+00
2.756684118445711373e+00
2.769927534257293988e+00
2.783171356198137936e+00
2.796415580975426529e+00
2.809660205334090666e+00
2.822905226055362871e+00
2.836150639955648423e+00
2.849396443885713115e+00
2.862642634730236502e+00
2.875889209407735514e+00
2.889136164870656831e+00
2.902383498105615356e+00
2.915631206133652231e+00
2.928879286010264149e+00
2.942127734825310093e+00
2.955376549702613431e+00
2.968625727799333980e+00
2.981875266305131778e+00
2.995125162441205635e+00
3.008375413459307257e+00
3.021626016640841961e+00
3.034876969296069760e+00
3.048128268763504956e+00
3.061379912409552428e+00
3.074631897628290478e+00
3.087884221841414423e+00
3.101136882498235270e+00
3.114389877075712576e+00
3.127643203078415368e+00
3.140896858038317863e+00
3.154150839514565874e+00
3.167405145093000307e+00
3.180659772385637130e+00
3.193914719030036320e+00
3.207169982688629517e+00
3.220425561048135155e+00
3.233681451819002461e+00
3.246937652734946944e+00
3.260194161552657288e+00
3.273450976051536010e+00
3.286708094033611083e+00
3.299965513323421362e+00
3.313223231767937094e+00
3.326481247236506178e+00
3.339739557620666766e+00
3.352998160833899899e+00
3.366257054811369276e+00
3.379516237509511356e+00
3.392775706905616584e+00
3.406035460997391962e+00
3.419295497802528061e+00
3.432555815358302009e+00
3.445816411721243977e+00
3.459077284966847188e+00
3.472338433189416484e+00
3.485599854501848061e+00
3.498861547035581943e+00
3.512123508940435013e+00
3.525385738384526846e+00
3.538648233554136269e+00
3.551910992653517507e+00
3.565174013904636396e+00
3.578437295546962993e+00
3.591700835837122519e+00
3.604964633048609812e+00
3.618228685471468697e+00
3.631492991411978011e+00
3.644757549192451762e+00
3.658022357150954029e+00
3.671287413641176389e+00
3.684552717032239411e+00
3.697818265708622043e+00
3.711084058070019509e+00
3.724350092531226952e+00
3.737616367522055505e+00
3.750882881487139109e+00
3.764149632885777308e+00
3.777416620191763386e+00
3.790683841893098371e+00
3.803951296491834277e+00
3.817218982503820524e+00
3.830486898458457468e+00
3.843755042898538310e+00
3.857023414380041704e+00
3.870292011471997640e+00
3.883560832756341341e+00
3.896829876827806238e+00
3.910099142293829377e+00
3.923368627774437289e+00
3.936638331902134968e+00
3.949908253321795737e+00
3.963178390690510255e+00
3.976448742677468839e+00
3.989719307963749628e+00
4.002990085242169371e+00
4.016261073217142652e+00
4.029532270604458510e+00
4.042803676131156543e+00
4.056075288535391898e+00
4.069347106566261196e+00
4.082619128983750123e+00
4.095891354558580666e+00
4.109163782072160487e+00
4.122436410316450583e+00
4.135709238093890683e+00
4.148982264217312199e+00
4.162255487509799678e+00
4.175528906804604645e+00
4.188802520945005270e+00
4.202076328784161596e+00
4.215350329185010736e+00
4.228624521020121207e+00
4.241898903171574808e+00
4.255173474530832500e+00
4.268448233998650032e+00
4.281723180484966029e+00
4.294998312908830940e+00
4.308273630198309334e+00
4.321549131290384871e+00
4.334824815130922993e+00
4.348100680674567897e+00
4.361376726884623523e+00
4.374652952732999367e+00
4.387929357200108349e+00
4.401205939274769996e+00
4.414482697954051460e+00
4.427759632243231103e+00
4.441036741155681256e+00
4.454314023712758974e+00
4.467591478943715444e+00
4.480869105885643577e+00
4.494146903583375874e+00
4.507424871089392937e+00
4.520703007463819034e+00
4.533981311774303080e+00
4.547259783095943142e+00
4.560538420511257129e+00
4.573817223110072661e+00
4.587096189989443573e+00
4.600375320253610845e+00
4.613654613013880024e+00
4.626934067388552840e+00
4.640213682502844605e+00
4.653493457488811380e+00
4.666773391485277145e+00
4.680053483637749423e+00
4.693333733098376648e+00
4.706614139025879773e+00
4.719894700585490099e+00
4.733175416948877334e+00
4.746456287294104293e+00
4.759737310805584265e+00
4.773018486673988647e+00
4.786299814096195426e+00
4.799581292275235000e+00
4.812862920420201363e+00
4.826144697746209467e+00
4.839426623474320621e+00
4.852708696831454560e+00
4.865990917050370790e+00
4.879273283369592207e+00
4.892555795033343813e+00
4.905838451291497648e+00
4.919121251399524830e+00
4.932404194618485782e+00
4.945687280214889014e+00
4.958970507460740862e+00
4.972253875633429132e+00
4.985537384015689355e+00
4.998821031895577249e+00
5.012104818566355924e+00
5.025388743326515417e+00
5.038672805479642136e+00
5.051957004334449941e+00
5.065241339204632709e+00
5.078525809408910519e+00
5.091810414270925733e+00
5.105095153119197704e+00
5.118380025287094348e+00
5.131665030112814385e+00
5.144950166939303848e+00
5.158235435114220557e+00
5.171520833989891486e+00
5.184806362923307432e+00
5.198092021276043084e+00
5.211377808414199286e+00
5.224663723708380836e+00
5.237949766533665397e+00
5.251235936269538662e+00
5.264522232299863269e+00
5.277808654012805079e+00
5.291095200800834952e+00
5.304381872060690561e+00
5.317668667193307996e+00
5.330955585603780911e+00
5.344242626701383614e+00
5.357529789899465378e+00
5.370817074615469089e+00
5.384104480270833548e+00
5.397392006291031663e+00
5.410679652105491400e+00
