1.047880984657972442e-01
1.076816890324229781e-01
1.105218233118921145e-01
1.133108670194589163e-01
1.160509512781876945e-01
1.187440102703390815e-01
1.213918117380583528e-01
1.239959818790433849e-01
1.265580258065436559e-01
1.290793444682986346e-01
1.315612487159119881e-01
1.340049710642568503e-01
1.364116755656914759e-01
1.387824661362027090e-01
1.411183936030573904e-01
1.434204616910504659e-01
1.456896321233185632e-01
1.479268289802285197e-01
1.501329424340480112e-01
1.523088319564584459e-01
1.544553290793447831e-01
1.565732397758300976e-01
1.586633465175569802e-01
1.607264100552391606e-01
1.627631709621161771e-01
1.647743509738404666e-01
1.667606541532531406e-01
1.687227679042813955e-01
1.706613638556451207e-01
1.725770986320952771e-01
1.744706145283936582e-01
1.763425400991244507e-01
1.781934906756304504e-01
1.800240688198292693e-01
1.818348647233605786e-01
1.836264565593955511e-01
1.853994107934734681e-01
1.871542824589091381e-01
1.888916154015978788e-01
1.906119424984288879e-01
1.923157858529850883e-01
1.940036569717411008e-01
1.956760569235706237e-01
1.973334764850248613e-01
1.989763962735307812e-01
2.006052868703990799e-01
2.022206089352891201e-01
2.038228133135811249e-01
2.054123411379152053e-01
2.069896239250123560e-01
2.085550836687342646e-01
2.101091329302389732e-01
2.116521749259577256e-01
2.131846036140410128e-01
2.147068037798256501e-01
2.162191511208063910e-01
2.177220123315263545e-01
2.192157451887389030e-01
2.207006986371526369e-01
2.221772128760067799e-01
2.236456194467032477e-01
2.251062413216672331e-01
2.265593929945886320e-01
2.280053805721601046e-01
2.294445018674049486e-01
2.308770464946648393e-01
2.323032959662931496e-01
2.337235237910916807e-01
2.351379955744952732e-01
2.365469691205144276e-01
2.379506945354148140e-01
2.393494143331146573e-01
2.407433635422631946e-01
2.421327698149552399e-01
2.435178535370353115e-01
2.448988279399238188e-01
2.462758992139108538e-01
2.476492666228372608e-01
2.490191226200955399e-01
2.503856529658646801e-01
2.517490368455009286e-01
