0.24812788577193212 0.13679468156535712
0.2869669809490555 0.20709815396602993
0.3222752492918949 0.281324137702363
0.3575835176347344 0.3603778276979699
0.38936095914328983 0.43701766456393987
0.4176075738175613 0.5056616129379874
0.4458541884918329 0.5727969031060121
0.47410080316610437 0.6391778641710255
0.5058782446746598 0.7097830682129032
0.5411865130174993 0.7773709558427346
0.5835564350289065 0.847372696602203
0.6471113180460175 0.9170452755712666
0.7247895084002642 0.9535273740078232
0.802467698754511 0.9455726307397021
0.8801458891087577 0.9085419293191368
0.9578240794630042 0.864653690598467
1.035502269817251 0.8306403055899478
1.1131804601714976 0.8169252309897383
1.1908586505257444 0.8237827682898429
1.268536840879991 0.84846990257022
1.3462150312342378 0.8780944637066721
1.4238932215884845 0.9066218188751076
1.5015714119427312 0.9244514158553794
1.579249602296978 0.9318575561394926
1.6569277926512245 0.9274687322674255
1.7346059830054712 0.9175938785552749
1.812284173359718 0.9101877382711621
1.8899623637139646 0.9049760099230824
1.9676405540682114 0.9077190248431242
2.045318744422458 0.9156737681112457
2.1229969347767046 0.9277430337594299
2.2006751251309513 0.9398122994076141
2.278353315485198 0.9485899471517478
2.3560315058394448 0.952704469531811
2.4337096961936915 0.9554474844518528
2.511387886547938 0.9529787710238153
2.589066076902185 0.9518815650557984
2.6667442672564317 0.951607263563794
2.7444224576106784 0.9535273740078232
2.822100647964925 0.9576418963878863
2.899778838319172 0.9634022277199743
2.9774570286734185 0.9694368605440666
3.0551352190276653 0.9746485888921459
3.132813409381912 0.9784888097802047
3.2104915997361587 0.9806832217162378
3.2881697900904054 0.9831519351442757
3.365847980444652 0.9831519351442757
3.443526170798899 0.9831519351442757
3.5212043611531456 0.9839748396202883
3.5988825515073923 0.9891865679683676
3.676560741861638 0.9897351709523758
3.754238932215885 0.9933010903484307
3.8319171225701316 0.9965927082524808
3.9095953129243783 0.9998843261565309
3.987273503278625 1.0012558336165518
4.064951693632872 1.0012558336165518
4.1426298839871185 1.0012558336165518
4.220308074341365 1.0012558336165518
4.297986264695612 1.0050960545046106
4.375664455049859 1.0072904664406441
4.453342645404105 1.008661973900665
4.531020835758352 1.0114049888207068
4.608699026112599 1.0141480037407486
4.686377216466846 1.0163424156767822
4.764055406821092 1.0163424156767822
4.841733597175339 1.0177139231368035
4.919411787529586 1.019085430596824
4.982966670546697 1.0193597320888284
