0.999524166120628 1.5907231040564374
1.0456644513089335 1.6749823633156966
1.1012694103820195 1.7585728982951205
1.1450435270991297 1.812070840681952
1.1947330649942278 1.8595502645502646
1.2621688664232895 1.9031389289722624
1.3402524259727295 1.9306782106782108
1.4183359855221693 1.9377910052910052
1.4908984853054872 1.930880854399373
1.57551717682299 1.9137169312169313
1.6605724827607726 1.8906459435626104
1.7391884302162313 1.8663712522045857
1.8158522886829542 1.8433185024851693
1.8939358482323942 1.820703463203463
1.9720194077818343 1.7999122174122175
2.0501029673312736 1.7805800064133397
2.1281865268807136 1.7648953823953826
2.2062700864301537 1.750305034471701
2.2843536459795937 1.7386327561327564
2.3624372055290337 1.7275076158409493
2.4405207650784737 1.7182062690396025
2.5186043246279137 1.7107287157287159
2.596687884177353 1.7039806798140131
2.674771443726793 1.6977797819464486
2.752855003276233 1.6937674362674362
2.830938562825673 1.6906669873336542
2.909022122375113 1.68902557319224
2.987105681924553 1.6870194003527337
3.065189241473993 1.6884784351451019
3.143272801023432 1.68902557319224
3.1858638335049454 1.68902557319224
3.6046756529064865 1.7050749559082892
3.6827592124559265 1.7050749559082892
3.728899497644232 1.7050749559082892
4.002191956067271 1.6966855058521726
4.080275515616711 1.6948617123617125
4.158359075166151 1.6915788840788841
4.2364426347155915 1.6886608144941477
4.3145261942650315 1.6859251242584576
4.3926097538144715 1.6841013307679975
4.470693313363911 1.6824599166265832
4.548776872913351 1.679541847041847
4.626860432462791 1.677718053551387
4.704943992012231 1.6760766394099726
4.783027551561671 1.6746176046176047
4.861111111111111 1.6729761904761906
4.939194670660551 1.6729761904761906
