-0.12913819463945772 0.0018342151675483365
-0.002784798277636835 0.0006305114638447407
0.06252145152734928 0.00456990540323865
0.1406050110767892 0.010223665223665357
0.21868857062622904 0.03302108385441693
0.2896736247620836 0.07205026455026431
0.34291241536397443 0.11718915343915315
0.38195419513869433 0.160321869488536
0.41389746949982886 0.2014484126984124
0.44229149115417066 0.24508267195767175
0.47068551280851234 0.29122464726631403
0.4955302817560615 0.3375338036449147
0.5168257979968178 0.3776572604350381
0.5381213142375741 0.4244679600235155
0.5594168304783305 0.4692724867724867
0.5807123467190868 0.5207642563198118
0.6055571156666358 0.5786089065255731
0.6268526319073922 0.629097589653145
0.6481481481481485 0.6872766019988241
0.6694436643889049 0.743449441504997
0.6900293300883027 0.8006922398589065
0.7056460419981907 0.8496428571428571
0.7262317076975884 0.9042776308054086
0.7468173733969863 0.9627910052910054
0.7617242347655155 1.0079298941798942
0.776631096134045 1.0538712522045854
0.7972167618334429 1.110244708994709
0.8185122780741991 1.1700955320399766
0.839097943773597 1.2231922398589063
0.854714655683485 1.2725440917107584
0.8735256950294865 1.320892857142857
0.8930465849168463 1.3767313345091123
0.9143421011576027 1.4295605526161084
0.9356376173983592 1.4783774250440918
0.9569331336391154 1.5278630217519107
0.9782286498798718 1.5699926513815403
0.999524166120628 1.6154659024103468
1.024368935068177 1.6609391534391533
1.052762956722519 1.707582671957672
1.0847062310836535 1.7564329805996475
1.1201987581515807 1.801772486772487
1.1627897906330933 1.8469400352733687
1.2195778339417769 1.891871938075642
1.2905628880776314 1.9273953823953824
1.3686464476270712 1.945086179252846
1.446730007176511 1.945633317299984
1.524813566725951 1.933778659611993
1.6028971262753908 1.9151759660092993
1.6809806858248308 1.8931080647747316
1.7590642453742709 1.8697635080968413
1.8371478049237104 1.8473308481641815
1.9152313644731505 1.8265396023729359
1.9933149240225905 1.8088488055154723
2.0713984835720307 1.7931641814975148
2.14948204312147 1.7798504890171558
2.22756560267091 1.7683605900272568
2.30564916222035 1.758694484527818
2.38373272176979 1.749393137726471
2.46181628131923 1.7415508257174923
2.53989984086867 1.7337085137085138
2.61798340041811 1.7262309603976271
2.696066959967549 1.7203948212281546
2.774150519516989 1.71419392336059
2.852234079066429 1.7092696809363477
2.930317638615869 1.7047101972101972
3.008401198165309 1.700697851531185
3.086484757714749 1.6985092993426327
3.164568317264189 1.6963207471540804
3.2426518768136283 1.6950440917107583
3.3207354363630683 1.6950440917107583
3.3988189959125084 1.6950440917107583
3.4769025554619484 1.6950440917107583
3.5549861150113884 1.6950440917107583
3.6330696745608284 1.6950440917107583
3.7111532341102684 1.6955912297578966
3.7892367936597084 1.6988740580407247
3.8673203532091485 1.7012449895783228
3.9454039127585876 1.7045278178611514
4.023487472308028 1.7090873015873016
4.101571031857468 1.7149234407567742
4.179654591406908 1.7216714766714767
4.257738150956348 1.7300609267275933
4.335821710505788 1.7389975148308483
4.413905270055228 1.7473869648869649
4.491988829604668 1.7557764149430817
4.570072389154107 1.7641658649991983
4.648155948703547 1.7714610389610388
4.726239508252987 1.7767500400833733
4.804323067802427 1.781127144460478
4.882406627351867 1.7836804553471222
4.960490186901307 1.7853218694885362
5.003081219382819 1.7853218694885362
