-0.12260893182788163 -0.021614430067060653
0.03980910254917969 0.0003296892932742601
0.11748729290342635 0.0178849847815421
0.18457300275482125 0.07192237870636697
0.23400457843479638 0.14031488404607773
0.27284367361191975 0.21252932350771303
0.3046211151204752 0.2816258693435678
0.33286772979474677 0.351024146820627
0.36111434446901824 0.424194069812744
0.38583013230900587 0.49334090425546595
0.4105459201489935 0.5607276374578278
0.43879253482326497 0.6384235350680139
0.46703914949753655 0.7115934580601309
0.49528576417180803 0.7825003937432129
0.5270632056803635 0.8522004028614769
0.5659023008574868 0.9243142651093774
0.6188647033717459 0.9962269729298088
0.6894812400574248 1.0415781529411676
0.7671594304116716 1.0366407260850923
0.8448376207659183 0.993849693332439
0.9225158111201648 0.9403609023916228
1.0001940014744115 0.8961983621789482
1.0778721918286582 0.8797402726586974
1.155550382182905 0.8937296487509108
1.2332285725371517 0.9326804606155052
1.3109067628913984 0.979037412764213
1.3885849532456451 1.0199083350728366
1.4662631435998918 1.0448697708452177
1.5439413339541386 1.0495328962092887
1.6216195243083853 1.041029549957159
1.699297714662632 1.0242971589449037
1.7769759050168787 1.0108563858366986
1.8546540953711255 1.0094848783766777
1.9323322857253722 1.0267658723729416
2.0100104760796187 1.056939036493402
2.0876886664338654 1.0994557677540509
2.165366856788112 1.1419724990146998
2.243045047142359 1.1792775019272694
2.3207232374966056 1.2058847466516753
2.3984014278508523 1.218228313791864
2.476079618205099 1.218228313791864
2.5537578085593458 1.2086277615717171
2.6314359989135925 1.1957355914475207
2.709114189267839 1.184763531767353
2.786792379622086 1.1855864362433657
2.8644705699763326 1.2075305556037006
2.938617933496295 1.2553138755108302
2.998641989679122 1.3180740568813878
3.0410119116905294 1.3790238484047181
3.0763201800333686 1.4435944196225037
3.1080976215419245 1.5081649908402892
3.136344236216196 1.572282964596268
3.164590850890467 1.6454528875883847
3.1928374655647387 1.7193771396835131
3.2210840802390104 1.8031076701177913
3.245799868078998 1.8772833652472567
3.2669848290847012 1.9486931869990134
3.2881697900904054 2.0120568316519805
3.3093547510961088 2.083466653403737
3.330539712101813 2.1518591587434477
3.3517246731075163 2.221257436220507
3.3729096341132196 2.291661485834915
3.394094595118924 2.3560309026252306
3.415279556124627 2.421406091552895
3.4399953439646147 2.4940731284763378
3.4682419586388864 2.5732776842925467
3.496488573313158 2.644184619975629
3.528266014821713 2.7181088720707574
3.5635742831645523 2.788714076112635
3.60594420517596 2.8581985626300384
3.662437434524503 2.9263037045019353
3.7330539712101816 2.977323782014714
3.8107321615644283 2.9998165043590572
3.888410351918675 2.9957019819789945
3.9660885422729217 2.975952274554693
4.0437667326271685 2.946327713418241
4.121444922981415 2.9087484090136675
4.199123113335662 2.86897469267306
4.276801303689909 2.8297495793164615
4.354479494044155 2.7905244659598627
4.432157684398402 2.752396558571281
4.509835874752649 2.716188761626728
4.5875140651068955 2.682175376618209
4.665192255461142 2.64816199160969
4.742870445815389 2.6155201140611917
4.820548636169636 2.5845240454647183
4.898226826523882 2.5535279768682453
4.972374190043845 2.524095426776196
