0.2934249759943396 0.13517602420633068
0.33587709101935603 0.20023053647759514
0.36771617728811834 0.2580987944863362
0.39601758730479597 0.31798424667403147
0.4243189973214736 0.3822823111281881
0.44908273108606656 0.43943614619854987
0.4703087885985747 0.49070649824696266
0.4915348461110829 0.5436578454445034
0.5127609036235912 0.5982901877911724
0.5339869611360993 0.6529225301378419
0.5552130186486076 0.7092358676336392
0.5799767524132005 0.7724833101195911
0.6047404861777934 0.8353105038182607
0.6295042199423864 0.8954060803995969
0.657805629959064 0.9609648912155999
0.6861070399757416 1.0195895970414488
0.7179461262445039 1.082752989769944
0.7533228887653509 1.1437731136833007
0.7922373275382826 1.2005066999663803
0.8417647950674685 1.2562947264780753
0.9089806438570778 1.304231741554637
0.9868095214029413 1.324862136566666
1.0646383989488046 1.3200483777305256
1.1424672764946682 1.2971257166060493
1.2202961540405315 1.2664093506992504
1.298125031586395 1.2375267976824098
1.3759539091322586 1.2150625897804228
1.4537827866781219 1.2017674463282266
1.5316116642239854 1.1997044068270235
1.6094405417698487 1.2056642987193875
1.6872694193157123 1.217125629281626
1.7650982968615756 1.2292746396775984
1.8429271744074394 1.240506743628592
1.9207560519533027 1.2489881282446484
1.998584929499166 1.25242652741332
2.0764138070450295 1.25242652741332
2.1542426845908933 1.2515096209683407
2.232071562136756 1.2480712217996692
2.30990043968262 1.2446328226309977
2.3877293172284837 1.2423405565185501
2.4655581947743466 1.2425697831297948
2.5433870723202103 1.2450912758534871
2.621215949866073 1.2492173548558931
2.699044827411937 1.2535726604695436
2.7768737049578007 1.2576987394719492
2.8547025825036636 1.2606786854181313
2.9325314600495274 1.2636586313643132
3.010360337595391 1.2648047644205371
3.088189215141254 1.2648047644205371
3.1660180926871178 1.2648047644205371
3.2438469702329815 1.2648047644205371
3.3216758477788444 1.2648047644205371
3.399504725324708 1.2666385773104953
3.477333602870572 1.2673262571442296
3.555162480416435 1.2673262571442296
3.6329913579622986 1.268930843422943
3.7108202355081614 1.2721400159803695
3.788649113054025 1.2723692425916144
3.866477990599889 1.274661508704062
3.944306868145752 1.275578415149041
4.022135745691616 1.2774122280389992
4.0999646232374785 1.2774122280389992
4.177793500783342 1.2774122280389992
4.255622378329206 1.2778706812614886
4.333451255875069 1.2799337207626917
4.411280133420933 1.2799337207626917
4.489109010966796 1.2799337207626917
4.566937888512659 1.2799337207626917
4.644766766058523 1.2822259868751393
4.722595643604387 1.2824552134863842
4.80042452115025 1.2824552134863842
4.878253398696113 1.2829136667088736
4.956082276241977 1.2872689723225241
