0.03871228584424108 -0.0025891691517743176
0.11654116339010451 0.007038348520506332
0.19083236468388332 0.04213294270207957
0.24743518471723847 0.09315114547812309
0.28634962349017024 0.14475769655636173
0.3217263860110172 0.20275202920128743
0.3535654722797795 0.26440252629556715
0.38186688229645716 0.32302723212141604
0.4101682923131348 0.3911075356611118
0.43493202607772774 0.4512031122424478
0.4561580835902359 0.5066759521636812
0.4773841411027442 0.5629892896594786
0.49861019861525235 0.6226646174535331
0.5198362561277605 0.684020940396715
0.5410623136402688 0.7428557706162051
0.562288371152777 0.8050525911339514
0.5835144286652852 0.8622064262043132
0.6047404861777934 0.9202007588492391
0.6295042199423864 0.9836583257288316
0.6542679537069793 1.0437539023101678
0.679031687471572 1.1002773641996064
0.7073330974882497 1.1595324432063785
0.739172183757012 1.2174007012151196
0.7780866225299439 1.2790932231881276
0.8276140900591296 1.3372976802266945
0.8948299388487391 1.3853779619352842
0.9726588163946024 1.4027991843898864
1.050487693940466 1.390420947382669
1.1283165714863292 1.3610799411433387
1.2061454490321928 1.3257790430116447
1.283974326578056 1.295291903716091
1.3618032041239196 1.274890735315307
1.4396320816697832 1.2682431635892086
1.5174609592156465 1.274890735315307
1.59528983676151 1.2907073714911956
1.6731187143073736 1.3101916334470007
1.750947591853237 1.3280713091240925
1.8287764693991002 1.3425125856325129
1.906605346944964 1.3507647436373245
1.9844342244908273 1.353286236361017
2.062263102036691 1.3516816500823035
2.1400919795825537 1.3484724775248766
2.2179208571284175 1.3441171719112264
2.2957497346742812 1.3429710388550022
2.373578612220144 1.348243250913632
2.451407489766008 1.3544323694172407
2.5292363673118716 1.3640598870895209
2.6070652448577345 1.37460431120678
2.6848941224035983 1.3842318288790603
2.762722999949462 1.393171666717606
2.840551877495325 1.4014238247224176
2.9183807550411887 1.4087590762822502
2.9962096325870524 1.4179281407320408
3.0740385101329153 1.4298479245167688
3.151867387678779 1.448415280027595
3.229696265224642 1.4752347935432322
3.3075251427705057 1.5096187852299472
3.3853540203163694 1.5531718413664528
3.4631828978622323 1.602914016006567
3.541011775408096 1.6581576293165556
3.6153029767018747 1.7118654243312041
3.6895941779956534 1.76658181643533
3.767423055541517 1.8225131095790528
3.84525193308738 1.876152136610328
3.9230808106332438 1.927269670917911
4.0009096881791075 1.9747195794455774
4.07873856572497 2.0196479952495516
4.156567443270834 2.060908785273609
4.234396320816698 2.0998773091852194
4.312225198362561 2.1349489807056687
4.390054075908425 2.1674991595024258
4.467882953454287 2.196381712519266
4.545711831000151 2.2222843195899245
4.623540708546015 2.2438316210469327
4.701369586091878 2.2617112967240245
4.779198463637742 2.2750064401762207
4.857027341183605 2.2839462780147666
4.934856218729468 2.289676943295886
4.984383686258655 2.2910523029633545
