-2.172270283633799703e+00
-2.172098899402336247e+00
-2.171584811692076400e+00
-2.170728215417432327e+00
-2.169529435309221377e+00
-2.167988925724973370e+00
-2.166107270383538008e+00
-2.163885182024253950e+00
-2.161323501990874085e+00
-2.158423199740628462e+00
-2.155185372278757505e+00
-2.151611243518970706e+00
-2.147702163570324174e+00
-2.143459607951046841e+00
-2.138885176729945936e+00
-2.133980593596013886e+00
-2.128747704856993828e+00
-2.123188478367624921e+00
-2.117305002388427670e+00
-2.111099484375875690e+00
-2.104574249704888711e+00
-2.097731740324632277e+00
-2.090574513348628205e+00
-2.083105239580262946e+00
-2.075326701974837373e+00
-2.067241794039276215e+00
-2.058853518170780106e+00
-2.050164983935625962e+00
-2.041179406289453713e+00
-2.031900103740377883e+00
-2.022330496456317128e+00
-2.012474104317965917e+00
-2.002334544918885406e+00
-1.991915531514221183e+00
-1.981220870919583765e+00
-1.970254461361681475e+00
-1.959020290282312615e+00
-1.947522432097353429e+00
-1.935765045940507356e+00
-1.923752373224117740e+00
-1.911488735444645704e+00
-1.898978531663593206e+00
-1.886226236096226083e+00
-1.873236395636757701e+00
-1.860013627350828980e+00
-1.846562615937128005e+00
-1.832888111160019040e+00
-1.818994925255070116e+00
-1.804887930309367228e+00
-1.790572055602824619e+00
-1.776052285007946097e+00
-1.761333654207942079e+00
-1.746421248062075771e+00
-1.731320197871850874e+00
-1.716035678650561280e+00
-1.700572906381202509e+00
-1.684937135264702457e+00
-1.669133654960422986e+00
-1.653167787820887247e+00
-1.637044886122702714e+00
-1.620770329295598833e+00
-1.604349521151550162e+00
-1.587787887115888141e+00
-1.571090871462352156e+00
-1.554263934553965054e+00
-1.537312550091649799e+00
-1.520242202372457552e+00
-1.503058383559277900e+00
-1.485766590963874645e+00
-1.468372324345088575e+00
-1.450881083223990897e+00
-1.433298364217794107e+00
-1.415629658394276458e+00
-1.397880448648433527e+00
-1.380056207103104393e+00
-1.362162392535215094e+00
-1.344204447829307369e+00
-1.326187797459974060e+00
-1.308117845004783009e+00
-1.289999970689240882e+00
-1.271839528965318600e+00
-1.253641846125030712e+00
-1.235412217950489389e+00
-1.217155907401881398e+00
-1.198878142344688591e+00
-1.180584113317525663e+00
-1.162278971341848655e+00
-1.143967825774802050e+00
-1.125655742206393306e+00
-1.107347740402160552e+00
-1.089048792292445889e+00
-1.070763820009333234e+00
-1.052497693972294091e+00
-1.034255231023493593e+00
-1.016041192613697852e+00
-9.978602830396572365e-01
-9.797171477338021406e-01
-9.616163716070256218e-01
-9.435624774452882058e-01
-9.255599243607325333e-01
-9.076131062979388986e-01
-8.897263505958807883e-01
-8.719039166061625101e-01
-8.541499943679602413e-01
-8.364687033401335681e-01
-8.188640911908786624e-01
-8.013401326452328499e-01
-7.839007283907288848e-01
-7.665497040414029906e-01
-7.492908091603465159e-01
-7.321277163409055655e-01
-7.150640203466166467e-01
-6.981032373098818855e-01
-6.812488039893773717e-01
-6.645040770860807244e-01
-6.478723326178321695e-01
-6.313567653522065282e-01
-6.149604882975077125e-01
-5.986865322515836363e-01
-5.825378454081554525e-01
-5.665172930202863055e-01
-5.506276571205697135e-01
-5.348716362975951544e-01
-5.192518455281550649e-01
-5.037708160107532418e-01
-4.884309953242523816e-01
-4.732347470976760451e-01
-4.581843512778522864e-01
-4.432820041765550556e-01
-4.285298186242579854e-01
-4.139298241749245211e-01
-3.994839673609987818e-01
-3.851941119977440597e-01
-3.710620395360029189e-01
-3.570894495044165118e-01
-3.432779597868642618e-01
-3.296291073709977093e-01
-3.161443487127688079e-01
-3.028250603600586843e-01
-2.896725395752272614e-01
-2.766880049988709733e-01
-2.638725973536492075e-01
-2.512273827697166229e-01
-2.387533406517034773e-01
-2.264513903225693348e-01
-2.143223660489046445e-01
-2.023670308406018969e-01
-1.905860747871367944e-01
-1.789801160079918518e-01
-1.675497016332447853e-01
-1.562953088129996893e-01
-1.452173457543444735e-01
-1.343161527844929370e-01
-1.235920034387680139e-01
-1.130451055720774894e-01
-1.026756024925246646e-01
-9.248357411578060627e-02
-8.246903813887314361e-02
-7.263195123200058556e-02
-6.297221024702424896e-02
-5.348965344125437837e-02
-4.418406171517821890e-02
-3.505515986276112883e-02
-2.610261783296863314e-02
-1.732605200116239808e-02
-8.725026449018458141e-03
-2.990542516501937254e-04
7.952401229397082494e-03
1.602992504858516409e-02
2.393414937555304878e-02
3.166575219230065297e-02
3.922545598965386515e-02
4.661402646425895357e-02
5.383227121734191628e-02
6.088103845644098067e-02
6.776121570131246608e-02
7.447372849517364113e-02
8.101953912243257949e-02
8.739964533404204206e-02
9.361507908155970725e-02
9.966690526100387137e-02
1.055562204675552090e-01
1.112841517621111775e-01
1.168518554507071289e-01
1.222605158777506362e-01
1.275113442340199410e-01
1.326055773803154481e-01
1.375444766876484648e-01
1.423293268948044310e-01
1.469614349840856482e-01
1.514421290760137317e-01
1.557727573437283908e-01
1.599546869477922462e-01
1.639893029920699297e-01
1.678780075013224238e-01
1.716222184211114166e-01
1.752233686405857416e-01
1.786829050386663509e-01
1.820022875541359997e-01
1.851829882800742622e-01
1.882264905830638435e-01
1.911342882475429161e-01
1.939078846456502303e-01
1.965487919328636757e-01
1.990585302697017722e-01
2.014386270697200998e-01
2.036906162739912651e-01
2.058160376522226165e-01
2.078164361306398256e-01
2.096933611053554691e-01
2.114483659902042789e-01
2.130830073746670106e-01
2.145988446270528927e-01
2.159974393145125404e-01
2.172803546918914419e-01
2.184491552171496376e-01
2.195054060931738715e-01
2.204506728357826240e-01
2.212865208676862983e-01
2.220145151381323623e-01
2.226362197976296531e-01
2.231531977479785378e-01
2.235670105189719314e-01
2.238792178649262610e-01
2.240913775385307283e-01
2.242050450571763109e-01
2.242217734922141159e-01
2.241431132806392945e-01
2.239706120586600624e-01
2.237058145165972123e-01
2.233502622745244803e-01
2.229054937780517998e-01
2.223730442136049312e-01
2.217544454425683376e-01
2.210512259536048796e-01
2.202649108324671867e-01
2.193970217485894936e-01
2.184490769577318303e-01
2.174225913199313298e-01
2.163190763320057552e-01
2.151400401738314261e-01
2.138869877676119469e-01
2.125614208493407098e-01
2.111648380516445433e-01
2.096987349971974612e-01
2.081646044018695407e-01
2.065639361867846191e-01
2.048982175984427889e-01
2.031689333360656435e-01
2.013775656853131757e-01
1.995255946575260897e-01
1.976144981336376560e-01
1.956457520119044557e-01
1.936208303586046398e-01
1.915412055608559649e-01
1.894083484807063400e-01
1.872237286096575803e-01
1.849888142227833487e-01
1.827050725316188284e-01
1.803739698349958731e-01
1.779969716670116164e-01
1.755755429413351776e-01
1.731111480910553224e-01
1.706052512032913970e-01
1.680593161478068087e-01
1.654748066988709632e-01
1.628531866496327751e-01
1.601959199182910465e-01
1.575044706453548327e-01
1.547803032813136193e-01
1.520248826640496764e-01
1.492396740853507431e-01
1.464261433458960981e-01
1.435857567981154992e-01
1.407199813763389817e-01
1.378302846136859605e-01
1.349181346451529262e-01
1.319850001963998876e-01
1.290323505577455898e-01
1.260616555429221186e-01
1.230743854321507541e-01
1.200720108991460977e-01
1.170560029216622111e-01
1.140278326752440508e-01
1.109889714098590829e-01
1.079408903091264860e-01
1.048850603318762231e-01
1.018229520358194529e-01
9.875603538312155427e-02
9.568577952771371853e-02
9.261365258420922730e-02
8.954112137830752549e-02
8.646965117862399908e-02
8.340070540988914205e-02
8.033574534751361518e-02
7.727622979924572699e-02
7.422361473902874818e-02
7.117935298218085183e-02
6.814489378105419159e-02
6.512168243370952680e-02
6.211115986579107684e-02
5.911476220875271081e-02
5.613392032499665146e-02
5.317005936298153240e-02
5.022459825981201442e-02
4.729894924131406581e-02
4.439451730479417046e-02
4.151269967939717059e-02
3.865488528262742834e-02
3.582245415124724747e-02
3.301677686220506891e-02
3.023921393862473439e-02
2.749111524219334177e-02
2.477381935249779385e-02
2.208865293389214446e-02
1.943693009049438092e-02
1.681995170994323580e-02
1.423900479656155238e-02
1.169536179460320922e-02
9.190279902273177162e-03
6.725000377241779556e-03
4.300747834383875090e-03
1.918729536500483890e-03
-4.198653212055224182e-04
-2.713866332106903284e-03
-4.962122603778691340e-03
-7.163503487448821642e-03
-9.316899310437469148e-03
-1.142122211073467314e-02
-1.347540637285031366e-02
-1.547840976406785612e-02
-1.742921387020868185e-02
-1.932682493002168059e-02
-2.117027456728986026e-02
-2.295862051974494750e-02
-2.469094736387826908e-02
-2.636636723472087634e-02
-2.798402053967605566e-02
-2.954307666547034000e-02
-3.104273467729935440e-02
-3.248222400923745506e-02
-3.386080514498190225e-02
-3.517777028800798955e-02
-3.643244402021047351e-02
-3.762418394811010980e-02
-3.875238133571614479e-02
-3.981646172313292598e-02
-4.081588553001319619e-02
-4.175014864296729133e-02
-4.261878298604523940e-02
-4.342135707342382328e-02
-4.415747654343879502e-02
-4.482678467311779213e-02
-4.542896287238276654e-02
-4.596373115710877116e-02
-4.643084860023556637e-02
-4.683011376015412675e-02
-4.716136508560322960e-02
-4.742448129633242138e-02
-4.761938173880672642e-02
-4.774602671625317873e-02
-4.780441779236590388e-02
-4.779459806801590604e-02
-4.771665243033125503e-02
-4.757070777353956254e-02
-4.735693319099145565e-02
-4.707554013780994306e-02
-4.672678256363510529e-02
-4.631095701496716621e-02
-4.582840270663460225e-02
-4.527950156194638504e-02
-4.466467822111588881e-02
-4.398440001757793205e-02
-4.323917692184654771e-02
-4.242956145259859507e-02
-4.155614855469763613e-02
-4.061957544390557007e-02
-3.962052141806404748e-02
-3.855970763456202655e-02
-3.743789685393683619e-02
-3.625589314949564240e-02
-3.501454156158992359e-02
-3.371472782390679684e-02
-3.235737784403072692e-02
-3.094345736085472170e-02
-2.947397146284153752e-02
-2.794996409330042716e-02
-2.637251752186425477e-02
-2.474275178233191139e-02
-2.306182407708577686e-02
-2.133092814832063255e-02
-1.955129361636241681e-02
-1.772418530791651514e-02
-1.585090243931428985e-02
-1.393277799359784325e-02
-1.197117784028951457e-02
-9.967499937158612322e-03
-7.923173478878012266e-03
-5.839658015690607842e-03
-3.718442542648949835e-03
-1.561044560011821784e-03
6.309908945785792922e-04
2.856092241482661304e-03
5.112662381333543324e-03
7.399079743464525433e-03
9.713699359754962917e-03
1.205485396311368161e-02
1.442085510978988530e-02
1.680999432468333749e-02
1.922054426878463951e-02
2.165075992785802164e-02
2.409887982145121274e-02
2.656312723128892092e-02
2.904171144808603139e-02
3.153282903578978613e-02
3.403466511223841862e-02
3.654539464520604325e-02
3.906318376277218007e-02
4.158619107695328554e-02
4.411256901949051068e-02
4.664046518869453817e-02
4.916802370621630586e-02
5.169338658259939323e-02
5.421469509046430990e-02
5.673009114414925835e-02
5.923771868462908430e-02
6.173572506852115227e-02
6.422226245997389449e-02
6.669548922423050585e-02
6.915357132164941245e-02
7.159468370095752043e-02
7.401701169051083662e-02
7.641875238632805933e-02
7.879811603566472256e-02
8.115332741489450497e-02
8.348262720045870888e-02
8.578427333165800084e-02
8.805654236404700241e-02
9.029773081221353914e-02
9.250615648071702779e-02
9.468015978197144578e-02
9.681810503986770788e-02
9.891838177793610409e-02
1.009794059908611097e-01
1.029996213981731884e-01
1.049775006789532561e-01
1.069115466863996833e-01
1.088002936411233967e-01
1.106423083020529885e-01
1.124361911138486575e-01
1.141805773321118433e-01
1.158741381087358135e-01
1.175155815861346209e-01
1.191036539163621982e-01
1.206371402870943105e-01
1.221148659037175621e-01
1.235356969431710139e-01
1.248985414762486257e-01
1.262023503574687122e-01
1.274461180816398309e-01
1.286288836062905727e-01
1.297497311391489216e-01
1.308077908898990505e-01
1.318022397854671790e-01
1.327323021481225940e-01
1.335972503357155117e-01
1.343964053434028583e-01
1.351291373412853991e-01
1.357948662973050558e-01
1.363930623097693029e-01
1.369232461494378772e-01
1.373849896351782562e-01
1.377779159930342667e-01
1.381017001732623151e-01
1.383560691249831609e-01
1.385408020281354013e-01
1.386557304824559134e-01
1.387007386752283356e-01
1.386757633952577229e-01
1.385807942249911162e-01
1.384158734663402945e-01
1.381810961345192046e-01
1.378766098856694378e-01
1.375026149007181619e-01
1.370593637255157482e-01
1.365471610673485714e-01
1.359663635479523847e-01
1.353173794132036534e-01
1.346006681996969878e-01
1.338167403584657189e-01
1.329661568361369117e-01
1.320495286138561875e-01
1.310675162043554443e-01
1.300208291075762579e-01
1.289102252253029324e-01
1.277365102352937543e-01
1.265005369254428580e-01
1.252032044885390549e-01
1.238454577782238664e-01
1.224282865267942999e-01
1.209527245255251904e-01
1.194198487682237436e-01
1.178307785587681261e-01
1.161866745834068126e-01
1.144887379486380641e-01
1.127382091855171908e-01
1.109363672212694274e-01
1.090845283191240328e-01
1.071840449873044526e-01
1.052363048581497068e-01
1.032427295383657462e-01
1.012047734314278358e-01
9.912392253319340929e-02
9.700169320179677368e-02
9.483963090293048848e-02
9.263930893163885294e-02
9.040232711176904301e-02
8.813031047424947639e-02
8.582490791538296970e-02
8.348779083636047316e-02
8.112065176522266496e-02
7.872520377731606622e-02
7.630317501182573570e-02
7.385631539669057499e-02
7.138638706478180052e-02
6.889516698104336534e-02
6.638444467085205525e-02
6.385602075459745341e-02
6.131170547498129841e-02
5.875331721837175059e-02
5.618268103153623017e-02
5.360162713509541293e-02
5.101198943502947836e-02
4.841560403357883513e-02
4.581430774087721924e-02
4.320993658865336651e-02
4.060432434733477619e-02
3.799930104788464685e-02
3.539669150969648043e-02
3.279831387585981778e-02
3.020597815711536030e-02
2.762148478578737437e-02
2.504662318099639892e-02
2.248317032641823990e-02
1.993288936186235483e-02
1.739752818991471828e-02
1.487881809888260375e-02
1.237847240325791812e-02
9.898185102901316257e-03
7.439629562124454309e-03
5.004457209835328282e-03
2.594296261881937418e-03
2.107504775913128514e-04
-2.144602114084431799e-03
-4.470210352504673523e-03
-6.764551168004877962e-03
-9.026130720999335152e-03
-1.125348552383541659e-02
-1.344518353316191510e-02
-1.559982521187423636e-02
-1.771604455973813802e-02
-1.979251011182624892e-02
-2.182792590392282350e-02
-2.382103240952630069e-02
-2.577060741455391990e-02
-2.767546691318511359e-02
-2.953446591009269151e-02
-3.134649921529022304e-02
-3.311050219566625402e-02
-3.482545148858672696e-02
-3.649036567700527506e-02
-3.810430592556691282e-02
-3.966637657722357768e-02
-4.117572570991951536e-02
-4.263154565294486470e-02
-4.403307346259416333e-02
-4.537959135680690731e-02
-4.667042710850663467e-02
-4.790495439739297229e-02
-4.908259311999089297e-02
-5.020280965778451537e-02
-5.126511710332341820e-02
-5.226907544421331014e-02
-5.321429170495556304e-02
-5.410042004663211113e-02
-5.492716182447725248e-02
-5.569426560342015387e-02
-5.640152713171456972e-02
-5.704878927282124729e-02
-5.763594189574228199e-02
-5.816292172404780719e-02
-5.862971214387748681e-02
-5.903634297123253744e-02
-5.938289017891722893e-02
-5.966947558352652531e-02
-5.989626649290977212e-02
-6.006347531458382932e-02
-6.017135912559962857e-02
-6.022021920440660120e-02
-6.021040052529218894e-02
-6.014229121600799671e-02
-6.001632197923088829e-02
-5.983296547853767661e-02
-5.959273568960693490e-02
-5.929618721738878773e-02
-5.894391458002272433e-02
-5.853655146030339873e-02
-5.807476992553181616e-02
-5.755927961661323755e-02
-5.699082690729104922e-02
-5.637019403443400967e-02
-5.569819820031680913e-02
-5.497569064786193144e-02
-5.420355570982986898e-02
-5.338270983297058181e-02
-5.251410057816914556e-02
-5.159870559763698322e-02
-5.063753159022323092e-02
-4.963161323593302116e-02
-4.858201211076141474e-02
-4.748981558296452854e-02
-4.635613569190333988e-02
-4.518210801061203763e-02
-4.396889049325074933e-02
-4.271766230861547692e-02
-4.142962266088821843e-02
-4.010598959881735148e-02
-3.874799881452564709e-02
-3.735690243314984671e-02
-3.593396779451866335e-02
-3.448047622808386031e-02
-3.299772182231384965e-02
-3.148701018976892557e-02
-2.994965722906881705e-02
-2.838698788496760855e-02
-2.680033490774588398e-02
-2.519103761312423140e-02
-2.356044064390259637e-02
-2.190989272495223739e-02
-2.024074546967907784e-02
-1.855435209796216234e-02
-1.685206625341029163e-02
-1.513524078227086386e-02
-1.340522653018354909e-02
-1.166337114881805213e-02
-9.911017913513162081e-03
-8.149504553012779789e-03
-6.380162092389504019e-03
-4.604313710217435712e-03
-2.823273624437520196e-03
-1.038345927774735056e-03
7.491764263867981000e-04
2.538012752484910400e-03
4.326895675885294654e-03
6.114572168937442570e-03
7.899804565897524875e-03
9.681371555834875769e-03
1.145806915265074923e-02
1.322871164138650184e-02
1.499213250000197041e-02
1.674718529585150079e-02
1.849274455610991352e-02
2.022770661142478735e-02
2.195099041210703955e-02
2.366153831620727843e-02
2.535831684884162079e-02
2.704031743218710329e-02
2.870655708557365640e-02
3.035607909515494751e-02
3.198795365265696966e-02
3.360127846274978819e-02
3.519517931861724375e-02
3.676881064533132210e-02
3.832135601067796632e-02
3.985202860311866380e-02
4.136007167659240535e-02
4.284475896192514732e-02
4.430539504461825789e-02
4.574131570885194009e-02
4.715188824755507657e-02
4.853651173843914757e-02
4.989461728592786693e-02
5.122566822894839694e-02
5.252916031458908924e-02
5.380462183765799544e-02
5.505161374622079273e-02
5.626972971322492800e-02
5.745859617435357392e-02
5.861787233228928085e-02
5.974725012760265241e-02
6.084645417650590138e-02
6.191524167576519661e-02
6.295340227507020825e-02
6.396075791722179160e-02
6.493716264650825631e-02
6.588250238568360562e-02
6.679669468199081472e-02
6.767968842270172258e-02
6.853146352067424063e-02
6.935203057046440689e-02
7.014143047554269317e-02
7.089973404721808259e-02
7.162704157587021503e-02
7.232348237513888667e-02
7.298921429974039587e-02
7.362442323759556262e-02
7.422932257698947045e-02
7.480415264950354692e-02
7.534918014947622478e-02
7.586469753077798583e-02
7.635102238170250744e-02
7.680849677879411641e-02
7.723748662045545887e-02
7.763838094118771793e-02
7.801159120734396657e-02
7.835755059527779731e-02
7.867671325279762540e-02
7.896955354484003209e-02
7.923656528429064150e-02
7.947826094889723358e-02
7.969517088522182213e-02
7.988784250059230430e-02
8.005683944402321173e-02
8.020274077707763294e-02
8.032614011169385282e-02
8.042764485965303578e-02
8.050787523563734949e-02
8.056746349327775780e-02
8.060705303665327559e-02
8.062729755152062139e-02
8.062886013340778146e-02
8.061241241356441323e-02
8.057863368375264845e-02
8.052821002086450741e-02
8.046183343497798068e-02
8.038020090564899911e-02
8.028401364871354251e-02
8.017397615836927005e-02
8.005079536841337717e-02
7.991517979610357481e-02
7.976783869252740411e-02
7.960948120039215703e-02
7.944081552013651515e-02
7.926254808525079465e-02
7.907538274767642039e-02
7.888001997414040289e-02
7.867715605426431336e-02
7.846748232126540823e-02
7.825168438605636934e-02
7.803044138552397979e-02
7.780442524575077734e-02
7.757429996092091162e-02
7.734072088863080952e-02
7.710433406230322861e-02
7.686577552137829894e-02
7.662567065993476645e-02
7.638463359436573064e-02
7.614326655071450289e-02
7.590215927224167047e-02
7.566188844778086453e-02
7.542301716140015211e-02
7.518609436387188594e-02
7.495165436641540446e-02
7.472021635715787868e-02
7.449228394072511528e-02
7.426834470134682786e-02
7.404886978983231394e-02
7.383431353474381731e-02
7.362511307806360317e-02
7.342168803562273971e-02
7.322444018252986797e-02
7.303375316380590621e-02
7.284999223040478089e-02
7.267350400076390271e-02
7.250461624800616511e-02
7.234363771287578848e-02
7.219085794246837828e-02
7.204654715477987192e-02
7.191095612907058565e-02
7.178431612201366385e-02
7.166683880956119246e-02
7.155871625443764594e-02
7.146012089913887644e-02
7.137120558428389216e-02
7.129210359214070702e-02
7.122292871511778922e-02
7.116377534898506163e-02
7.111471861055893018e-02
7.107581447956105858e-02
7.104709996433318520e-02
7.102859329106070430e-02
7.102029411613768051e-02
7.102218376127386601e-02
7.103422547092641537e-02
7.105636469160847568e-02
7.108852937260683180e-02
7.113063028761865136e-02
7.118256137679013218e-02
7.124420010862439478e-02
7.131540786119992814e-02
7.139603032212508971e-02
7.148589790662934762e-02
7.158482619317922679e-02
7.169261637598378645e-02
7.180905573374118944e-02
7.193391811395925817e-02
7.206696443216706327e-02
7.220794318532311462e-02
7.235659097870941747e-02
7.251263308823630016e-02
7.267578392111635754e-02
7.284574771591317832e-02
7.302221902428046585e-02
7.320488331722575792e-02
7.339341757734042793e-02
7.358749089922889119e-02
7.378676509735508648e-02
7.399089532050627527e-02
7.419953067208147346e-02
7.441231483539717528e-02
7.462888668678049897e-02
7.484888099494774183e-02
7.507192895579205272e-02
7.529765889757131236e-02
7.552569690208309205e-02
7.575566744316221401e-02
7.598719402455855754e-02
7.621989981639719358e-02
7.645340828943346378e-02
7.668734384630805645e-02
7.692133244902858713e-02
7.715500224190013911e-02
7.738798416913993117e-02
7.761991258642401970e-02
7.785042586561445599e-02
7.807916699193831467e-02
7.830578415289041194e-02
7.852993131815261263e-02
7.875126880982888378e-02
7.896946386231530612e-02
7.918419117113666139e-02
7.939513343009406421e-02
7.960198185608839683e-02
7.980443670100066667e-02
8.000220775002397922e-02
8.019501480586627151e-02
8.038258815825705117e-02
8.056466903821025982e-02
8.074101005652381535e-02
8.091137562600195232e-02
8.107554236692436633e-02
8.123329949529450866e-02
8.138444919342874284e-02
8.152880696246858627e-02
8.166620195641959012e-02
8.179647729734783324e-02
8.191949037138289424e-02
8.203511310520594790e-02
8.214323222272264247e-02
8.224374948164488164e-02
8.233658188973258518e-02
8.242166190046826268e-02
8.249893758796805754e-02
8.256837280095050136e-02
8.262994729561701224e-02
8.268365684731922294e-02
8.272951334091489806e-02
8.276754483974281540e-02
8.279779563316780333e-02
8.282032626267446518e-02
8.283521352651897207e-02
8.284255046296387648e-02
8.284244631215523236e-02
8.283502645672270737e-02
8.282043234120631259e-02
8.279882137044698720e-02
8.277036678708922512e-02
8.273525752838056802e-02
8.269369806247248156e-02
8.264590820444769892e-02
8.259212291233053449e-02
8.253259206334856435e-02
8.246758021074884759e-02
8.239736632148586537e-02
8.232224349512116957e-02
8.224251866430327962e-02
8.215851227720380456e-02
8.207055796232262668e-02
8.197900217607874407e-02
8.188420383363390065e-02
8.178653392341399264e-02
8.168637510580058214e-02
8.158412129649890432e-02
8.148017723509226595e-02
8.137495803931159288e-02
8.126888874123927575e-02
8.116240383248890522e-02
8.105594675153045270e-02
8.094996940521341500e-02
8.084493165530183545e-02
8.074130080104803542e-02
8.063955103948404479e-02
8.054016294645187368e-02
8.044362290838347196e-02
8.035042257611689498e-02
8.026105829903114330e-02
8.017603055383250299e-02
8.009584336906203084e-02
8.002100374090255486e-02
7.995202104652221475e-02
7.988940645243793048e-02
7.983367231948815257e-02
7.978533160502408739e-02
7.974489726302552706e-02
7.971288164282755440e-02
7.968979588717119145e-02
7.967614933026427593e-02
7.967244889655425433e-02
7.967919850090832146e-02
7.969689845088319402e-02
7.972604485178642897e-02
7.976712901519190935e-02
7.982063687160316501e-02
7.988704838792107243e-02
7.996683699038827087e-02
8.006046899365913683e-02
8.016840303664424239e-02
8.029108952576514968e-02
8.042897008624658173e-02
8.058247702206232377e-02
8.075203278514017646e-02
8.093804945441654408e-02
8.114092822532181781e-02
8.136105891026500225e-02
8.159881945066270459e-02
8.185457544106422567e-02
8.212867966587764079e-02
8.242147164921866109e-02
8.273327721836784554e-02
8.306440808130485798e-02
8.341516141878736745e-02
8.378581949140395668e-02
8.417664926202564346e-02
8.458790203405999741e-02
8.501981310588520302e-02
8.547260144183765895e-02
8.594646936008390470e-02
8.644160223771180096e-02
8.695816823334129309e-02
8.749631802753324306e-02
8.805618458126510117e-02
8.863788291270928432e-02
8.924150989253373800e-02
8.986714405792707583e-02
9.051484544551710587e-02
9.118465544334421191e-02
9.187659666201850039e-02
9.259067282516808550e-02
9.332686867927388052e-02
9.408514992295173573e-02
9.486546315572678967e-02
9.566773584632511096e-02
9.649187632047682983e-02
9.733777376821954597e-02
9.820529827064303219e-02
9.909430084602741107e-02
1.000046135152742183e-01
1.009360493865284480e-01
1.018884027588655150e-01
1.028614492448831769e-01
1.038549459120407525e-01
1.048686314425445187e-01
1.059022263115721729e-01
1.069554329836085171e-01
1.080279361266345411e-01
1.091194028439142483e-01
1.102294829230733575e-01
1.113578091021826255e-01
1.125039973525121945e-01
1.136676471776131847e-01
1.148483419283826829e-01
1.160456491151480724e-01
1.172591208279373520e-01
1.184882939854490502e-01
1.197326907846358035e-01
1.209918190710878722e-01
1.222651727415536016e-01
1.235522321595028256e-01
1.248524645832655433e-01
1.261653246062513500e-01
1.274902546087616495e-01
1.288266852208821422e-01
1.301740358111014573e-01
1.315317149086165094e-01
1.328991207889216875e-01
1.342756419135477386e-01
1.356606574561134704e-01
1.370535378205583743e-01
1.384536451666688317e-01
1.398603339423251657e-01
1.412729514219066007e-01
1.426908382502663775e-01
1.441133289917056748e-01
1.455397526833630828e-01
1.469694333924320140e-01
1.484016907766257665e-01
1.498358406473030979e-01
1.512711955346673354e-01
1.527070652544620377e-01
1.541427574755689922e-01
1.555775782879443014e-01
1.570108327703012008e-01
1.584418255569748357e-01
1.598698614033999266e-01
1.612942457496323312e-01
1.627142852813642793e-01
1.641292884878741143e-01
1.655385662163690319e-01
1.669414322221866864e-01
1.683372037143183175e-01
1.697252018957422781e-01
1.711047524980491841e-01
1.724751863098605842e-01
1.738358396985536514e-01
1.751860551248017317e-01
1.765251816494739778e-01
1.778525754324294106e-01
1.791676002227630404e-01
1.804696278400733933e-01
1.817580386463340802e-01
1.830322220079609596e-01
1.842915767476875633e-01
1.855355115858742521e-01
1.867634455708861163e-01
1.879748084981965051e-01
1.891690413178845065e-01
1.903455965302144060e-01
1.915039385689941143e-01
1.926435441724355935e-01
1.937639027412487447e-01
1.948645166837217890e-01
1.959449017475544952e-01
1.970045873382335888e-01
1.980431168237483108e-01
1.990600478254713757e-01
2.000549524950413771e-01
2.010274177771006199e-01
2.019770456577634210e-01
2.029034533987076894e-01
2.038062737567931659e-01
2.046851551891398779e-01
2.055397620436037187e-01
2.063697747346183164e-01
2.071748899043741876e-01
2.079548205693403651e-01
2.087092962521365780e-01
2.094380630987897896e-01
2.101408839814233320e-01
2.108175385864418105e-01
2.114678234882966246e-01
2.120915522089269478e-01
2.126885552629924347e-01
2.132586801890256345e-01
2.138017915666526325e-01
2.143177710200387109e-01
2.148065172077383567e-01
2.152679457991376610e-01
2.157019894669140181e-01
2.161085977196222363e-01
2.164877370168351578e-01
2.168393905749886330e-01
2.171635583100832434e-01
2.174602567384472107e-01
2.177295188657959735e-01
2.179713940648842774e-01
2.181859479420523440e-01
2.183732621929795059e-01
2.185334344284923236e-01
2.186665780887853128e-01
2.187728221484273039e-01
2.188523110136217087e-01
2.189052043083980215e-01
2.189316766726902286e-01
2.189319175520587080e-01
2.189061309794247123e-01
2.188545353492076795e-01
2.187773631842419020e-01
2.186748608958684337e-01
2.185472885375932262e-01
2.183949195527089548e-01
2.182180405162778281e-01
2.180169508718792504e-01
2.177919626635184125e-01
2.175434002631053132e-01
2.172716000939020342e-01
2.169769103503410568e-01
2.166596907146158824e-01
2.163203120704432214e-01
2.159591562143941268e-01
2.155766155651855920e-01
2.151730928713269375e-01
2.147490009175039016e-01
2.143047622300852662e-01
2.138408087821275783e-01
2.133575816982491713e-01
2.128555309597427725e-01
2.123351151102758072e-01
2.117968009625449399e-01
2.112410633062136445e-01
2.106683846174784436e-01
2.100792547705901125e-01
2.094741707516436513e-01
2.088536363749524394e-01
2.082181620023012547e-01
2.075682642653694787e-01
2.069044657916024044e-01
2.062272949338004868e-01
2.055372855036756152e-01
2.048349765096315611e-01
2.041209118989860405e-01
2.033956403048698403e-01
2.026597147979983804e-01
2.019136926435191881e-01
2.011581350631137799e-01
2.003936070025219562e-01
1.996206769046474927e-01
1.988399164883839776e-01
1.980519005332883331e-01
1.972572066702185656e-01
1.964564151780340273e-01
1.956501087864454813e-01
1.948388724850836362e-01
1.940232933388468806e-01
1.932039603095706826e-01
1.923814640840447454e-01
1.915563969083961537e-01
1.907293524288365405e-01
1.899009255387602013e-01
1.890717122321642352e-01
1.882423094633494387e-01
1.874133150128471370e-01
1.865853273594983708e-01
1.857589455586068916e-01
1.849347691260657123e-01
1.841133979283489652e-01
1.832954320782463620e-01
1.824814718362017252e-01
1.816721175171125413e-01
1.808679694024246942e-01
1.800696276573537369e-01
1.792776922530482375e-01
1.784927628934974975e-01
1.777154389257464551e-01
1.769463193614410068e-01
1.761860026868129203e-01
1.754350868938068242e-01
1.746941694053787686e-01
1.739638470262059311e-01
1.732447158964902367e-01
1.725373714485889109e-01
1.718424083661964363e-01
1.711604205457847305e-01
1.704920010600179392e-01
1.698377421343315319e-01
1.691982350665078572e-01
1.685740702658837797e-01
1.679658371729107480e-01
1.673741242402579932e-01
1.667995189016245883e-01
1.662426075403416470e-01
1.657039754574400892e-01
1.651842068388573170e-01
1.646838847214578960e-01
1.642035909575376151e-01
1.637439061774869087e-01
1.633054097502852631e-01
1.628886797415008691e-01
1.624942928684750543e-01
1.621228244523681417e-01
1.617748483667517112e-01
1.614509369824327079e-01
1.611516611081983130e-01
1.608775899271824295e-01
1.606292909285478854e-01
1.604073298341976428e-01
1.602122705202276842e-01
1.600446749328389706e-01
1.599051029984418504e-01
1.597941125276884922e-01
1.597122591131802105e-01
1.596600960206023823e-01
1.596381740730566934e-01
1.596470415283621214e-01
1.596872439491159867e-01
1.597593240653082391e-01
1.598638216293029046e-01
1.600012732630064494e-01
1.601722122970594686e-01
1.603771686018993226e-01
1.606166684105541365e-01
1.608912341330479279e-01
1.612013841622998156e-01
1.615476326714306576e-01
1.619304894023886610e-01
1.623504594458350936e-01
1.628080430122375577e-01
1.633037351941369342e-01
1.638380257195745926e-01
1.644113986966741214e-01
1.650243323493970904e-01
1.656772987445035428e-01
1.663707635097671222e-01
1.671051855435121969e-01
1.678810167155557476e-01
1.686987015596551898e-01
1.695586769575857244e-01
1.704613718149731172e-01
1.714072067290464130e-01
1.723965936484750106e-01
1.734299355254828590e-01
1.745076259604417535e-01
1.756300488391712711e-01
1.767975779631853761e-01
1.780105766731397421e-01
1.792693974657615652e-01
1.805743816045485561e-01
1.819258587245480008e-01
1.833241464315401026e-01
1.847695498959679161e-01
1.862623614419712248e-01
1.878028601318948443e-01
1.893913113466626219e-01
1.910279663624214752e-01
1.927130619238670850e-01
1.944468198146934723e-01
1.962294464256040261e-01
1.980611323203466112e-01
1.999420518002484326e-01
2.018723624659330973e-01
2.038522047873515541e-01
2.058817016564877256e-01
2.079609579575114053e-01
2.100900601296998293e-01
2.122690757335540523e-01
2.144980530190448986e-01
2.167770204965465131e-01
2.191059865110253080e-01
2.214849388200570979e-01
2.239138441762603682e-01
2.263926479168616446e-01
2.289212735480027905e-01
2.314996223572020062e-01
2.341275730104066810e-01
2.368049811676408711e-01
2.395316791043964055e-01
2.423074753416398774e-01
2.451321542850357915e-01
2.480054758740108944e-01
2.509271752412555179e-01
2.538969623832877942e-01
2.569145218426729937e-01
2.599795124025153781e-01
2.630915667938159563e-01
2.662502914162985235e-01
2.694552660732943417e-01
2.727060437212749378e-01
2.760021502346063360e-01
2.793430841861053726e-01
2.827283166439591433e-01
2.861572909855594204e-01
2.896294227288066514e-01
2.931440993814067864e-01
2.967006803086963962e-01
3.002984966205028972e-01
3.039368510775337096e-01
3.076150180177905646e-01
3.113322433034708681e-01
3.150877442888161406e-01
3.188807098093479064e-01
3.227102999318004484e-01
3.265756472929501886e-01
3.304758545443480244e-01
3.344099970423027313e-01
3.383771216444768637e-01
3.423762470968405580e-01
3.464063641834607132e-01
3.504664359005622565e-01
3.545553976551101827e-01
3.586721574881654440e-01
3.628155963232436720e-01
3.669845682398559239e-01
3.711779007724378410e-01
3.753943952347944535e-01
3.796328270701929131e-01
3.838919462272331606e-01
3.881704775615181235e-01
3.924671212632342421e-01
3.967805533106290028e-01
4.011094259493911962e-01
4.054523681979257388e-01
4.098079863784399035e-01
4.141748646737692940e-01
4.185515657098461406e-01
4.229366311636501008e-01
4.273285823965005115e-01
4.317259211124672147e-01
4.361271300417057795e-01
4.405306736484559393e-01
4.449349988634174746e-01
4.493385358402224306e-01
4.537396987356373534e-01
4.581368865131542623e-01
4.625284837695859963e-01
4.669128615842207397e-01
4.712883783901308798e-01
4.756533808671136176e-01
4.800062048558187966e-01
4.843451762924830817e-01
4.886686121637560665e-01
4.929748214810297791e-01
4.972621062736416464e-01
5.015287626003573918e-01
5.057730815784450273e-01
5.099933504296667586e-01
5.141878535681435602e-01
5.183548735747500746e-01
5.224926924455879362e-01
5.265995925936568511e-01
5.306738579947418710e-01
5.347137753193152987e-01
5.387176350759089738e-01
5.426837327651462539e-01
5.466103700435284152e-01
5.504958558960630910e-01
5.543385078011384692e-01
5.581366529822400224e-01
5.618886295035753209e-01
5.655927875353499168e-01
5.692474905396867069e-01
5.728511164765943686e-01
5.764020590120231269e-01
5.798987287270276347e-01
5.833395543269648265e-01
5.867229838497145522e-01
5.900474858718665061e-01
5.933115507117839860e-01
5.965136916285362911e-01
5.996524460155640002e-01
6.027263765880406243e-01
6.057340725628422851e-01
6.086741508305184567e-01
6.115452571146471339e-01
6.143460671281862906e-01
6.170752877078347076e-01
6.197316579432556871e-01
6.223139502892663932e-01
6.248209716635557687e-01
6.272515645283125441e-01
6.296046079546764318e-01
6.318790186689904331e-01
6.340737520797378179e-01
6.361878032841629116e-01
6.382202080535118727e-01
6.401700437958619538e-01
6.420364304955368251e-01
6.438185316280928827e-01
6.455155550498838934e-01
6.471267538612415215e-01
6.486514272423038463e-01
6.500889212605571732e-01
6.514386296491554429e-01
6.526999945551368310e-01
6.538725072566303753e-01
6.549557088482176326e-01
6.559491908935821680e-01
6.568525960446540690e-01
6.576656186264526749e-01
6.583880051868550298e-01
6.590195550105572009e-01
6.595601205965326841e-01
6.600096080982504887e-01
6.603679777260711425e-01
6.606352441111447149e-01
6.608114766302184417e-01
6.608967996908232667e-01
6.608913929762639805e-01
6.607954916499554354e-01
6.606093865186004610e-01
6.603334241538085791e-01
6.599680069717506203e-01
6.595135932704665471e-01
6.589706972245322758e-01
6.583398888367797408e-01
6.576217938468138513e-01
6.568170935961217261e-01
6.559265248495829148e-01
6.549508795732661426e-01
6.538910046683739097e-01
6.527478016613139644e-01
6.515222263498423594e-01
6.502152884053096216e-01
6.488280509310666577e-01
6.473616299771214333e-01
6.458171940111823162e-01
6.441959633462670531e-01
6.424992095250828816e-01
6.407282546614558871e-01
6.388844707390788358e-01
6.369692788679257589e-01
6.349841484616804976e-01
6.329305965601647044e-01
6.308101867348686609e-01
6.286245283323543820e-01
6.263752754870657302e-01
6.240641261329991085e-01
6.216928209765109070e-01
6.192631424308732146e-01
6.167769135133007730e-01
6.142359967051431724e-01
6.116422927760187811e-01
6.089977395918545477e-01
6.063043107907387652e-01
6.035640146243972382e-01
6.007788925641500688e-01
5.979510179783606993e-01
5.950824947581166979e-01
5.921754559131393592e-01
5.892320621389468549e-01
5.862545003563444102e-01
5.832449822243261917e-01
5.802057426274952467e-01
5.771390381391774405e-01
5.740471454613763624e-01
5.709323598427842317e-01
5.677969934760620507e-01
5.646433738756567733e-01
5.614738422374019322e-01
5.582907517812213394e-01
5.550964660782263804e-01
5.518933573635551593e-01
5.486838048362971954e-01
5.454701929478875666e-01
5.422549096803234159e-01
5.390403448156457777e-01
5.358288881980564078e-01
5.326229279901247837e-01
5.294248489245122480e-01
5.262370305526506975e-01
5.230618454918437576e-01
5.199016576722377270e-01
5.167588205851405547e-01
5.136356755341487945e-01
5.105345498905669022e-01
5.074577553545873698e-01
5.044075862237031860e-01
5.013863176698387658e-01
4.983962040266637361e-01
4.954394770885579558e-01
4.925183444226906015e-01
4.896349876956658242e-01
4.867915610161968054e-01
4.839901892952281903e-01
4.812329666249460791e-01
4.785219546780926092e-01
4.758591811289762386e-01
4.732466380975735021e-01
4.706862806181044689e-01
4.681800251334030105e-01
4.657297480164587222e-01
4.633372841204063119e-01
4.610044253582859519e-01
4.587329193138297567e-01
4.565244678845239434e-01
4.543807259581762459e-01
4.523033001241694162e-01
4.502937474205845891e-01
4.483535741183279910e-01
4.464842345433681636e-01
4.446871299381660037e-01
4.429636073633451687e-01
4.413149586406136526e-01
4.397424193379227964e-01
4.382471677978021507e-01
4.368303242097812400e-01
4.354929497277729156e-01
4.342360456332496899e-01
4.330605525450131887e-01
4.319673496763029030e-01
4.309572541399734336e-01
4.300310203024024780e-01
4.291893391867726004e-01
4.284328379263121489e-01
4.277620792680373318e-01
4.271775611275156481e-01
4.266797161950889317e-01
4.262689116193859595e-01
4.259454486144722551e-01
4.257095623800206119e-01
4.255614218107097724e-01
4.255011293920993309e-01
4.255287211057534602e-01
4.256441664899369148e-01
4.258473684984045993e-01
4.261381637532638544e-01
4.265163225959723858e-01
4.269815492939764145e-01
4.275334822772691168e-01
4.281716944621383747e-01
4.288956935564677830e-01
4.297049224928861100e-01
4.305987598751042089e-01
4.315765204846451764e-01
4.326374558393447645e-01
4.337807548032058813e-01
4.350055442471247313e-01
4.363108897599626834e-01
4.376957964093956543e-01
4.391592095519313843e-01
4.407000156914201439e-01
4.423170433853849670e-01
4.440090641983850950e-01
4.457747937016667272e-01
4.476128925182317753e-01
4.495219674124701914e-01
4.515005724234501527e-01
4.535472100408871055e-01
4.556603324228304941e-01
4.578383426540047485e-01
4.600795960437610854e-01
4.623824014625352308e-01
4.647450227156482705e-01
4.671656799533022708e-01
4.696425511155566945e-01
4.721737734110318940e-01
4.747574448280925119e-01
4.773916256771928990e-01
4.800743401630667151e-01
4.828035779853918075e-01
4.855772959665567989e-01
4.883934197051368886e-01
4.912498452536046001e-01
4.941444408188680470e-01
4.970750484841346406e-01
5.000394859506149814e-01
5.030355482975565895e-01
5.060610097590669820e-01
5.091136255161945456e-01
5.121911335027010681e-01
5.152912562229530202e-01
5.184117025803536283e-01
5.215501697147182369e-01
5.247043448469991267e-01
5.278719071297414134e-01
5.310505295016691996e-01
5.342378805447824952e-01
5.374316263423384310e-01
5.406294323361092724e-01
5.438289651812908687e-01
5.470278945974518248e-01
5.502238952139137940e-01
5.534146484079260908e-01
5.565978441341041805e-01
5.597711827434488363e-01
5.629323767904502729e-01
5.660791528266487793e-01
5.692092531791267396e-01
5.723204377123761732e-01
5.754104855720086897e-01
5.784771969088259302e-01
5.815183945817310462e-01
5.845319258380142768e-01
5.875156639695831018e-01
5.904675099436873520e-01
5.933853940067504995e-01
5.962672772599325599e-01
5.991111532050523714e-01
6.019150492595820579e-01
6.046770282393938434e-01
6.073951898080018896e-01
6.100676718910809093e-01
6.126926520550549649e-01
6.152683488491027530e-01
6.177930231078133660e-01
6.202649792139032225e-01
6.226825663240906916e-01
6.250441795503716147e-01
6.273482610998640796e-01
6.295933013713541637e-01
6.317778400076436984e-01
6.339004669028518446e-01
6.359598231638440291e-01
6.379546020250382865e-01
6.398835497004622397e-01
6.417454662634831664e-01
6.435392063288800646e-01
6.452636798321756961e-01
6.469178526871556256e-01
6.485007474072251865e-01
6.500114436760271452e-01
6.514490788669128341e-01
6.528128485108971590e-01
6.541020067128230364e-01
6.553158665154665830e-01
6.564538002113639026e-01
6.575152396022286849e-01
6.584996762058319408e-01
6.594066614102924717e-01
6.602358065757736316e-01
6.609867830836210212e-01
6.616593223330340390e-01
6.622532156854014085e-01
6.627683143565007429e-01
6.632045292567948502e-01
6.635618307801002258e-01
6.638402485409762299e-01
6.640398710611955524e-01
6.641608454057489341e-01
6.642033767688363399e-01
6.641677280103788217e-01
6.640542191436177299e-01
6.638632267744027926e-01
6.635951834928461857e-01
6.632505772180248282e-01
6.628299504964783040e-01
6.623338997553144258e-01
6.617630745107012658e-01
6.611181765326706872e-01
6.603999589671037951e-01
6.596092254158572032e-01
6.587468289760328721e-01
6.578136712393909402e-01
6.568107012529776911e-01
6.557389144420654459e-01
6.545993514965228188e-01
6.533930972217963928e-01
6.521212793556711018e-01
6.507850673520465534e-01
6.493856711329895059e-01
6.479243398103203821e-01
6.464023603780677529e-01
6.448210563771008541e-01
6.431817865333038231e-01
6.414859433706701086e-01
6.397349518007325875e-01
6.379302676897165014e-01
6.360733764048726036e-01
6.341657913414640024e-01
6.322090524318265681e-01
6.302047246380537704e-01
6.281543964297380267e-01
6.260596782483198730e-01
6.239222009595560836e-01
6.217436142956125344e-01
6.195255852883370107e-01
6.172697966952416238e-01
6.149779454197237261e-01
6.126517409270946235e-01
6.102929036579369804e-01
6.079031643308191457e-01
6.054842579025138116e-01
6.030379308874915800e-01
6.005659308711116529e-01
5.980700093851756272e-01
5.955519194470408895e-01
5.930134139972652596e-01
5.904562443467602506e-01
5.878821586349340933e-01
5.852929002824458493e-01
5.826902065462316038e-01
5.800758069150170337e-01
5.774514216945161316e-01
5.748187605252595977e-01
5.721795209368795154e-01
5.695353869232113730e-01
5.668880275396093182e-01
5.642390955237269745e-01
5.615902259410511244e-01
5.589430348819522942e-01
5.562991180589033080e-01
5.536600496850345721e-01
5.510273811304520208e-01
5.484026397345029835e-01
5.457873276248567107e-01
5.431829205693785578e-01
5.405908668618127910e-01
5.380125862422671101e-01
5.354494688534044977e-01
5.329028742332806434e-01
5.303741303456630529e-01
5.278645326486758327e-01
5.253753432025159986e-01
5.229077898170181316e-01
5.204630652397473911e-01
5.180423263852614868e-01
5.156466936061735451e-01
5.132772500065633237e-01
5.109350407982713449e-01
5.086210727005341381e-01
5.063363133834076768e-01
5.040816909553531566e-01
5.018580934953146278e-01
4.996663686295970686e-01
4.975073231537805452e-01
4.953817226998564194e-01
4.932902914487434787e-01
4.912337118882948994e-01
4.892126246168420622e-01
4.872276281922696684e-01
4.852792790266114431e-01
4.833680913260531842e-01
4.814945370762355181e-01
4.796590460726339877e-01
4.778620059958484934e-01
4.761037625314675226e-01
4.743846195342433236e-01
4.727048392361699047e-01
4.710646424980760028e-01
4.694642091042859344e-01
4.679036780998286349e-01
4.663831481696682491e-01
4.649026780593743524e-01
4.634622870365999736e-01
4.620619553926875178e-01
4.607016249837317945e-01
4.593811998103031757e-01
4.581005466350899225e-01
4.568594956375935934e-01
4.556578411050482558e-01
4.544953421586477305e-01
4.533717235141438984e-01
4.522866762758645520e-01
4.512398587631201163e-01
4.502308973680107518e-01
4.492593874435145129e-01
4.483248942207970766e-01
4.474269537546241571e-01
4.465650738956941646e-01
4.457387352887399179e-01
4.449473923951932641e-01
4.441904745391730414e-01
4.434673869755644815e-01
4.427775119789114644e-01
4.421202099518345974e-01
4.414948205516638913e-01
4.409006638339730832e-01
4.403370414116530851e-01
4.398032376282018929e-01
4.392985207438347417e-01
4.388221441330500960e-01
4.383733474922658080e-01
4.379513580561240627e-01
4.375553918210626780e-01
4.371846547844607245e-01
4.368383441400797151e-01
4.365156495719773599e-01
4.362157544554842725e-01
4.359378371052073375e-01
4.356810720125515179e-01
4.354446310806255882e-01
4.352276848551206445e-01
4.350294037497776101e-01
4.348489592650395807e-01
4.346855251985194957e-01
4.345382788326572210e-01
4.344064021775373430e-01
4.342890830697395677e-01
4.341855163888713176e-01
4.340949051938088887e-01
4.340164618557965093e-01
4.339494091740756510e-01
4.338929814728204049e-01
4.338464256781262018e-01
4.338090023738578882e-01
4.337799868351710497e-01
4.337586700385516747e-01
4.337443596472476126e-01
4.337363809709814944e-01
4.337340778988881262e-01
4.337368138046227561e-01
4.337439724226393456e-01
4.337549586946605751e-01
4.337691995853881766e-01
4.337861448665665254e-01
4.338052678684998775e-01
4.338260661982107913e-01
4.338480624234281047e-01
4.338708047216488506e-01
4.338938674935528539e-01
4.339168519400860013e-01
4.339393866025798019e-01
4.339611278652961701e-01
4.339817604198484280e-01
4.340009976909802170e-01
4.340185822232318080e-01
4.340342860280607673e-01
4.340479108910426653e-01
4.340592886387925620e-01
4.340682813653352623e-01
4.340747816176527274e-01
4.340787125402157387e-01
4.340800279783347815e-01
4.340787125402157387e-01
4.340747816176527274e-01
4.340682813653352623e-01
4.340592886387925620e-01
4.340479108910426653e-01
4.340342860280610449e-01
4.340185822232318080e-01
4.340009976909801059e-01
4.339817604198484280e-01
4.339611278652961146e-01
4.339393866025796354e-01
4.339168519400855573e-01
4.338938674935524653e-01
4.338708047216487951e-01
4.338480624234281047e-01
4.338260661982107358e-01
4.338052678684999330e-01
4.337861448665663588e-01
4.337691995853882876e-01
4.337549586946602975e-01
4.337439724226395676e-01
4.337368138046223121e-01
4.337340778988880152e-01
4.337363809709811613e-01
4.337443596472475016e-01
4.337586700385516747e-01
4.337799868351710497e-01
4.338090023738581102e-01
4.338464256781262018e-01
4.338929814728207379e-01
4.339494091740756510e-01
4.340164618557963983e-01
4.340949051938082781e-01
4.341855163888708735e-01
4.342890830697397897e-01
4.344064021775374540e-01
4.345382788326569434e-01
4.346855251985198842e-01
4.348489592650399693e-01
4.350294037497777766e-01
4.352276848551207555e-01
4.354446310806254217e-01
4.356810720125506298e-01
4.359378371052070600e-01
4.362157544554841060e-01
4.365156495719767493e-01
4.368383441400798262e-01
4.371846547844607245e-01
4.375553918210628446e-01
4.379513580561238406e-01
4.383733474922660855e-01
4.388221441330504846e-01
4.392985207438347972e-01
4.398032376282018929e-01
4.403370414116528631e-01
4.409006638339725836e-01
4.414948205516636692e-01
4.421202099518340423e-01
4.427775119789111313e-01
4.434673869755647035e-01
4.441904745391732079e-01
4.449473923951939858e-01
4.457387352887404730e-01
4.465650738956938315e-01
4.474269537546243236e-01
4.483248942207965770e-01
4.492593874435139578e-01
4.502308973680110293e-01
4.512398587631204494e-01
4.522866762758633308e-01
4.533717235141448976e-01
4.544953421586487852e-01
4.556578411050484223e-01
4.568594956375945371e-01
4.581005466350896449e-01
4.593811998103027872e-01
4.607016249837309063e-01
4.620619553926872958e-01
4.634622870365995295e-01
4.649026780593750185e-01
4.663831481696694148e-01
4.679036780998294676e-01
4.694642091042862675e-01
4.710646424980758917e-01
4.727048392361695162e-01
4.743846195342436012e-01
4.761037625314673560e-01
4.778620059958472166e-01
4.796590460726342098e-01
4.814945370762356291e-01
4.833680913260552936e-01
4.852792790266110545e-01
4.872276281922706120e-01
4.892126246168423953e-01
4.912337118882954545e-01
4.932902914487431456e-01
4.953817226998565304e-01
4.975073231537804341e-01
4.996663686295959028e-01
5.018580934953135175e-01
5.040816909553531566e-01
5.063363133834088980e-01
5.086210727005356924e-01
5.109350407982727882e-01
5.132772500065641008e-01
5.156466936061733231e-01
5.180423263852613758e-01
5.204630652397469470e-01
5.229077898170182426e-01
5.253753432025149994e-01
5.278645326486764988e-01
5.303741303456639411e-01
5.329028742332797552e-01
5.354494688534043867e-01
5.380125862422679983e-01
5.405908668618137902e-01
5.431829205693784468e-01
5.457873276248581540e-01
5.484026397345035386e-01
5.510273811304517988e-01
5.536600496850341280e-01
5.562991180589033080e-01
5.589430348819526273e-01
5.615902259410504582e-01
5.642390955237263084e-01
5.668880275396112056e-01
5.695353869232112620e-01
5.721795209368799595e-01
5.748187605252603749e-01
5.774514216945151324e-01
5.800758069150178109e-01
5.826902065462294944e-01
5.852929002824468485e-01
5.878821586349353145e-01
5.904562443467582522e-01
5.930134139972667029e-01
5.955519194470412225e-01
5.980700093851761823e-01
6.005659308711117639e-01
6.030379308874910249e-01
6.054842579025149218e-01
6.079031643308190347e-01
6.102929036579360922e-01
6.126517409270957337e-01
6.149779454197232820e-01
6.172697966952417348e-01
6.195255852883375658e-01
6.217436142956135336e-01
6.239222009595570828e-01
6.260596782483205391e-01
6.281543964297380267e-01
6.302047246380542145e-01
6.322090524318271232e-01
6.341657913414628922e-01
6.360733764048732697e-01
6.379302676897161684e-01
6.397349518007332536e-01
6.414859433706714409e-01
6.431817865333040452e-01
6.448210563771019643e-01
6.464023603780688632e-01
6.479243398103209373e-01
6.493856711329895059e-01
6.507850673520477747e-01
6.521212793556708798e-01
6.533930972217961708e-01
6.545993514965217086e-01
6.557389144420647797e-01
6.568107012529785793e-01
6.578136712393913843e-01
6.587468289760337603e-01
6.596092254158570922e-01
6.603999589671042392e-01
6.611181765326711313e-01
6.617630745107012658e-01
6.623338997553140928e-01
6.628299504964789701e-01
6.632505772180246062e-01
6.635951834928457416e-01
6.638632267744019044e-01
6.640542191436183961e-01
6.641677280103781555e-01
6.642033767688372281e-01
6.641608454057494892e-01
6.640398710611956634e-01
6.638402485409766740e-01
6.635618307800995597e-01
6.632045292567944061e-01
6.627683143565002988e-01
6.622532156854006313e-01
6.616593223330354823e-01
6.609867830836213543e-01
6.602358065757741867e-01
6.594066614102926938e-01
6.584996762058329400e-01
6.575152396022284629e-01
6.564538002113633475e-01
6.553158665154668050e-01
6.541020067128227033e-01
6.528128485108970480e-01
6.514490788669140553e-01
6.500114436760281444e-01
6.485007474072250755e-01
6.469178526871552926e-01
6.452636798321765843e-01
6.435392063288797315e-01
6.417454662634828333e-01
6.398835497004623507e-01
6.379546020250382865e-01
6.359598231638448063e-01
6.339004669028510675e-01
6.317778400076420331e-01
6.295933013713534976e-01
6.273482610998643016e-01
6.250441795503730580e-01
6.226825663240908026e-01
6.202649792139023344e-01
6.177930231078139212e-01
6.152683488491029751e-01
6.126926520550554089e-01
6.100676718910815755e-01
6.073951898080008904e-01
6.046770282393936213e-01
6.019150492595816138e-01
5.991111532050525934e-01
5.962672772599322268e-01
5.933853940067510546e-01
5.904675099436873520e-01
5.875156639695831018e-01
5.845319258380149430e-01
5.815183945817309352e-01
5.784771969088251531e-01
5.754104855720076905e-01
5.723204377123749520e-01
5.692092531791270726e-01
5.660791528266487793e-01
5.629323767904494957e-01
5.597711827434493914e-01
5.565978441341039584e-01
5.534146484079276451e-01
5.502238952139135719e-01
5.470278945974527129e-01
5.438289651812904246e-01
5.406294323361087173e-01
5.374316263423384310e-01
5.342378805447831613e-01
5.310505295016686444e-01
5.278719071297408583e-01
5.247043448469989047e-01
5.215501697147181259e-01
5.184117025803528511e-01
5.152912562229521320e-01
5.121911335027016232e-01
5.091136255161943236e-01
5.060610097590665379e-01
5.030355482975561454e-01
5.000394859506147593e-01
4.970750484841339745e-01
4.941444408188678250e-01
4.912498452536055438e-01
4.883934197051360560e-01
4.855772959665558552e-01
4.828035779853908083e-01
4.800743401630669926e-01
4.773916256771934541e-01
4.747574448280917347e-01
4.721737734110307283e-01
4.696425511155557508e-01
4.671656799533021043e-01
4.647450227156486036e-01
4.623824014625353973e-01
4.600795960437601972e-01
4.578383426540039713e-01
4.556603324228306606e-01
4.535472100408873830e-01
4.515005724234490980e-01
4.495219674124695253e-01
4.476128925182319418e-01
4.457747937016670603e-01
4.440090641983856501e-01
4.423170433853844119e-01
4.407000156914203659e-01
4.391592095519309402e-01
4.376957964093954323e-01
4.363108897599628500e-01
4.350055442471246758e-01
4.337807548032051597e-01
4.326374558393445979e-01
4.315765204846455649e-01
4.305987598751043754e-01
4.297049224928855549e-01
4.288956935564679496e-01
4.281716944621388743e-01
4.275334822772694499e-01
4.269815492939769142e-01
4.265163225959726079e-01
4.261381637532639655e-01
4.258473684984050434e-01
4.256441664899369703e-01
4.255287211057535157e-01
4.255011293920989424e-01
4.255614218107096614e-01
4.257095623800206674e-01
4.259454486144723662e-01
4.262689116193861261e-01
4.266797161950893758e-01
4.271775611275159812e-01
4.277620792680373318e-01
4.284328379263114828e-01
4.291893391867724894e-01
4.300310203024031441e-01
4.309572541399728784e-01
4.319673496763027365e-01
4.330605525450128557e-01
4.342360456332496899e-01
4.354929497277721939e-01
4.368303242097812955e-01
4.382471677978024283e-01
4.397424193379223523e-01
4.413149586406130975e-01
4.429636073633451687e-01
4.446871299381664477e-01
4.464842345433683302e-01
4.483535741183275469e-01
4.502937474205842561e-01
4.523033001241693052e-01
4.543807259581763569e-01
4.565244678845244986e-01
4.587329193138294237e-01
4.610044253582856744e-01
4.633372841204064230e-01
4.657297480164591663e-01
4.681800251334037322e-01
4.706862806181040804e-01
4.732466380975736686e-01
4.758591811289762941e-01
4.785219546780931088e-01
4.812329666249463567e-01
4.839901892952274687e-01
4.867915610161965834e-01
4.896349876956667679e-01
4.925183444226917118e-01
4.954394770885588439e-01
4.983962040266635141e-01
5.013863176698387658e-01
5.044075862237034080e-01
5.074577553545877029e-01
5.105345498905666801e-01
5.136356755341479063e-01
5.167588205851391114e-01
5.199016576722391703e-01
5.230618454918437576e-01
5.262370305526510306e-01
5.294248489245116929e-01
5.326229279901242286e-01
5.358288881980560747e-01
5.390403448156456667e-01
5.422549096803233049e-01
5.454701929478866784e-01
5.486838048362970843e-01
5.518933573635552703e-01
5.550964660782270466e-01
5.582907517812213394e-01
5.614738422374017102e-01
5.646433738756564402e-01
5.677969934760634940e-01
5.709323598427842317e-01
5.740471454613769176e-01
5.771390381391773294e-01
5.802057426274944696e-01
5.832449822243265247e-01
5.862545003563455204e-01
5.892320621389468549e-01
5.921754559131384710e-01
5.950824947581170310e-01
5.979510179783610324e-01
6.007788925641509570e-01
6.035640146243983484e-01
6.063043107907376550e-01
6.089977395918542147e-01
6.116422927760196693e-01
6.142359967051449487e-01
6.167769135133012171e-01
6.192631424308729926e-01
6.216928209765101299e-01
6.240641261330006628e-01
6.263752754870659523e-01
6.286245283323558253e-01
6.308101867348683278e-01
6.329305965601644823e-01
6.349841484616811638e-01
6.369692788679262030e-01
6.388844707390797240e-01
6.407282546614552210e-01
6.424992095250821045e-01
6.441959633462677193e-01
6.458171940111837595e-01
6.473616299771214333e-01
6.488280509310666577e-01
6.502152884053093995e-01
6.515222263498434696e-01
6.527478016613150746e-01
6.538910046683744648e-01
6.549508795732659205e-01
6.559265248495831369e-01
6.568170935961225032e-01
6.576217938468141844e-01
6.583398888367799628e-01
6.589706972245319427e-01
6.595135932704666581e-01
6.599680069717515085e-01
6.603334241538094673e-01
6.606093865186009051e-01
6.607954916499556575e-01
6.608913929762647577e-01
6.608967996908234888e-01
6.608114766302192189e-01
6.606352441111444929e-01
6.603679777260706985e-01
6.600096080982496005e-01
6.595601205965341274e-01
6.590195550105575339e-01
6.583880051868546968e-01
6.576656186264526749e-01
6.568525960446535139e-01
6.559491908935830562e-01
6.549557088482176326e-01
6.538725072566308194e-01
6.526999945551364979e-01
6.514386296491561090e-01
6.500889212605580614e-01
6.486514272423049565e-01
6.471267538612409664e-01
6.455155550498836714e-01
6.438185316280943260e-01
6.420364304955383794e-01
6.401700437958621759e-01
6.382202080535119837e-01
6.361878032841628006e-01
6.340737520797381510e-01
6.318790186689919874e-01
6.296046079546758767e-01
6.272515645283132102e-01
6.248209716635557687e-01
6.223139502892676145e-01
6.197316579432571304e-01
6.170752877078349297e-01
6.143460671281864016e-01
6.115452571146473559e-01
6.086741508305180126e-01
6.057340725628435063e-01
6.027263765880416235e-01
5.996524460155637781e-01
5.965136916285365132e-01
5.933115507117842080e-01
5.900474858718686155e-01
5.867229838497165506e-01
5.833395543269647154e-01
5.798987287270283009e-01
5.764020590120237930e-01
5.728511164765947017e-01
5.692474905396875950e-01
5.655927875353495837e-01
5.618886295035747658e-01
5.581366529822409106e-01
5.543385078011395795e-01
5.504958558960628690e-01
5.466103700435291923e-01
5.426837327651472531e-01
5.387176350759088628e-01
5.347137753193160759e-01
5.306738579947425372e-01
5.265995925936556299e-01
5.224926924455883803e-01
5.183548735747502967e-01
5.141878535681432272e-01
5.099933504296654263e-01
5.057730815784432510e-01
5.015287626003587240e-01
4.972621062736415354e-01
4.929748214810300011e-01
4.886686121637554003e-01
4.843451762924814163e-01
4.800062048558192407e-01
4.756533808671139507e-01
4.712883783901297141e-01
4.669128615842207397e-01
4.625284837695846085e-01
4.581368865131555390e-01
4.537396987356381306e-01
4.493385358402230412e-01
4.449349988634179187e-01
4.405306736484548846e-01
4.361271300417063346e-01
4.317259211124681029e-01
4.273285823965012331e-01
4.229366311636497677e-01
4.185515657098455300e-01
4.141748646737694606e-01
4.098079863784410692e-01
4.054523681979270711e-01
4.011094259493905856e-01
3.967805533106283922e-01
3.924671212632350192e-01
3.881704775615184566e-01
3.838919462272337157e-01
3.796328270701937457e-01
3.753943952347934543e-01
3.711779007724385626e-01
3.669845682398564235e-01
3.628155963232444492e-01
3.586721574881664987e-01
3.545553976551097941e-01
3.504664359005635332e-01
3.464063641834619900e-01
3.423762470968405025e-01
3.383771216444771968e-01
3.344099970423019541e-01
3.304758545443481910e-01
3.265756472929507437e-01
3.227102999318008925e-01
3.188807098093490167e-01
3.150877442888166957e-01
3.113322433034709236e-01
3.076150180177915638e-01
3.039368510775338206e-01
3.002984966205027306e-01
2.967006803086968958e-01
2.931440993814067308e-01
2.896294227288068734e-01
2.861572909855597535e-01
2.827283166439590323e-01
2.793430841861057612e-01
2.760021502346061140e-01
2.727060437212759925e-01
2.694552660732946192e-01
2.662502914162984125e-01
2.630915667938166225e-01
2.599795124025154336e-01
2.569145218426730493e-01
2.538969623832875167e-01
2.509271752412554068e-01
2.480054758740105059e-01
2.451321542850359858e-01
2.423074753416404326e-01
2.395316791043961280e-01
2.368049811676413707e-01
2.341275730104073471e-01
2.314996223572018119e-01
2.289212735480036232e-01
2.263926479168610062e-01
2.239138441762600351e-01
2.214849388200571811e-01
2.191059865110250304e-01
2.167770204965470682e-01
2.144980530190450374e-01
2.122690757335539691e-01
2.100900601297002457e-01
2.079609579575116274e-01
2.058817016564879754e-01
2.038522047873515819e-01
2.018723624659331528e-01
1.999420518002484048e-01
1.980611323203464169e-01
1.962294464256039150e-01
1.944468198146937776e-01
1.927130619238673903e-01
1.910279663624214197e-01
1.893913113466629827e-01
1.878028601318948443e-01
1.862623614419709472e-01
1.847695498959681937e-01
1.833241464315403524e-01
1.819258587245475012e-01
1.805743816045488337e-01
1.792693974657615930e-01
1.780105766731399641e-01
1.767975779631855149e-01
1.756300488391711323e-01
1.745076259604418922e-01
1.734299355254827757e-01
1.723965936484748163e-01
1.714072067290463297e-01
1.704613718149731727e-01
1.695586769575859465e-01
1.686987015596552730e-01
1.678810167155558031e-01
1.671051855435124467e-01
1.663707635097670112e-01
1.656772987445036538e-01
1.650243323493966185e-01
1.644113986966742325e-01
1.638380257195745093e-01
1.633037351941370452e-01
1.628080430122378075e-01
1.623504594458350936e-01
1.619304894023887442e-01
1.615476326714305744e-01
1.612013841622995658e-01
1.608912341330477891e-01
1.606166684105540532e-01
1.603771686018992393e-01
1.601722122970595241e-01
1.600012732630061163e-01
1.598638216293032654e-01
1.597593240653081836e-01
1.596872439491162643e-01
1.596470415283622601e-01
1.596381740730566101e-01
1.596600960206024655e-01
1.597122591131799885e-01
1.597941125276885477e-01
1.599051029984415728e-01
1.600446749328387486e-01
1.602122705202275732e-01
1.604073298341976428e-01
1.606292909285479409e-01
1.608775899271828735e-01
1.611516611081983963e-01
1.614509369824325968e-01
1.617748483667515447e-01
1.621228244523680306e-01
1.624942928684751653e-01
1.628886797415008969e-01
1.633054097502853463e-01
1.637439061774865756e-01
1.642035909575377262e-01
1.646838847214580626e-01
1.651842068388570950e-01
1.657039754574401447e-01
1.662426075403418135e-01
1.667995189016244495e-01
1.673741242402578822e-01
1.679658371729107202e-01
1.685740702658835299e-01
1.691982350665075796e-01
1.698377421343315041e-01
1.704920010600179392e-01
1.711604205457844252e-01
1.718424083661960200e-01
1.725373714485885224e-01
1.732447158964900980e-01
1.739638470262060144e-01
1.746941694053784078e-01
1.754350868938066577e-01
1.761860026868126983e-01
1.769463193614409513e-01
1.777154389257461220e-01
1.784927628934973309e-01
1.792776922530479322e-01
1.800696276573535426e-01
1.808679694024243334e-01
1.816721175171125691e-01
1.824814718362018640e-01
1.832954320782461677e-01
1.841133979283488264e-01
1.849347691260655735e-01
1.857589455586069471e-01
1.865853273594984263e-01
1.874133150128471093e-01
1.882423094633493554e-01
1.890717122321640964e-01
1.899009255387602013e-01
1.907293524288365960e-01
1.915563969083960982e-01
1.923814640840448287e-01
1.932039603095708769e-01
1.940232933388469916e-01
1.948388724850835807e-01
1.956501087864455646e-01
1.964564151780341383e-01
1.972572066702183990e-01
1.980519005332883331e-01
1.988399164883840053e-01
1.996206769046475205e-01
2.003936070025218452e-01
2.011581350631138632e-01
2.019136926435194657e-01
2.026597147979982694e-01
2.033956403048697570e-01
2.041209118989858462e-01
2.048349765096317276e-01
2.055372855036760038e-01
2.062272949338001538e-01
2.069044657916023766e-01
2.075682642653692844e-01
2.082181620023015045e-01
2.088536363749528557e-01
2.094741707516439011e-01
2.100792547705900293e-01
2.106683846174783881e-01
2.112410633062136445e-01
2.117968009625450787e-01
2.123351151102758072e-01
2.128555309597424672e-01
2.133575816982490048e-01
2.138408087821273840e-01
2.143047622300855715e-01
2.147490009175038739e-01
2.151730928713271040e-01
2.155766155651855920e-01
2.159591562143941268e-01
2.163203120704433879e-01
2.166596907146158824e-01
2.169769103503410568e-01
2.172716000939017567e-01
2.175434002631049801e-01
2.177919626635184402e-01
2.180169508718789451e-01
2.182180405162777170e-01
2.183949195527090381e-01
2.185472885375932262e-01
2.186748608958686557e-01
2.187773631842420408e-01
2.188545353492078738e-01
2.189061309794246291e-01
2.189319175520584027e-01
2.189316766726903396e-01
2.189052043083977994e-01
2.188523110136215977e-01
2.187728221484273039e-01
2.186665780887855071e-01
2.185334344284926567e-01
2.183732621929795059e-01
2.181859479420525660e-01
2.179713940648843606e-01
2.177295188657961122e-01
2.174602567384473772e-01
2.171635583100833822e-01
2.168393905749887440e-01
2.164877370168353521e-01
2.161085977196220698e-01
2.157019894669139348e-01
2.152679457991376888e-01
2.148065172077384122e-01
2.143177710200387664e-01
2.138017915666528546e-01
2.132586801890260508e-01
2.126885552629920184e-01
2.120915522089270311e-01
2.114678234882965968e-01
2.108175385864418661e-01
2.101408839814237206e-01
2.094380630987898451e-01
2.087092962521369388e-01
2.079548205693401708e-01
2.071748899043740211e-01
2.063697747346182887e-01
2.055397620436035799e-01
2.046851551891395726e-01
2.038062737567931104e-01
2.029034533987074951e-01
2.019770456577633932e-01
2.010274177771003423e-01
2.000549524950417934e-01
1.990600478254715144e-01
1.980431168237482553e-01
1.970045873382336443e-01
1.959449017475547450e-01
1.948645166837219556e-01
1.937639027412484394e-01
1.926435441724356767e-01
1.915039385689942253e-01
1.903455965302142672e-01
1.891690413178847008e-01
1.879748084981965606e-01
1.867634455708866992e-01
1.855355115858747239e-01
1.842915767476871747e-01
1.830322220079614315e-01
1.817580386463343856e-01
1.804696278400735598e-01
1.791676002227632347e-01
1.778525754324291608e-01
1.765251816494740611e-01
1.751860551248020093e-01
1.738358396985537346e-01
1.724751863098609450e-01
1.711047524980483514e-01
1.697252018957424446e-01
1.683372037143181510e-01
1.669414322221869917e-01
1.655385662163691707e-01
1.641292884878733094e-01
1.627142852813646123e-01
1.612942457496324700e-01
1.598698614033999266e-01
1.584418255569748912e-01
1.570108327703008955e-01
1.555775782879445512e-01
1.541427574755686314e-01
1.527070652544622598e-01
1.512711955346675852e-01
1.498358406473027093e-01
1.484016907766260163e-01
1.469694333924318197e-01
1.455397526833628330e-01
1.441133289917059801e-01
1.426908382502663220e-01
1.412729514219071558e-01
1.398603339423254155e-01
1.384536451666684986e-01
1.370535378205585963e-01
1.356606574561128598e-01
1.342756419135477386e-01
1.328991207889216875e-01
1.315317149086160653e-01
1.301740358111019569e-01
1.288266852208815871e-01
1.274902546087617328e-01
1.261653246062512668e-01
1.248524645832649188e-01
1.235522321595034362e-01
1.222651727415529077e-01
1.209918190710880664e-01
1.197326907846356231e-01
1.184882939854485229e-01
1.172591208279381431e-01
1.160456491151475311e-01
1.148483419283829604e-01
1.136676471776134761e-01
1.125039973525116949e-01
1.113578091021829031e-01
1.102294829230730244e-01
1.091194028439147201e-01
1.080279361266349436e-01
1.069554329836080592e-01
1.059022263115723533e-01
1.048686314425442967e-01
1.038549459120412799e-01
1.028614492448836348e-01
1.018884027588655428e-01
1.009360493865290864e-01
1.000046135152744403e-01
9.909430084602723066e-02
9.820529827064353179e-02
9.733777376821911576e-02
9.649187632047721841e-02
9.566773584632515259e-02
9.486546315572695620e-02
9.408514992295173573e-02
9.332686867927385277e-02
9.259067282516808550e-02
9.187659666201809794e-02
9.118465544334397599e-02
9.051484544551689770e-02
8.986714405792681215e-02
8.924150989253391841e-02
8.863788291270892350e-02
8.805618458126519832e-02
8.749631802753338183e-02
8.695816823334127921e-02
8.644160223771178708e-02
8.594646936008337734e-02
8.547260144183757569e-02
8.501981310588480056e-02
8.458790203405985864e-02
8.417664926202624021e-02
8.378581949140372076e-02
8.341516141878704826e-02
8.306440808130417797e-02
8.273327721836797044e-02
8.242147164921936886e-02
8.212867966587716895e-02
8.185457544106417016e-02
8.159881945066195519e-02
8.136105891026385040e-02
8.114092822532199822e-02
8.093804945441644694e-02
8.075203278514031524e-02
8.058247702206217111e-02
8.042897008624640132e-02
8.029108952576535785e-02
8.016840303664406198e-02
8.006046899365915070e-02
7.996683699038775739e-02
7.988704838792051732e-02
7.982063687160301235e-02
7.976712901519167342e-02
7.972604485178701184e-02
7.969689845088304136e-02
7.967919850090783573e-02
7.967244889655462903e-02
7.967614933026462287e-02
7.968979588717177431e-02
7.971288164282706867e-02
7.974489726302540216e-02
7.978533160502428168e-02
7.983367231948801379e-02
7.988940645243834682e-02
7.995202104652247843e-02
8.002100374090237445e-02
8.009584336906282187e-02
8.017603055383280830e-02
8.026105829903140698e-02
8.035042257611703376e-02
8.044362290838329155e-02
8.054016294645233165e-02
8.063955103948411418e-02
8.074130080104793827e-02
8.084493165530166892e-02
8.094996940521281825e-02
8.105594675153118822e-02
8.116240383248923829e-02
8.126888874123941453e-02
8.137495803931171778e-02
8.148017723509175247e-02
8.158412129649923739e-02
8.168637510580058214e-02
8.178653392341379835e-02
8.188420383363363697e-02
8.197900217607843876e-02
8.207055796232357037e-02
8.215851227720391559e-02
8.224251866430282165e-02
8.232224349512093364e-02
8.239736632148565720e-02
8.246758021074952760e-02
8.253259206334859210e-02
8.259212291233027081e-02
8.264590820444737973e-02
8.269369806247220400e-02
8.273525752838055414e-02
8.277036678708901696e-02
8.279882137044700108e-02
8.282043234120610442e-02
8.283502645672277676e-02
8.284244631215510746e-02
8.284255046296373770e-02
8.283521352651883329e-02
8.282032626267438191e-02
8.279779563316749802e-02
8.276754483974277377e-02
8.272951334091498132e-02
8.268365684731947274e-02
8.262994729561694285e-02
8.256837280095029319e-02
8.249893758796805754e-02
8.242166190046790186e-02
8.233658188973261294e-02
8.224374948164482613e-02
8.214323222272254532e-02
8.203511310520600341e-02
8.191949037138260281e-02
8.179647729734795814e-02
8.166620195641929869e-02
8.152880696246864178e-02
8.138444919342903427e-02
8.123329949529406457e-02
8.107554236692425531e-02
8.091137562600159150e-02
8.074101005652364882e-02
8.056466903821062064e-02
8.038258815825703729e-02
8.019501480586663233e-02
8.000220775002375717e-02
7.980443670100054177e-02
7.960198185608835519e-02
7.939513343009399482e-02
7.918419117113660588e-02
7.896946386231472326e-02
7.875126880982900868e-02
7.852993131815239058e-02
7.830578415289063399e-02
7.807916699193800936e-02
7.785042586561435884e-02
7.761991258642428337e-02
7.738798416914025036e-02
7.715500224189995870e-02
7.692133244902844835e-02
7.668734384630759848e-02
7.645340828943353317e-02
7.621989981639731848e-02
7.598719402455869631e-02
7.575566744316224177e-02
7.552569690208250919e-02
7.529765889757163155e-02
7.507192895579199721e-02
7.484888099494774183e-02
7.462888668678079040e-02
7.441231483539739733e-02
7.419953067208162611e-02
7.399089532050551199e-02
7.378676509735473954e-02
7.358749089922900222e-02
7.339341757734030303e-02
7.320488331722573017e-02
7.302221902428059075e-02
7.284574771591278974e-02
7.267578392111634367e-02
7.251263308823592546e-02
7.235659097870944523e-02
7.220794318532328115e-02
7.206696443216696613e-02
7.193391811395916102e-02
7.180905573374136985e-02
7.169261637598359216e-02
7.158482619317935169e-02
7.148589790662919496e-02
7.139603032212502032e-02
7.131540786119971997e-02
7.124420010862446417e-02
7.118256137679009055e-02
7.113063028761826279e-02
7.108852937260641547e-02
7.105636469160801771e-02
7.103422547092638761e-02
7.102218376127404642e-02
7.102029411613772214e-02
7.102859329106106512e-02
7.104709996433289376e-02
7.107581447956115572e-02
7.111471861055876365e-02
7.116377534898525592e-02
7.122292871511788637e-02
7.129210359214036008e-02
7.137120558428376726e-02
7.146012089913865439e-02
7.155871625443782635e-02
7.166683880956131736e-02
7.178431612201371936e-02
7.191095612907069667e-02
7.204654715477964988e-02
7.219085794246851706e-02
7.234363771287577460e-02
7.250461624800613736e-02
7.267350400076406924e-02
7.284999223040472538e-02
7.303375316380628091e-02
7.322444018252977083e-02
7.342168803562278134e-02
7.362511307806357541e-02
7.383431353474383119e-02
7.404886978983245271e-02
7.426834470134681399e-02
7.449228394072501813e-02
7.472021635715769827e-02
7.495165436641559875e-02
7.518609436387214962e-02
7.542301716140005496e-02
7.566188844778092004e-02
7.590215927224140680e-02
7.614326655071458616e-02
7.638463359436598044e-02
7.662567065993458604e-02
7.686577552137813241e-02
7.710433406230329800e-02
7.734072088863085115e-02
7.757429996092124469e-02
7.780442524575059693e-02
7.803044138552359121e-02
7.825168438605621668e-02
7.846748232126554701e-02
7.867715605426470193e-02
7.888001997414031963e-02
7.907538274767614284e-02
7.926254808525073914e-02
7.944081552013657066e-02
7.960948120039246234e-02
7.976783869252718207e-02
7.991517979610311684e-02
8.005079536841352983e-02
8.017397615836907576e-02
8.028401364871409762e-02
8.038020090564856890e-02
8.046183343497742557e-02
8.052821002086438251e-02
8.057863368375267621e-02
8.061241241356498222e-02
8.062886013340783697e-02
8.062729755152073241e-02
8.060705303665316457e-02
8.056746349327761902e-02
8.050787523563741888e-02
8.042764485965317456e-02
8.032614011169411650e-02
8.020274077707748028e-02
8.005683944402318397e-02
7.988784250059256797e-02
7.969517088522187764e-02
7.947826094889755277e-02
7.923656528429044721e-02
7.896955354484005984e-02
7.867671325279768091e-02
7.835755059527806099e-02
7.801159120734414698e-02
7.763838094118760691e-02
7.723748662045518132e-02
7.680849677879457438e-02
7.635102238170238254e-02
7.586469753077798583e-02
7.534918014947597498e-02
7.480415264950347753e-02
7.422932257698947045e-02
7.362442323759554874e-02
7.298921429974047914e-02
7.232348237513872014e-02
7.162704157586996523e-02
7.089973404721849892e-02
7.014143047554258215e-02
6.935203057046393504e-02
6.853146352067414349e-02
6.767968842270147278e-02
6.679669468199070370e-02
6.588250238568377215e-02
6.493716264650786774e-02
6.396075791722208304e-02
6.295340227506987518e-02
6.191524167576559212e-02
6.084645417650561688e-02
5.974725012760186138e-02
5.861787233229001637e-02
5.745859617435332412e-02
5.626972971322528883e-02
5.505161374622018211e-02
5.380462183765757911e-02
5.252916031458946394e-02
5.122566822894827898e-02
4.989461728592751999e-02
4.853651173843910593e-02
4.715188824755484759e-02
4.574131570885243275e-02
4.430539504461768197e-02
4.284475896192519589e-02
4.136007167659285638e-02
3.985202860311871237e-02
3.832135601067881286e-02
3.676881064533109311e-02
3.519517931861705640e-02
3.360127846274988533e-02
3.198795365265708068e-02
3.035607909515538119e-02
2.870655708557368069e-02
2.704031743218666267e-02
2.535831684884183937e-02
2.366153831620719863e-02
2.195099041210732405e-02
2.022770661142490878e-02
1.849274455610953188e-02
1.674718529585202814e-02
1.499213250000171541e-02
1.322871164138687827e-02
1.145806915265056881e-02
9.681371555834667603e-03
7.899804565897981107e-03
6.114572168937414814e-03
4.326895675885830683e-03
2.538012752484865298e-03
7.491764263864823803e-04
-1.038345927774277089e-03
-2.823273624437613871e-03
-4.604313710216832028e-03
-6.380162092389601164e-03
-8.149504553013175306e-03
-9.911017913512967792e-03
-1.166337114881844071e-02
-1.340522653018300092e-02
-1.513524078227077886e-02
-1.685206625341085021e-02
-1.855435209796183621e-02
-2.024074546967942478e-02
-2.190989272495198759e-02
-2.356044064390265536e-02
-2.519103761312400241e-02
-2.680033490774581112e-02
-2.838698788496793468e-02
-2.994965722906819949e-02
-3.148701018976914068e-02
-3.299772182231393292e-02
-3.448047622808346480e-02
-3.593396779451909356e-02
-3.735690243314938180e-02
-3.874799881452605649e-02
-4.010598959881771230e-02
-4.142962266088807965e-02
-4.271766230861548386e-02
-4.396889049325058280e-02
-4.518210801061203763e-02
-4.635613569190343702e-02
-4.748981558296445221e-02
-4.858201211076156739e-02
-4.963161323593266727e-02
-5.063753159022340439e-02
-5.159870559763702486e-02
-5.251410057816920107e-02
-5.338270983297074140e-02
-5.420355570982952897e-02
-5.497569064786213267e-02
-5.569819820031703811e-02
-5.637019403443373211e-02
-5.699082690729093126e-02
-5.755927961661313347e-02
-5.807476992553171208e-02
-5.853655146030357220e-02
-5.894391458002268963e-02
-5.929618721738872528e-02
-5.959273568960670592e-02
-5.983296547853765579e-02
-6.001632197923065931e-02
-6.014229121600812161e-02
-6.021040052529225833e-02
-6.022021920440662202e-02
-6.017135912559955224e-02
-6.006347531458381545e-02
-5.989626649291011906e-02
-5.966947558352660858e-02
-5.938289017891741628e-02
-5.903634297123248886e-02
-5.862971214387721619e-02
-5.816292172404791128e-02
-5.763594189574210158e-02
-5.704878927282153872e-02
-5.640152713171474319e-02
-5.569426560341991100e-02
-5.492716182447747453e-02
-5.410042004663184051e-02
-5.321429170495626387e-02
-5.226907544421335872e-02
-5.126511710332382066e-02
-5.020280965778475823e-02
-4.908259311999092767e-02
-4.790495439739322209e-02
-4.667042710850659304e-02
-4.537959135680674772e-02
-4.403307346259416333e-02
-4.263154565294494103e-02
-4.117572570992020231e-02
-3.966637657722368177e-02
-3.810430592556674628e-02
-3.649036567700494199e-02
-3.482545148858650491e-02
-3.311050219566682995e-02
-3.134649921528989691e-02
-2.953446591009271233e-02
-2.767546691318547442e-02
-2.577060741455399623e-02
-2.382103240952707091e-02
-2.182792590392282350e-02
-1.979251011182617953e-02
-1.771604455973815537e-02
-1.559982521187396054e-02
-1.344518353316300971e-02
-1.125348552383528822e-02
-9.026130720999362908e-03
-6.764551168004839798e-03
-4.470210352504378620e-03
-2.144602114084646904e-03
2.107504775913475459e-04
2.594296261882641716e-03
5.004457209834375919e-03
7.439629562124560128e-03
9.898185102901265950e-03
1.237847240325835180e-02
1.487881809888351274e-02
1.739752818991435052e-02
1.993288936186177543e-02
2.248317032641823990e-02
2.504662318099586810e-02
2.762148478578719396e-02
3.020597815711443049e-02
3.279831387585977615e-02
3.539669150969632083e-02
3.799930104788463991e-02
4.060432434733488027e-02
4.320993658865338038e-02
4.581430774087702495e-02
4.841560403357782205e-02
5.101198943502948530e-02
5.360162713509575294e-02
5.618268103153641058e-02
5.875331721837083465e-02
6.131170547498202006e-02
6.385602075459667626e-02
6.638444467085255485e-02
6.889516698104337922e-02
7.138638706478174500e-02
7.385631539669124113e-02
7.630317501182631856e-02
7.872520377731662133e-02
8.112065176522276211e-02
8.348779083636036213e-02
8.582490791538376074e-02
8.813031047425026743e-02
9.040232711176995894e-02
9.263930893163917213e-02
9.483963090292987785e-02
9.700169320179721777e-02
9.912392253319381175e-02
1.012047734314286407e-01
1.032427295383652882e-01
1.052363048581507615e-01
1.071840449873052853e-01
1.090845283191244075e-01
1.109363672212697882e-01
1.127382091855166912e-01
1.144887379486382584e-01
1.161866745834072290e-01
1.178307785587685147e-01
1.194198487682239379e-01
1.209527245255249406e-01
1.224282865267943554e-01
1.238454577782242827e-01
1.252032044885390549e-01
1.265005369254431633e-01
1.277365102352933102e-01
1.289102252253031822e-01
1.300208291075765632e-01
1.310675162043555275e-01
1.320495286138564928e-01
1.329661568361366619e-01
1.338167403584655246e-01
1.346006681996972376e-01
1.353173794132036256e-01
1.359663635479523291e-01
1.365471610673482661e-01
1.370593637255158592e-01
1.375026149007185783e-01
1.378766098856694100e-01
1.381810961345190658e-01
1.384158734663401835e-01
1.385807942249910607e-01
1.386757633952581115e-01
1.387007386752283078e-01
1.386557304824558301e-01
1.385408020281349850e-01
1.383560691249827446e-01
1.381017001732625649e-01
1.377779159930340169e-01
1.373849896351780064e-01
1.369232461494382380e-01
1.363930623097694417e-01
1.357948662973048337e-01
1.351291373412847885e-01
1.343964053434026917e-01
1.335972503357158170e-01
1.327323021481226495e-01
1.318022397854672623e-01
1.308077908898989117e-01
1.297497311391493935e-01
1.286288836062907670e-01
1.274461180816396921e-01
1.262023503574683514e-01
1.248985414762484036e-01
1.235356969431710417e-01
1.221148659037181172e-01
1.206371402870943244e-01
1.191036539163613239e-01
1.175155815861339409e-01
1.158741381087356470e-01
1.141805773321123707e-01
1.124361911138488240e-01
1.106423083020523085e-01
1.088002936411234384e-01
1.069115466864003217e-01
1.049775006789540333e-01
1.029996213981735909e-01
1.009794059908610819e-01
9.891838177793566000e-02
9.681810503986784666e-02
9.468015978197166782e-02
9.250615648071715269e-02
9.029773081221328934e-02
8.805654236404626689e-02
8.578427333165784818e-02
8.348262720045876439e-02
8.115332741489483803e-02
7.879811603566480582e-02
7.641875238632753198e-02
7.401701169051086437e-02
7.159468370095699308e-02
6.915357132164948184e-02
6.669548922423026993e-02
6.422226245997304794e-02
6.173572506852084002e-02
5.923771868462940349e-02
5.673009114414909182e-02
5.421469509046368540e-02
5.169338658259824137e-02
4.916802370621617402e-02
4.664046518869439939e-02
4.411256901949095477e-02
4.158619107695332717e-02
3.906318376277171517e-02
3.654539464520561304e-02
3.403466511223807167e-02
3.153282903578876611e-02
2.904171144808575383e-02
2.656312723128807438e-02
2.409887982145100804e-02
2.165075992785735204e-02
1.922054426878355357e-02
1.680999432468292115e-02
1.442085510978891559e-02
1.205485396311336242e-02
9.713699359754753015e-03
7.399079743463684092e-03
5.112662381333378525e-03
2.856092241482024660e-03
6.309908945780085682e-04
-1.561044560011115752e-03
-3.718442542649956842e-03
-5.839658015690926164e-03
-7.923173478878910853e-03
-9.967499937158827428e-03
-1.197117784028890741e-02
-1.393277799359785539e-02
-1.585090243931454312e-02
-1.772418530791757679e-02
-1.955129361636267007e-02
-2.133092814832006009e-02
-2.306182407708574217e-02
-2.474275178233235201e-02
-2.637251752186522968e-02
-2.794996409330067350e-02
-2.947397146284125302e-02
-3.094345736085477722e-02
-3.235737784403102529e-02
-3.371472782390773359e-02
-3.501454156159032605e-02
-3.625589314949521219e-02
-3.743789685393680844e-02
-3.855970763456231798e-02
-3.962052141806503280e-02
-4.061957544390584762e-02
-4.155614855469742103e-02
-4.242956145259869222e-02
-4.323917692184700567e-02
-4.398440001757767531e-02
-4.466467822111597902e-02
-4.527950156194610054e-02
-4.582840270663450510e-02
-4.631095701496739520e-02
-4.672678256363491794e-02
-4.707554013781001245e-02
-4.735693319099127524e-02
-4.757070777353921559e-02
-4.771665243033114401e-02
-4.779459806801594768e-02
-4.780441779236624389e-02
-4.774602671625352568e-02
-4.761938173880714276e-02
-4.742448129633227566e-02
-4.716136508560322960e-02
-4.683011376015354388e-02
-4.643084860023579535e-02
-4.596373115710900015e-02
-4.542896287238287756e-02
-4.482678467311794479e-02
-4.415747654343859380e-02
-4.342135707342362205e-02
-4.261878298604505899e-02
-4.175014864296694439e-02
-4.081588553001291170e-02
-3.981646172313219045e-02
-3.875238133571674848e-02
-3.762418394811076205e-02
-3.643244402020971717e-02
-3.517777028800761485e-02
-3.386080514498097938e-02
-3.248222400923760078e-02
-3.104273467730003788e-02
-2.954307666547027408e-02
-2.798402053967636444e-02
-2.636636723472083471e-02
-2.469094736387832112e-02
-2.295862051974528750e-02
-2.117027456728959658e-02
-1.932682493002174998e-02
-1.742921387020847715e-02
-1.547840976406827766e-02
-1.347540637285024774e-02
-1.142122211073417354e-02
-9.316899310436953935e-03
-7.163503487448774805e-03
-4.962122603779050428e-03
-2.713866332107359516e-03
-4.198653212058867101e-04
1.918729536500499502e-03
4.300747834383384163e-03
6.725000377242140379e-03
9.190279902273425228e-03
1.169536179460314504e-02
1.423900479656189239e-02
1.681995170994316641e-02
1.943693009049408948e-02
2.208865293389309509e-02
2.477381935249830386e-02
2.749111524219377545e-02
3.023921393862529297e-02
3.301677686220505503e-02
3.582245415124851728e-02
3.865488528262735202e-02
4.151269967939789918e-02
4.439451730479545416e-02
4.729894924131466255e-02
5.022459825981276382e-02
5.317005936298164342e-02
5.613392032499694984e-02
5.911476220875266224e-02
6.211115986579182624e-02
6.512168243371019294e-02
6.814489378105503814e-02
7.117935298218149021e-02
7.422361473902919227e-02
7.727622979924646252e-02
8.033574534751486418e-02
8.340070540989209802e-02
8.646965117862467909e-02
8.954112137830848306e-02
9.261365258420949098e-02
9.568577952771561979e-02
9.875603538312396901e-02
1.018229520358202300e-01
1.048850603318762231e-01
1.079408903091251259e-01
1.109889714098585695e-01
1.140278326752469928e-01
1.170560029216627523e-01
1.200720108991463198e-01
1.230743854321496716e-01
1.260616555429220353e-01
1.290323505577470886e-01
1.319850001964006647e-01
1.349181346451532593e-01
1.378302846136844895e-01
1.407199813763388430e-01
1.435857567981161098e-01
1.464261433458978745e-01
1.492396740853506043e-01
1.520248826640482054e-01
1.547803032813130919e-01
1.575044706453561927e-01
1.601959199182925730e-01
1.628531866496326641e-01
1.654748066988706301e-01
1.680593161478070585e-01
1.706052512032932844e-01
1.731111480910539902e-01
1.755755429413348723e-01
1.779969716670105617e-01
1.803739698349960952e-01
1.827050725316206603e-01
1.849888142227830989e-01
1.872237286096582742e-01
1.894083484807053130e-01
1.915412055608562425e-01
1.936208303586059443e-01
1.956457520119041504e-01
1.976144981336377116e-01
1.995255946575264228e-01
2.013775656853131757e-01
2.031689333360663374e-01
2.048982175984415954e-01
2.065639361867824819e-01
2.081646044018696240e-01
2.096987349971979886e-01
2.111648380516462642e-01
2.125614208493408486e-01
2.138869877676115583e-01
2.151400401738315371e-01
2.163190763320065879e-01
2.174225913199330229e-01
2.184490769577315250e-01
2.193970217485887442e-01
2.202649108324676308e-01
2.210512259536064339e-01
2.217544454425689482e-01
2.223730442136045982e-01
2.229054937780498846e-01
2.233502622745250910e-01
2.237058145165957690e-01
2.239706120586614224e-01
2.241431132806387949e-01
2.242217734922133388e-01
2.242050450571756171e-01
2.240913775385308115e-01
2.238792178649255393e-01
2.235670105189709322e-01
2.231531977479775664e-01
2.226362197976307078e-01
2.220145151381322512e-01
2.212865208676851325e-01
2.204506728357829570e-01
2.195054060931725393e-01
2.184491552171499706e-01
2.172803546918922191e-01
2.159974393145123461e-01
2.145988446270532535e-01
2.130830073746662612e-01
2.114483659902046675e-01
2.096933611053554136e-01
2.078164361306393815e-01
2.058160376522223944e-01
2.036906162739912929e-01
2.014386270697217651e-01
1.990585302697013281e-01
1.965487919328624544e-01
1.939078846456492311e-01
1.911342882475419724e-01
1.882264905830644264e-01
1.851829882800745675e-01
1.820022875541355556e-01
1.786829050386667395e-01
1.752233686405839652e-01
1.716222184211118607e-01
1.678780075013216466e-01
1.639893029920690970e-01
1.599546869477919131e-01
1.557727573437281410e-01
1.514421290760145089e-01
1.469614349840842604e-01
1.423293268948023771e-01
1.375444766876474378e-01
1.326055773803145321e-01
1.275113442340201075e-01
1.222605158777502754e-01
1.168518554507062684e-01
1.112841517621100951e-01
1.055562204675547650e-01
9.966690526100401015e-02
9.361507908155908275e-02
8.739964533403934976e-02
8.101953912243295419e-02
7.447372849517208682e-02
6.776121570131454774e-02
6.088103845643860063e-02
5.383227121733815540e-02
4.661402646425710089e-02
3.922545598965249125e-02
3.166575219230177707e-02
2.393414937555089772e-02
1.602992504858379019e-02
7.952401229395736348e-03
-2.990542516508598592e-04
-8.725026449016792807e-03
-1.732605200116422994e-02
-2.610261783297239402e-02
-3.505515986276193374e-02
-4.418406171518142467e-02
-5.348965344125135302e-02
-6.297221024702541470e-02
-7.263195123200444359e-02
-8.246903813887322687e-02
-9.248357411578290999e-02
-1.026756024925201960e-01
-1.130451055720812642e-01
-1.235920034387714694e-01
-1.343161527844923264e-01
-1.452173457543460833e-01
-1.562953088129976353e-01
-1.675497016332486433e-01
-1.789801160079942388e-01
-1.905860747871347405e-01
-2.023670308406023133e-01
-2.143223660489010640e-01
-2.264513903225717772e-01
-2.387533406517092505e-01
-2.512273827697126261e-01
-2.638725973536519276e-01
-2.766880049988691970e-01
-2.896725395752337562e-01
-3.028250603600625701e-01
-3.161443487127681418e-01
-3.296291073709962660e-01
-3.432779597868606536e-01
-3.570894495044208972e-01
-3.710620395360065826e-01
-3.851941119977432271e-01
-3.994839673609966724e-01
-4.139298241749220786e-01
-4.285298186242576524e-01
-4.432820041765622721e-01
-4.581843512778512317e-01
-4.732347470976744352e-01
-4.884309953242517710e-01
-5.037708160107545741e-01
-5.192518455281618373e-01
-5.348716362975922678e-01
-5.506276571205681591e-01
-5.665172930202836410e-01
-5.825378454081580060e-01
-5.986865322515895205e-01
-6.149604882975068243e-01
-6.313567653522095258e-01
-6.478723326178328357e-01
-6.645040770860847212e-01
-6.812488039893785929e-01
-6.981032373098816635e-01
-7.150640203466217537e-01
-7.321277163409054545e-01
-7.492908091603480703e-01
-7.665497040414046559e-01
-7.839007283907284407e-01
-8.013401326452389561e-01
-8.188640911908754427e-01
-8.364687033401374538e-01
-8.541499943679682350e-01
-8.719039166061606227e-01
-8.897263505958878937e-01
-9.076131062979345687e-01
-9.255599243607371962e-01
-9.435624774452990859e-01
-9.616163716070280643e-01
-9.797171477338080248e-01
-9.978602830396556822e-01
-1.016041192613700295e+00
-1.034255231023502253e+00
-1.052497693972294757e+00
-1.070763820009337008e+00
-1.089048792292444778e+00
-1.107347740402162994e+00
-1.125655742206405519e+00
-1.143967825774800717e+00
-1.162278971341857536e+00
-1.180584113317523887e+00
-1.198878142344693920e+00
-1.217155907401891390e+00
-1.235412217950492497e+00
-1.253641846125031156e+00
-1.271839528965317934e+00
-1.289999970689243325e+00
-1.308117845004790558e+00
-1.326187797459976059e+00
-1.344204447829306481e+00
-1.362162392535216426e+00
-1.380056207103107502e+00
-1.397880448648445295e+00
-1.415629658394276236e+00
-1.433298364217792109e+00
-1.450881083223989787e+00
-1.468372324345089464e+00
-1.485766590963884193e+00
-1.503058383559279010e+00
-1.520242202372460660e+00
-1.537312550091644248e+00
-1.554263934553971049e+00
-1.571090871462360816e+00
-1.587787887115890140e+00
-1.604349521151551050e+00
-1.620770329295595280e+00
-1.637044886122706489e+00
-1.653167787820888357e+00
-1.669133654960422986e+00
-1.684937135264702013e+00
-1.700572906381197402e+00
-1.716035678650566387e+00
-1.731320197871857536e+00
-1.746421248062078879e+00
-1.761333654207945854e+00
-1.776052285007941656e+00
-1.790572055602830170e+00
-1.804887930309371225e+00
-1.818994925255072115e+00
-1.832888111160019928e+00
-1.846562615937121787e+00
-1.860013627350832310e+00
-1.873236395636759033e+00
-1.886226236096224085e+00
-1.898978531663595426e+00
-1.911488735444644149e+00
-1.923752373224122181e+00
-1.935765045940511353e+00
-1.947522432097351430e+00
-1.959020290282313059e+00
-1.970254461361679255e+00
-1.981220870919586430e+00
-1.991915531514224957e+00
-2.002334544918884074e+00
-2.012474104317969470e+00
-2.022330496456315796e+00
-2.031900103740380548e+00
-2.041179406289457710e+00
-2.050164983935625074e+00
-2.058853518170779662e+00
-2.067241794039276215e+00
-2.075326701974840482e+00
-2.083105239580265611e+00
-2.090574513348628205e+00
-2.097731740324633609e+00
-2.104574249704887823e+00
-2.111099484375876578e+00
-2.117305002388429891e+00
-2.123188478367624921e+00
-2.128747704856995160e+00
-2.133980593596012998e+00
-2.138885176729945936e+00
-2.143459607951048174e+00
-2.147702163570323286e+00
-2.151611243518971595e+00
-2.155185372278756173e+00
-2.158423199740629350e+00
-2.161323501990874529e+00
-2.163885182024253950e+00
-2.166107270383538452e+00
-2.167988925724973370e+00
-2.169529435309221377e+00
-2.170728215417432772e+00
-2.171584811692076400e+00
-2.172098899402336247e+00
-2.172270283633799703e+00
