-3.431052299343672729e+00
-3.430812775698242056e+00
-3.430094292726677985e+00
-3.428897114275600622e+00
-3.427221679930759102e+00
-3.425068604779272885e+00
-3.422438679076918344e+00
-3.419332867820815913e+00
-3.415752310227683441e+00
-3.411698319118071421e+00
-3.407172380207017071e+00
-3.402176151301504969e+00
-3.396711461405371946e+00
-3.390780309732183362e+00
-3.384384864626796663e+00
-3.377527462396290758e+00
-3.370210606051080138e+00
-3.362436963957036618e+00
-3.354209368399544200e+00
-3.345530814060402758e+00
-3.336404456408674335e+00
-3.326833610006474817e+00
-3.316821746730877596e+00
-3.306372493913141142e+00
-3.295489632396442659e+00
-3.284177094513466066e+00
-3.272438961985190797e+00
-3.260279463742222106e+00
-3.247702973670213211e+00
-3.234714008280775044e+00
-3.221317224309501182e+00
-3.207517416242655184e+00
-3.193319513774184326e+00
-3.178728579194733950e+00
-3.163749804714400593e+00
-3.148388509751209430e+00
-3.132650138004413609e+00
-3.116540254774624152e+00
-3.100064543914677451e+00
-3.083228804879942331e+00
-3.066038949692010185e+00
-3.048500999849314219e+00
-3.030621083186694431e+00
-3.012405430685968000e+00
-2.993860373339561232e+00
-2.974992338369582878e+00
-2.955807846971967301e+00
-2.936313509610642303e+00
-2.916516023798647606e+00
-2.896422169875464636e+00
-2.876038807876355019e+00
-2.855372873959685531e+00
-2.834431376868859154e+00
-2.813221394390629015e+00
-2.791750069738275997e+00
-2.770024607965807739e+00
-2.748052272333481039e+00
-2.725840380661407991e+00
-2.703396301667523538e+00
-2.680727451292261865e+00
-2.657841289012242036e+00
-2.634745314145296113e+00
-2.611447062149169440e+00
-2.587954100916175726e+00
-2.564274027066169470e+00
-2.540414462240113469e+00
-2.516383049396530236e+00
-2.492187449113168363e+00
-2.467835335896121585e+00
-2.443334394498688056e+00
-2.418692316252207597e+00
-2.393916795411141329e+00
-2.369015525514566622e+00
-2.343996195766317125e+00
-2.318866487435949697e+00
-2.293634070282665860e+00
-2.268306599004337620e+00
-2.242891709713747517e+00
-2.217397016444108360e+00
-2.191830107685916573e+00
-2.166198542957169071e+00
-2.140509849408932297e+00
-2.114771518468197442e+00
-2.088991002519985596e+00
-2.063175711630552911e+00
-2.037333010313580495e+00
-2.011470214341128937e+00
-1.985594587601168692e+00
-1.959713339003395394e+00
-1.933833619435041840e+00
-1.907962518768324234e+00
-1.882107062921145602e+00
-1.856274210972606920e+00
-1.830470852334870058e+00
-1.804703803982805166e+00
-1.778979807742891106e+00
-1.753305527642722517e+00
-1.727687547322457773e+00
-1.702132367509485711e+00
-1.676646403557547682e+00
-1.651235983051486444e+00
-1.625907343478741440e+00
-1.600666629968693133e+00
-1.575519893100825408e+00
-1.550473086782740095e+00
-1.525532066198869163e+00
-1.500702585830803182e+00
-1.475990297549997443e+00
-1.451400748783622685e+00
-1.426939380754263187e+00
-1.402611526794075303e+00
-1.378422410734014836e+00
-1.354377145368641955e+00
-1.330480730996979943e+00
-1.306738054039836339e+00
-1.283153885733955502e+00
-1.259732880903291941e+00
-1.236479576807647751e+00
-1.213398392068878451e+00
-1.190493625674772904e+00
-1.167769456060716582e+00
-1.145229940222293408e+00
-1.122879013140764659e+00
-1.100720486814139365e+00
-1.078758049839620980e+00
-1.056995266835583314e+00
-1.035435577988329525e+00
-1.014082298675635041e+00
-9.929386191666764727e-01
-9.720076043979689606e-01
-9.512921938248313225e-01
-9.307952013478728581e-01
-9.105193153139374829e-01
-8.904670985908887948e-01
-8.706409885418665562e-01
-8.510432981143116749e-01
-8.316762142441117556e-01
-8.125418007369573647e-01
-7.936419962154008800e-01
-7.749786164691331303e-01
-7.565533541592859290e-01
-7.383677796354503053e-01
-7.204233435030719113e-01
-7.027213680758466197e-01
-6.852630668426301641e-01
-6.680495267300234907e-01
-6.510817183771686611e-01
-6.343604952908994399e-01
-6.178865949235661237e-01
-6.016606398088679697e-01
-5.856831387544083611e-01
-5.699544880895893728e-01
-5.544749729675060301e-01
-5.392447687194266148e-01
-5.242639422604149502e-01
-5.095324535446620340e-01
-4.950501570690258313e-01
-4.808168034232833121e-01
-4.668320408855660686e-01
-4.530954170614408527e-01
-4.396063805650457512e-01
-4.263642827407251867e-01
-4.133683794235383235e-01
-4.006178327370401027e-01
-3.881117129266982713e-01
-3.758490002272999453e-01
-3.638285867627010228e-01
-3.520492784762468963e-01
-3.405097970902032367e-01
-3.292087820925024833e-01
-3.181447927491361516e-01
-3.073163101404953190e-01
-2.967217392199750781e-01
-2.863594108931390991e-01
-2.762275841157693090e-01
-2.663244480090900534e-01
-2.566481239904907508e-01
-2.471966679180609139e-01
-2.379680722472535259e-01
-2.289602681980133780e-01
-2.201711279306921287e-01
-2.115984667291116728e-01
-2.032400451891168691e-01
-1.950935714109948149e-01
-1.871567031941382686e-01
-1.794270502323422889e-01
-1.719021763081514664e-01
-1.645796014846855615e-01
-1.574568042933774392e-01
-1.505312239160997434e-01
-1.438002623601521701e-01
-1.372612866246223917e-01
-1.309116308566453113e-01
-1.247485984961040073e-01
-1.187694644073548494e-01
-1.129714769965727283e-01
-1.073518603133368082e-01
-1.019078161351191225e-01
-9.663652603334327296e-02
-9.153515341973399166e-02
-8.660084557168816477e-02
-8.183073563543483142e-02
-7.722194460579477615e-02
-7.277158328135603649e-02
-6.847675419394227969e-02
-6.433455351126105004e-02
-6.034207291167457965e-02
-5.649640146000059482e-02
-5.279462730299276652e-02
-4.923383963598056134e-02
-4.581113033446063132e-02
-4.252359570518493559e-02
-3.936833817314458472e-02
-3.634246793417519883e-02
-3.344310457241139733e-02
-3.066737864184808371e-02
-2.801243321129692765e-02
-2.547542537208587199e-02
-2.305352770786389671e-02
-2.074392972592689621e-02
-1.854383924951945317e-02
-1.645048377059649125e-02
-1.446111176258015052e-02
-1.257299393561006617e-02
-1.078342464796942096e-02
-9.089722437446344505e-03
-7.489232447140468929e-03
-5.979325914835929845e-03
-4.557402776022567714e-03
-3.220891591721238012e-03
-1.967251021037792758e-03
-7.939706606894733620e-04
3.014280596183444016e-04
1.321391024434674655e-03
2.268330622434838739e-03
3.144624978891147338e-03
3.952617230680119387e-03
4.694615698413881488e-03
5.372888972739769953e-03
5.989673863094367723e-03
6.547166294612570547e-03
7.047525067046079422e-03
7.492870526960525995e-03
7.885284135726252502e-03
8.226808078275259922e-03
8.519444912253280877e-03
8.765157257170475003e-03
8.965867523114633836e-03
9.123457678571082752e-03
9.239769056858603002e-03
9.316602200663180733e-03
9.355716744128453333e-03
9.358831331928057704e-03
9.327623574728225245e-03
9.263730040415266154e-03
9.168746280445909738e-03
9.044226890650687578e-03
8.891685605801506048e-03
8.712595427229576431e-03
8.508388782764003330e-03
8.280457718237332204e-03
8.030154119789649839e-03
7.758789966181691387e-03
7.467637610313299958e-03
7.157930089126350245e-03
6.830861461057300549e-03
6.487587170189728150e-03
6.129224436244715656e-03
5.756852669535971606e-03
5.371513910003089011e-03
4.974213289429523649e-03
4.565919515940309453e-03
4.147565379867656186e-03
3.720048280064592282e-03
3.284230769742798976e-03
2.840941120902071380e-03
2.390973906418520766e-03
1.935090598852555639e-03
1.474020185036239300e-03
1.008459795499366211e-03
5.390753477909223344e-04
6.650220275602547818e-05
-4.086541671734439732e-04
-8.858174986108402309e-04
-1.364440047704639034e-03
-1.844001891415832269e-03
-2.324010220509185615e-03
-2.803998625176410027e-03
-3.283526374205097617e-03
-3.762177688598153553e-03
-4.239561010539797531e-03
-4.715308268596920399e-03
-5.189074138681431907e-03
-5.660535310173333591e-03
-6.129389735660952139e-03
-6.595355896429209303e-03
-7.058172059994658257e-03
-7.517595540741849047e-03
-7.973401962686128483e-03
-8.425384525149784073e-03
-8.873353270132340598e-03
-9.317134366070104270e-03
-9.756569366903120391e-03
-1.019151451687225901e-02
-1.062184003204813716e-02
-1.104742940109764912e-02
-1.146817869201443088e-02
-1.188399586745015821e-02
-1.229480010927501074e-02
-1.270052114789503063e-02
-1.310109862710962317e-02
-1.349648143027060675e-02
-1.388662706708240248e-02
-1.427150104819153997e-02
-1.465107630025362477e-02
-1.502533245521527408e-02
-1.539425552501451355e-02
-1.575783697807226630e-02
-1.611607355067407391e-02
-1.646896643620579179e-02
-1.681652088613097562e-02
-1.715874567696875144e-02
-1.749565261790272594e-02
-1.782725607441228502e-02
-1.815357250819473606e-02
-1.847462003362430535e-02
-1.879041799096918888e-02
-1.910098653656619114e-02
-1.940634625012679568e-02
-1.970651775932705935e-02
-2.000152138180927991e-02
-2.029137678470051276e-02
-2.057610266173069691e-02
-2.085571642800916614e-02
-2.113023393249666496e-02
-2.139966918818738198e-02
-2.166403411999258399e-02
-2.192333833029784518e-02
-2.217758888214077864e-02
-2.242679009993841371e-02
-2.267094338767016576e-02
-2.291004706440245148e-02
-2.314409621702112271e-02
-2.337308257001798756e-02
-2.359699437215679110e-02
-2.381581629982824216e-02
-2.402952937688137072e-02
-2.423811091070326301e-02
-2.444153444429981656e-02
-2.463976972411457272e-02
-2.483278268330410890e-02
-2.502053544017451836e-02
-2.520298631146609611e-02
-2.538008984015860045e-02
-2.555179683745734120e-02
-2.571805443860187071e-02
-2.587880617213013379e-02
-2.603399204221516078e-02
-2.618354862368184321e-02
-2.632740916929569158e-02
-2.646550372891042294e-02
-2.659775928004413231e-02
-2.672409986944989518e-02
-2.684444676523385989e-02
-2.695871861906773068e-02
-2.706683163803147441e-02
-2.716869976562025224e-02
-2.726423487143680296e-02
-2.735334694908971367e-02
-2.743594432180947174e-02
-2.751193385529165231e-02
-2.758122117727095785e-02
-2.764371090332774436e-02
-2.769930686842604281e-02
-2.774791236367851049e-02
-2.778943037783432324e-02
-2.782376384298396524e-02
-2.785081588397552571e-02
-2.787049005773824945e-02
-2.788269066153466202e-02
-2.788732291150702522e-02
-2.788429325426063435e-02
-2.787350961427322027e-02
-2.785488165502805757e-02
-2.782832104036545365e-02
-2.779374169556852320e-02
-2.775106006770308026e-02
-2.770019538473814449e-02
-2.764106991297956423e-02
-2.757360921235620099e-02
-2.749774238910466378e-02
-2.741340234540807705e-02
-2.732052602555180149e-02
-2.721905465816676015e-02
-2.710893400898065769e-02
-2.699011455453862937e-02
-2.686255179954870342e-02
-2.672620643977909743e-02
-2.658104459357880228e-02
-2.642703801221221727e-02
-2.626416428356873056e-02
-2.609240702890595551e-02
-2.591175609229853793e-02
-2.572220772247189868e-02
-2.552376468224453604e-02
-2.531643673662481442e-02
-2.510024010306492054e-02
-2.487519855573253752e-02
-2.464134262057386324e-02
-2.439871039208615228e-02
-2.414734734310668846e-02
-2.388730649816955473e-02
-2.361864853481341481e-02
-2.334144187486947297e-02
-2.305576276556801571e-02
-2.276169535031990349e-02
-2.245933172904148595e-02
-2.214877200791047843e-02
-2.183012433845152311e-02
-2.150350494586971556e-02
-2.116903814656320021e-02
-2.082685635476066652e-02
-2.047710007824896095e-02
-2.011991790316598402e-02
-1.975546646785342197e-02
-1.938391042577806284e-02
-1.900542239754321461e-02
-1.862018291203018996e-02
-1.822838033672260702e-02
-1.783021079728034156e-02
-1.742587808644740013e-02
-1.701559356238729545e-02
-1.659957603655990918e-02
-1.617805165126197028e-02
-1.575125374696962136e-02
-1.531942271963636013e-02
-1.488280586810876091e-02
-1.444165723183850510e-02
-1.399623741908189410e-02
-1.354681342578673529e-02
-1.309365844538323310e-02
-1.263705166970311745e-02
-1.217727808126529629e-02
-1.171462823717490075e-02
-1.124939804489521675e-02
-1.078188853016083699e-02
-1.031240559730994995e-02
-9.841259782324755095e-03
-9.368765998875389772e-03
-8.895243277673761315e-03
-8.421014500259975041e-03
-7.946406121874000084e-03
-7.471747900746575355e-03
-6.997372605801922482e-03
-6.523615731456092713e-03
-6.050815202853091282e-03
-5.579311077560372180e-03
-5.109445243270672489e-03
-4.641561111873844167e-03
-4.176003310263884209e-03
-3.713117368251451188e-03
-3.253249403955025404e-03
-2.796745807045846605e-03
-2.343952920224288972e-03
-1.895216730405012429e-03
-1.450882503392478436e-03
-1.011294528930401469e-03
-5.767957545255615603e-04
-1.477274748731957285e-04
2.755709892897631116e-04
6.927626114375156144e-04
1.103512978237320211e-03
1.507490606885001673e-03
1.904367260422569486e-03
2.293818260666617183e-03
2.675522798383629663e-03
3.049164240348558805e-03
3.414430432930258899e-03
3.771014001850498537e-03
4.118612647768672697e-03
4.456929445729140328e-03
4.785673097537634924e-03
5.104558264039895342e-03
5.413305806184713805e-03
5.711643063431037955e-03
5.999304117335804709e-03
6.276030048716518817e-03
6.541569188095256934e-03
6.795677359142956661e-03
7.038118114848427968e-03
7.268662966148539163e-03
7.487091602763789808e-03
7.693192105994132481e-03
7.886761153239819216e-03
8.067604180093224109e-03
8.235535737289707142e-03
8.390379299588279424e-03
8.531967925436534372e-03
8.660143945117645958e-03
8.774759447401032919e-03
8.875676269351200076e-03
8.962766157688165092e-03
9.035910890028146097e-03
9.095002386101809846e-03
9.139942808839646160e-03
9.170644655226420361e-03
9.187030836839062131e-03
9.189034749994993631e-03
9.176600335449532769e-03
9.149682127595202760e-03
9.108245293125580289e-03
9.052265659142307019e-03
8.981729730693346903e-03
8.896634697744326345e-03
8.796988431598281796e-03
8.682809470790128770e-03
8.554126996493979784e-03
8.410980797496419789e-03
8.253421224798020844e-03
8.081509135919311138e-03
7.895315828999115854e-03
7.694923280956339137e-03
7.480422490617776900e-03
7.251916524564419424e-03
7.009517269777812767e-03
6.753346889285360977e-03
6.483537383327351786e-03
6.200230455423698037e-03
5.903577369345113651e-03
5.593738797174447122e-03
5.270884658658008329e-03
4.935193952050902569e-03
4.586854576676350354e-03
4.226063147421610031e-03
3.853024801406727470e-03
3.467952997069227369e-03
3.071069305914889830e-03
2.662603197195691565e-03
2.242791815780097175e-03
1.811879753490085176e-03
1.370118814187533396e-03
9.177677728948435004e-04
4.550921292455992889e-04
-1.763614443605308890e-05
-5.001388601227809566e-04
-9.921318758271107513e-04
-1.493325361787123037e-03
-2.003424070773938970e-03
-2.522127612199543539e-03
-3.049130723524374684e-03
-3.584123576054519880e-03
-4.126792020334675570e-03
-4.676817897943734773e-03
-5.233879323126260433e-03
-5.797650972757547802e-03
-6.367804377773287824e-03
-6.944008215728771430e-03
-7.525928604143330286e-03
-8.113229394295736266e-03
-8.705572465128309095e-03
-9.302618016923950434e-03
-9.904024864420477026e-03
-1.050945072902686149e-02
-1.111855252980909446e-02
-1.173098667291964069e-02
-1.234640933913818198e-02
-1.296447676737368625e-02
-1.358484554427125644e-02
-1.420717287478132258e-02
-1.483111686470266546e-02
-1.545633679273722069e-02
-1.608249338008824886e-02
-1.670924905600303101e-02
-1.733626821897822287e-02
-1.796321749333866513e-02
-1.858976598091819504e-02
-1.921558550757411846e-02
-1.984035086427099123e-02
-2.046374004248251166e-02
-2.108543446366483928e-02
-2.170511920256321114e-02
-2.232248320412344444e-02
-2.293721949378626362e-02
-2.354902538095396403e-02
-2.415760265569454751e-02
-2.476265777661845746e-02
-2.536390206165071645e-02
-2.596105182810296008e-02
-2.655382862345514322e-02
-2.714195932070484485e-02
-2.772517630039170525e-02
-2.830321758667058221e-02
-2.887582698138396395e-02
-2.944275418972984448e-02
-3.000375493742269903e-02
-3.055859107925918555e-02
-3.110703069901096449e-02
-3.164884820057654868e-02
-3.218382439033846965e-02
-3.271174655068077863e-02
-3.323240850463210494e-02
-3.374561067161727101e-02
-3.425116011430131419e-02
-3.474887057653368999e-02
-3.523856251239891602e-02
-3.572006310640184895e-02
-3.619320628482176894e-02
-3.665783271827950662e-02
-3.711378981557869605e-02
-3.756093170888567812e-02
-3.799911923033134215e-02
-3.842821988012214141e-02
-3.884810778626268668e-02
-3.925866365600209212e-02
-3.965977471912447011e-02
-4.005133466321659369e-02
-4.043324356105625073e-02
-4.080540779027112819e-02
-4.116773994543193593e-02
-4.152015874275095941e-02
-4.186258891756597378e-02
-4.219496111480061651e-02
-4.251721177259683987e-02
-4.282928299933153049e-02
-4.313112244422640656e-02
-4.342268316178008597e-02
-4.370392347024983082e-02
-4.397480680442183987e-02
-4.423530156291883425e-02
-4.448538095029162809e-02
-4.472502281415906278e-02
-4.495420947765883107e-02
-4.517292756747938454e-02
-4.538116783775113239e-02
-4.557892499007736714e-02
-4.576619749279400157e-02
-4.594298738232582835e-02
-4.610930009201115454e-02
-4.626514424656967550e-02
-4.641053147062013107e-02
-4.654547619170670836e-02
-4.666999544155238377e-02
-4.678410865584557710e-02
-4.688783747287356141e-02
-4.698120553131540644e-02
-4.706423826750687212e-02
-4.713696271249494252e-02
-4.719940728919416739e-02
-4.725160160995937192e-02
-4.729357627489266802e-02
-4.732536267119341611e-02
-4.734699277386641980e-02
-4.735849895525995334e-02
-4.735991376126660879e-02
-4.735126975941373467e-02
-4.733259932096378630e-02
-4.730393443966250666e-02
-4.726530654701956158e-02
-4.721674633106387464e-02
-4.715828355885688661e-02
-4.708994690305065567e-02
-4.701176377276621021e-02
-4.692376014906766979e-02
-4.682596042529416080e-02
-4.671838725251697272e-02
-4.660106139036931244e-02
-4.647400156350206535e-02
-4.633722432390233181e-02
-4.619074391930934331e-02
-4.603457216795332763e-02
-4.586871833983448277e-02
-4.569318904475123955e-02
-4.550798812727934600e-02
-4.531311656889119854e-02
-4.510857236799600128e-02
-4.489435060391955279e-02
-4.467044303270297639e-02
-4.443683848727910529e-02
-4.419352232346417109e-02
-4.394047674520409202e-02
-4.367768058759881333e-02
-4.340510931667138778e-02
-4.312273500283997363e-02
-4.283052630291679652e-02
-4.252844845071550306e-02
-4.221646325633935520e-02
-4.189452911420427778e-02
-4.156260101984917549e-02
-4.122063059556572290e-02
-4.086856612487442530e-02
-4.050635259585851078e-02
-4.013393175335801949e-02
-3.975124216001334199e-02
-3.935821926613637667e-02
-3.895479548837638833e-02
-3.854090029713420906e-02
-3.811646031266931189e-02
-3.768139940983082636e-02
-3.723563883133215735e-02
-3.677909730947872408e-02
-3.631169119624492320e-02
-3.583333460158726752e-02
-3.534393953986764148e-02
-3.484341608424909587e-02
-3.433167252891930477e-02
-3.380861555898144466e-02
-3.327415042784171578e-02
-3.272818114191887451e-02
-3.217061065247961427e-02
-3.160134105440355612e-02
-3.102027379166706622e-02
-3.042730986932374107e-02
-2.982235007175436381e-02
-2.920529518694552767e-02
-2.857604623654996442e-02
-2.793450471147123151e-02
-2.728057281270636347e-02
-2.661415369717463203e-02
-2.593515172824873219e-02
-2.524347273069900074e-02
-2.453902424975529240e-02
-2.382171581900575930e-02
-2.309145920705057281e-02
-2.234816871605076194e-02
-2.159176143522742800e-02
-2.082215752043853341e-02
-2.003928047132519374e-02
-1.924305741031675371e-02
-1.843341936314510029e-02
-1.761030154052578220e-02
-1.677364362064739239e-02
-1.592339003211575357e-02
-1.505949023699362788e-02
-1.418189901357205449e-02
-1.329057673850935449e-02
-1.238548966797235751e-02
-1.146661021740890893e-02
-1.053391723120733828e-02
-9.587396292145724044e-03
-8.627039944573368715e-03
-7.652847998503062299e-03
-6.664827788633741548e-03
-5.662994438148601789e-03
-4.647371118556570778e-03
-3.617989305211367305e-03
-2.574889028146365357e-03
-1.518119117858342509e-03
-4.477374456882572684e-04
6.361888415627342010e-04
1.733583093129664266e-03
2.844358932241639742e-03
3.968420040883831323e-03
5.105659951701829562e-03
6.255961847381519107e-03
7.419198367830670549e-03
8.595231425482404569e-03
9.783912029038711183e-03
1.098508011595681483e-02
1.219856439398176763e-02
1.342418219201948343e-02
1.466173932062849947e-02
1.591102994241848367e-02
1.717183645261057337e-02
1.844392937003014668e-02
1.972706718221813732e-02
2.102099654080433894e-02
2.232545156480531673e-02
2.364015461561908699e-02
2.496481541229384274e-02
2.629913159517612356e-02
2.764278842202854553e-02
2.899545880546683038e-02
3.035680330784716954e-02
3.172647014861598030e-02
3.310409522426936701e-02
3.448930214104763137e-02
3.588170226048797290e-02
3.728089475793554264e-02
3.868646669411206912e-02
4.009799309981449539e-02
4.151503707382078745e-02
4.293714989404640719e-02
4.436387114200005671e-02
4.579472884056615817e-02
4.722923960512222935e-02
4.866690880800124408e-02
5.010723075627933343e-02
5.154968888286431267e-02
5.299375595085037416e-02
5.443889427107764800e-02
5.588455593283780942e-02
5.733018304763877471e-02
5.877520800593809963e-02
6.021905374673789529e-02
6.166113403991770048e-02
6.310085378117165356e-02
6.453760929940459412e-02
6.597078867642015843e-02
6.739977207873384946e-02
6.882393210131584893e-02
7.024263412307026055e-02
7.165523667383127959e-02
7.306109181265429964e-02
7.445954551716293945e-02
7.584993808369770718e-02
7.723160453801038161e-02
7.860387505622087878e-02
7.996607541070038794e-02
8.131752735065297943e-02
8.265754914252086694e-02
8.398545596854031792e-02
8.530056040967656794e-02
8.660217292176776438e-02
8.788960231969800141e-02
8.916215626923496007e-02
9.041914178616206055e-02
9.165986574232595774e-02
9.288363537820598648e-02
9.408975882161429993e-02
9.527754561211056183e-02
9.644630723072884770e-02
9.759535763458306035e-02
9.872401379592840587e-02
9.983159623816412198e-02
1.009174296115321751e-01
1.019808431982849733e-01
1.030211714955819730e-01
1.040377547623864696e-01
1.050299395758947929e-01
1.059970793892429514e-01
1.069385350900271953e-01
1.078536755591562452e-01
1.087418782295573871e-01
1.096025296442572211e-01
1.104350260133467321e-01
1.112387737693519840e-01
1.120131901205161790e-01
1.127577036015092599e-01
1.134717546210719241e-01
1.141547960061077144e-01
1.148062935417349384e-01
1.154257265068059785e-01
1.160125882044118345e-01
1.165663864868856092e-01
1.170866442748184771e-01
1.175729000696138504e-01
1.180247084590977658e-01
1.184416406157103030e-01
1.188232847868171960e-01
1.191692467766607699e-01
1.194791504195055754e-01
1.197526380435101623e-01
1.199893709248823354e-01
1.201890297318718298e-01
1.203513150074354415e-01
1.204759473452231278e-01
1.205626683340661476e-01
1.206112402600959810e-01
1.206214471482069395e-01
1.205930946785291058e-01
1.205260107516042956e-01
1.204200457951113273e-01
1.202750730976078486e-01
1.200909891280836778e-01
1.198677138409825482e-01
1.196051909663445184e-01
1.193033882847430727e-01
1.189622978866965441e-01
1.185819364162473133e-01
1.181623452984082584e-01
1.177035909502012340e-01
1.172057649750078145e-01
1.166689843399799920e-01
1.160933915362605123e-01
1.154791547217837999e-01
1.148264678464376853e-01
1.141355507593767166e-01
1.134066492982996194e-01
1.126400353605110233e-01
1.118360069556049441e-01
1.109948882396182002e-01
1.101170295305227281e-01
1.092028073049322312e-01
1.082526241759226987e-01
1.072669088518712482e-01
1.062461160762425694e-01
1.051907265482575349e-01
1.041012468244061212e-01
1.029782092007663213e-01
1.018221715761185725e-01
1.006337172958603615e-01
9.941345497672653131e-02
9.816201829821424862e-02
9.688006584633795937e-02
9.556828079404791620e-02
9.422737070835192352e-02
9.285806726504276798e-02
9.146112595950126045e-02
9.003732579884583809e-02
8.858746897558321398e-02
8.711238053092656974e-02
8.561290795179417323e-02
8.408992087014857675e-02
8.254431058407968314e-02
8.097698968163899447e-02
7.938889159917439375e-02
7.778097017056688489e-02
7.615419915960314201e-02
7.450957177574624168e-02
7.284810017420777217e-02
7.117081493615003140e-02
6.947876454249361788e-02
6.777301482140153654e-02
6.605464838699734442e-02
6.432476406196005470e-02
6.258447628577533395e-02
6.083491450901505615e-02
5.907722257403161259e-02
5.731255808245564604e-02
5.554209174990801245e-02
5.376700674834267168e-02
5.198849803644169099e-02
5.020777167850960093e-02
4.842604415230156861e-02
4.664454164625209120e-02
4.486449934656339816e-02
4.308716071462925790e-02
4.131377675527604654e-02
3.954560527630984756e-02
3.778391013987236757e-02
3.602996050610095258e-02
3.428503006961339250e-02
3.255039628933068668e-02
3.082733961216026219e-02
2.911714269107402997e-02
2.742108959810962004e-02
2.574046503283791004e-02
2.407655352683952740e-02
2.243063864473589936e-02
2.080400218232721435e-02
1.919792336238984598e-02
1.761367802868933630e-02
1.605253783877096802e-02
1.451576945608033103e-02
1.300463374698180435e-02
1.152038494824021014e-02
1.006426992150384267e-02
8.637527243419242107e-03
7.241386537804194237e-03
5.877067560630092405e-03
4.545779458197126734e-03
3.248719963163382123e-03
1.987074605950236300e-03
7.620159310822377866e-04
-4.252972809902959631e-04
-1.573720786034154672e-03
-2.682125641603936694e-03
-3.749398965497564417e-03
-4.774444686565022800e-03
-5.756184287339944500e-03
-6.693557537970013308e-03
-7.585523220931018537e-03
-8.431059846007522146e-03
-9.229166355043245257e-03
-9.978862815954260557e-03
-1.067919110552233847e-02
-1.132921558048077294e-02
-1.192802373641890096e-02
-1.247472685404029356e-02
-1.296846063231601141e-02
-1.340838580808515791e-02
-1.379368876166275210e-02
-1.412358210802652607e-02
-1.439730527316335218e-02
-1.461412505516664941e-02
-1.477333616968570101e-02
-1.487426177934107058e-02
-1.491625400672886258e-02
-1.489869443425816120e-02
-1.482099456930729801e-02
-1.468259632602046151e-02
-1.448297245621380132e-02
-1.422162697819721010e-02
-1.389809558407799524e-02
-1.351194602835698380e-02
-1.306277849753779106e-02
-1.255022596048673694e-02
-1.197395449929185979e-02
-1.133366362038211797e-02
-1.062908654568499658e-02
-9.859990483611018319e-03
-9.026176879670734163e-03
-8.127481646540118954e-03
-7.163775373409096009e-03
-6.134963506170572692e-03
-5.040986548016683153e-03
-3.881820156147707847e-03
-2.657475299870556192e-03
-1.367998356116437381e-03
-1.347119176799789139e-05
1.405988775502248732e-03
2.890228537930156910e-03
4.439059479934801510e-03
6.052257381989702145e-03
7.729562446100097552e-03
9.470679342877364598e-03
1.127527728018938406e-02
1.314299009335069546e-02
1.507341635680316955e-02
1.706611951721715564e-02
1.912062804794050636e-02
2.123643562469759716e-02
2.341300132242763246e-02
2.564974983314880635e-02
2.794607170470377044e-02
3.030132360024158714e-02
3.271482857827259089e-02
3.518587639311432369e-02
3.771372381554925768e-02
4.029759497347748520e-02
4.293668171235856534e-02
4.563014397520968879e-02
4.837711020191395872e-02
5.117667774759539212e-02
5.402791331978181594e-02
5.692985343408640819e-02
5.988150488811408434e-02
6.288184525328910368e-02
6.592982338429582978e-02
6.902435994580422007e-02
7.216434795614792841e-02
7.534865334760700029e-02
7.857611554294093026e-02
8.184554804781005166e-02
8.515573899879876063e-02
8.850545208597558611e-02
9.189342653564508412e-02
9.531837864157674534e-02
9.877900157130774239e-02
1.022739666657888347e-01
1.058019238518707328e-01
1.093615024035525102e-01
1.129513116594023786e-01
1.165699417517220005e-01
1.202159643469966621e-01
1.238879333971704966e-01
1.275843859012788239e-01
1.313038426769585210e-01
1.350448091413696816e-01
1.388057761010269009e-01
1.425852205500682535e-01
1.463816064764585367e-01
1.501933856756315633e-01
1.540189985710728460e-01
1.578568750413378852e-01
1.617054352529998795e-01
1.655630904990166574e-01
1.694282440420022962e-01
1.732992919618992489e-01
1.771746240075219025e-01
1.810526244514724381e-01
1.849316729478958643e-01
1.888101453925654372e-01
1.926864147847836828e-01
1.965588521136663602e-01
2.004258271294110105e-01
2.042857093470042684e-01
2.081368688169586145e-01
2.119776770118861897e-01
2.158065076884270461e-01
2.196217377473911325e-01
2.234217480916054765e-01
2.272049244809584978e-01
2.309696583841538142e-01
2.347143478266572048e-01
2.384373982343614973e-01
2.421372232724674778e-01
2.458122456790979016e-01
2.494608980931723174e-01
2.530816238760536518e-01
2.566728779138672256e-01
2.602331274768658886e-01
2.637608529408088098e-01
2.672545486325728636e-01
2.707127236001445336e-01
2.741339023872790270e-01
2.775166257987526919e-01
2.808594516558090559e-01
2.841609555413751043e-01
2.874197315346230797e-01
2.906343929344921695e-01
2.938035729717641265e-01
2.969259255093007477e-01
3.000001257300828339e-01
3.030248708126554447e-01
3.059988805936432188e-01
3.089208982169603379e-01
3.117896907693889497e-01
3.146040499021828807e-01
3.173627924383708443e-01
3.200647609654590497e-01
3.227088244132051420e-01
3.252938786161878038e-01
3.278188468608770334e-01
3.302826804169362029e-01
3.326843590524885541e-01
3.350228915330908941e-01
3.372973161041823431e-01
3.395067009567637184e-01
3.416501446760900618e-01
3.437267766731748053e-01
3.457357575988876386e-01
3.476762797404740479e-01
3.495475674003100108e-01
3.513488772567266438e-01
3.530794987067550350e-01
3.547387541906393271e-01
3.563259994979881551e-01
3.578406240554500295e-01
3.592820511957889318e-01
3.606497384082775759e-01
3.619431775703070842e-01
3.631618951601439105e-01
3.643054524507730041e-01
3.653734457446365935e-01
3.663655062301278686e-01
3.672813007661540063e-01
3.681205311560488691e-01
3.688829350358317494e-01
3.695682854037319887e-01
3.701763909258557472e-01
3.707070959286954404e-01
3.711602804216679319e-01
3.715358601007111572e-01
3.718337863329955750e-01
3.720540461228133422e-01
3.721966620587373598e-01
3.722616922421269070e-01
3.722492301970911632e-01
3.721594047620137569e-01
3.719923799627672389e-01
3.717483548677406602e-01
3.714275634248269675e-01
3.710302742805229315e-01
3.705567905812963136e-01
3.700074497573977439e-01
3.693826232892915007e-01
3.686827164569005388e-01
3.679081680718586655e-01
3.670594501665501719e-01
3.661370677996559353e-01
3.651415585774205885e-01
3.640734924285010110e-01
3.629334712272486163e-01
3.617221284286863403e-01
3.604401286881259159e-01
3.590881674656885014e-01
3.576669706160188200e-01
3.561772939634499924e-01
3.546199228629232647e-01
3.529956717469567851e-01
3.513053836589531409e-01
3.495499297731685662e-01
3.477302089016539588e-01
3.458471469884767391e-01
3.439016965915752122e-01
3.418948363595391005e-01
3.398275704604500902e-01
3.377009280744040498e-01
3.355159627973854919e-01
3.332737520745771009e-01
3.309753966150830173e-01
3.286220197967061885e-01
3.262147670611482142e-01
3.237548052999990045e-01
3.212433222318941128e-01
3.186815257712130034e-01
3.160706433887059963e-01
3.134119214644232043e-01
3.107066246333481385e-01
3.079560351241077965e-01
3.051614520911641315e-01
3.023241909408761474e-01
2.994455826518275243e-01
2.965269730898163481e-01
2.935697223179137838e-01
2.905752039019767197e-01
2.875448042120318792e-01
2.844799217199211472e-01
2.813819662936150601e-01
2.782523584885970847e-01
2.750925288367165322e-01
2.719039171329239446e-01
2.686879717202725337e-01
2.654461487736021197e-01
2.621799115823031934e-01
2.588907298325491824e-01
2.555800788894112552e-01
2.522494390792403562e-01
2.489002949727107117e-01
2.455341346689261517e-01
2.421524490809693897e-01
2.387567312232908856e-01
2.353484755013159624e-01
2.319291770036529809e-01
2.285003307972865716e-01
2.250634312261294567e-01
2.216199712133029576e-01
2.181714415675206353e-01
2.147193302939357229e-01
2.112651219098137800e-01
2.078102967653907562e-01
2.043563303702675693e-01
2.009046927256882831e-01
1.974568476628439095e-01
1.940142521889471894e-01
1.905783558452858739e-01
1.871506000279802850e-01
1.837324174346188776e-01
1.803252313581790722e-01
1.769304551102655054e-01
1.735494914042899350e-01
1.701837317555316420e-01
1.668345558902629977e-01
1.635033311642419551e-01
1.601914119908437462e-01
1.569001392791074534e-01
1.536308398819646592e-01
1.503848260549102978e-01
1.471633949253611240e-01
1.439678279729627308e-01
1.407993905210656038e-01
1.376593312396149904e-01
1.345488816596716597e-01
1.314692556997777984e-01
1.284216492141310728e-01
1.254072395034073195e-01
1.224271849389599598e-01
1.194826244970121354e-01
1.165746773578353601e-01
1.137044425072968046e-01
1.108729983515467921e-01
1.080814023450026862e-01
1.053306906317543062e-01
1.026218777005511590e-01
9.995595605347934454e-02
9.733389588845313412e-02
9.475664479563844500e-02
9.222512746789071625e-02
8.974024542532152426e-02
8.730287675406651904e-02
8.491387585932479165e-02
8.257407323629920026e-02
8.028427523842492086e-02
7.804526389302061939e-02
7.585779669974244965e-02
7.372260645876090035e-02
7.164040111057987104e-02
6.961186359042405292e-02
6.763765169719340720e-02
6.571839797699036145e-02
6.385470962120415317e-02
6.204716837913509808e-02
6.029633048512651056e-02
5.860272660017575019e-02
5.696686176796914025e-02
5.538921538529650163e-02
5.387024118678026413e-02
5.241036724384449952e-02
5.100999597785512568e-02
4.966950418733552530e-02
4.838924308916859457e-02
4.716953837368405983e-02
4.601069027351206708e-02
4.491297364609513065e-02
4.387663806972887104e-02
4.290190795298826770e-02
4.198898265742098679e-02
4.113803663333076566e-02
4.034921934118533560e-02
3.962265654979810203e-02
3.895844823714486593e-02
3.835667105025709900e-02
3.781737736738768896e-02
3.734059573623074030e-02
3.692633109667155245e-02
3.657456501519890796e-02
3.628525593076227518e-02
3.605833941186641078e-02
3.589372842467226932e-02
3.579131361187603416e-02
3.575096358214242820e-02
3.577252520983385808e-02
3.585582394480923280e-02
3.600066413202879234e-02
3.620682934071003251e-02
3.647408270278143516e-02
3.680216726036143055e-02
3.719080632199418812e-02
3.763970382736755299e-02
3.814854472023743170e-02
3.871699532926578535e-02
3.934470375650085672e-02
4.003130027319432016e-02
4.077639765659376442e-02
4.157959192994619552e-02
4.244046205288865004e-02
4.335857132899075678e-02
4.433346685432354439e-02
4.536468066623705608e-02
4.645172985762166529e-02
4.759411708554282111e-02
4.879133101955986096e-02
5.004284679432259575e-02
5.134812646612457732e-02
5.270661947309576711e-02
5.411776309871885182e-02
5.558098293833317605e-02
5.709569336832358288e-02
5.866129801765669616e-02
6.027719024144385929e-02
6.194275360865107716e-02
6.365736232916312243e-02
6.542038180562088912e-02
6.723116906266476955e-02
6.908907323804772127e-02
7.099343606161015452e-02
7.294359233402764042e-02
7.493887040501487351e-02
7.697859265068579537e-02
7.906207594973256592e-02
8.118863215812653633e-02
8.335756858203383080e-02
8.556818844861829865e-02
8.781979137445410089e-02
9.011167383122378749e-02
9.244312960841019611e-02
9.481345026246475183e-02
9.722192561398010358e-02
9.966784413687709843e-02
1.021504934483857541e-01
1.046691607416903175e-01
1.072231332244916457e-01
1.098116985525816186e-01
1.124341452581462814e-01
1.150897631725302933e-01
1.177778438432231511e-01
1.204976809447873415e-01
1.232485706835016737e-01
1.260298121954696871e-01
1.288407079361716112e-01
1.316805640736524174e-01
1.345486908478878696e-01
1.374444029581405324e-01
1.403670199160723386e-01
1.433158664015990180e-01
1.462902726089078953e-01
1.492895745841948674e-01
1.523131145549324050e-01
1.553602412505095398e-01
1.584303102140324493e-01
1.615226841051467244e-01
1.646367329937077906e-01
1.677718346441399166e-01
1.709273747903572449e-01
1.741027474010802267e-01
1.772973549354337486e-01
1.805106085887008271e-01
1.837419285280998404e-01
1.869907441185047481e-01
1.902564941379673857e-01
1.935386269829890704e-01
1.968366008634197806e-01
2.001498839869292057e-01
2.034779547329747529e-01
2.068203018161954565e-01
2.101764244391868819e-01
2.135458324346081183e-01
2.169280463965724548e-01
2.203225978013199915e-01
2.237290291171063761e-01
2.271468939033345069e-01
2.305757568988986150e-01
2.340151940997497459e-01
2.374647928256976015e-01
2.409241517764557083e-01
2.443928810769627480e-01
2.478706023120197666e-01
2.513569485502640255e-01
2.548515643575606782e-01
2.583541057998411938e-01
2.618642404354668551e-01
2.653816472971926022e-01
2.689060168637998904e-01
2.724370510951955038e-01
2.759744630152245470e-01
2.795179774538959494e-01
2.830673299212959626e-01
2.866222675385134422e-01
2.901825482347849539e-01
2.937479409702444255e-01
2.973182255646766858e-01
3.008931925811020314e-01
3.044726432002430316e-01
3.080563890860411602e-01
3.116442522423863992e-01
3.152360648612154148e-01
3.188316691373767608e-01
3.224309172000358048e-01
3.260336707849356142e-01
3.296398011512804427e-01
3.332491888640254363e-01
3.368617235942146793e-01
3.404773039120618794e-01
3.440958370730131666e-01
3.477172387969748035e-01
3.513414330409709296e-01
3.549683517654331766e-01
3.585979346943737878e-01
3.622301290696794407e-01
3.658648893997591411e-01
3.695021772028124207e-01
3.731419607449426579e-01
3.767842147808417863e-01
3.804289202512291523e-01
3.840760640558849026e-01
3.877256387399029558e-01
3.913776422187824622e-01
3.950320774911473265e-01
3.986889523481635944e-01
4.023482790799330910e-01
4.060100741791162759e-01
4.096743580420931785e-01
4.133411546679035542e-01
4.170104913552756809e-01
4.206823983979977033e-01
4.243569087789254568e-01
4.280340578628957782e-01
4.317138830888362921e-01
4.353964236613468430e-01
4.390817202420249643e-01
4.427698146408207691e-01
4.464607495077075883e-01
4.501545680249217085e-01
4.538513136000800752e-01
4.575510295604203193e-01
4.612537588484553197e-01
4.649595437193054792e-01
4.686684254399813288e-01
4.723804439908840802e-01
4.760956377697854736e-01
4.798140432985514847e-01
4.835356949328728504e-01
4.872606245752429954e-01
4.909888613914660249e-01
4.947204315309097211e-01
4.984553578507763261e-01
5.021936596446155976e-01
5.059353523753281623e-01
5.096804474128944218e-01
5.134289517770440625e-01
5.171808678851123053e-01
5.209361933052769622e-01
5.246949205154196605e-01
5.284570366677989739e-01
5.322225233597488447e-01
5.359913564106044692e-01
5.397635056450404978e-01
5.435389346830181712e-01
5.473176007365192497e-01
5.510994544132405970e-01
5.548844395274248331e-01
5.586724929179864851e-01
5.624635442740874014e-01
5.662575159683256310e-01
5.700543228976611143e-01
5.738538723322331725e-01
5.776560637721919189e-01
5.814607888126618329e-01
5.852679310169711657e-01
5.890773657982341094e-01
5.928889603094000815e-01
5.967025733418670486e-01
6.005180552327326060e-01
6.043352477689248881e-01
6.081539841712573224e-01
6.119740889088645108e-01
6.157953777635679637e-01
6.196176577156268239e-01
6.234407269226325266e-01
6.272643746858378444e-01
6.310883814294606653e-01
6.349125187122119929e-01
6.387365491275300844e-01
6.425602264565408728e-01
6.463832955836958938e-01
6.502054925460776236e-01
6.540265445665792710e-01
6.578461700961194536e-01
6.616640788648625593e-01
6.654799719311543793e-01
6.692935418067561537e-01
6.731044724224577447e-01
6.769124393270897766e-01
6.807171097267840087e-01
6.845181426002376890e-01
6.883151888112959416e-01
6.921078912299668540e-01
6.958958848617856630e-01
6.996787969900246651e-01
7.034562473047339948e-01
7.072278480787620447e-01
7.109932043162388027e-01
7.147519139246910624e-01
7.185035678919253765e-01
7.222477504703465057e-01
7.259840393685483839e-01
7.297120059500408207e-01
7.334312154389025507e-01
7.371412271322483889e-01
7.408415946192670187e-01
7.445318660066972960e-01
7.482115841505188047e-01
7.518802868936791395e-01
7.555375073096672889e-01
7.591827739517023055e-01
7.628156111073507439e-01
7.664355390583555971e-01
7.700420743454412520e-01
7.736347300379152747e-01
7.772130160077916905e-01
7.807764392082331417e-01
7.843245039560904353e-01
7.878567122182701388e-01
7.913725639017268332e-01
7.948715571468150110e-01
7.983531886237654751e-01
8.018169538320375489e-01
8.052623474022925221e-01
8.086888634007649568e-01
8.120959956357306497e-01
8.154832379658577546e-01
8.188500846101740560e-01
8.221960304593872726e-01
8.255205713883002616e-01
8.288232045690793193e-01
8.321034287850896938e-01
8.353607447450672741e-01
8.385946553973464557e-01
8.418046662438940508e-01
8.449902856538922258e-01
8.481510251766055664e-01
8.512863998532829157e-01
8.543959285278333038e-01
8.574791341560216162e-01
8.605355441129334260e-01
8.635646904984547456e-01
8.665661104405115722e-01
8.695393463958408509e-01
8.724839464480296236e-01
8.753994646025744508e-01
8.782854610787539373e-01
8.811415025980290361e-01
8.839671627512614149e-01
8.867620218671860011e-01
8.895256681137936328e-01
8.922576969459746765e-01
8.949577117856075681e-01
8.976253242020562073e-01
9.002601541701288346e-01
9.028618303228136410e-01
9.054299901986234689e-01
9.079642804833089054e-01
9.104643572457954415e-01
9.129298861078986027e-01
9.153605427691910990e-01
9.177560125547009617e-01
9.201159915656882404e-01
9.224401858944902832e-01
9.247283126111028873e-01
9.269800995327724946e-01
9.291952855320091409e-01
9.313736206978313614e-01
9.335148665043454530e-01
9.356187959717811031e-01
9.376851938198662584e-01
9.397138566134279891e-01
9.417045929001121030e-01
9.436572233401033793e-01
9.455715808277913581e-01
9.474475106052498985e-01
9.492848703674720001e-01
9.510835303592937162e-01
9.528433734639240038e-01
9.545642952664196157e-01
9.562462041899838505e-01
9.578890214646083034e-01
9.594926812426909368e-01
9.610571306300628169e-01
9.625823297232232179e-01
9.640682516379123213e-01
9.655148825290446046e-01
9.669222216019858207e-01
9.682902811151664624e-01
9.696190863740746790e-01
9.709086757166287551e-01
9.721591004899599042e-01
9.733704250186423490e-01
9.745427265644264203e-01
9.756760952774968798e-01
9.767706341393377345e-01
9.778264588972445104e-01
9.788436979905886792e-01
9.798224924688649917e-01
9.807629959016516130e-01
9.816653742805305782e-01
9.825298059131000183e-01
9.833564813091678625e-01
9.841456030592290460e-01
9.848973857053555658e-01
9.856120556046146230e-01
9.862898507851390884e-01
9.869310207949967273e-01
9.875358265439759808e-01
9.881045401384672688e-01
9.886374447095426232e-01
9.891348342344491451e-01
9.895970133516123202e-01
9.900242971693675731e-01
9.904170110685650563e-01
9.907754904992291944e-01
9.911000807714559491e-01
9.913911368407137825e-01
9.916490230877695877e-01
9.918741130934046746e-01
9.920667894081293126e-01
9.922274433170857888e-01
9.923564746003549208e-01
9.924542912888631996e-01
9.925213094161183802e-01
9.925579527659436074e-01
9.925646526164795258e-01
9.925418474806211311e-01
9.924899828431589244e-01
9.924095108948008948e-01
9.923008902633151385e-01
9.921645857420366976e-01
9.920010680159306871e-01
9.918108133854797170e-01
9.915943034885768004e-01
9.913520250206969697e-01
9.910844694535576593e-01
9.907921327524858990e-01
9.904755150927584406e-01
9.901351205751069973e-01
9.897714569406449447e-01
9.893850352854300922e-01
9.889763697749085480e-01
9.885459778490143234e-01
9.880943774841943750e-01
9.876220918145162120e-01
9.871296439421652913e-01
9.866175591074970441e-01
9.860863639168713224e-01
9.855365861407598960e-01
9.849687540467697566e-01
9.843833969734876455e-01
9.837810438915249867e-01
9.831622243136911576e-01
9.825274671440114016e-01
9.818773008144341397e-01
9.812122529399076587e-01
9.805328500573291528e-01
9.798396173677443866e-01
9.791330784820432287e-01
9.784137551702991598e-01
9.776821671149422688e-01
9.769388316679399331e-01
9.761842636121607075e-01
9.754189749270754106e-01
9.746434745816956458e-01
9.738582682200667140e-01
9.730638580727229980e-01
9.722607426550303744e-01
9.714494165781184520e-01
9.706303703438500241e-01
9.698040901451605578e-01
9.689710576718816304e-01
9.681317499221715472e-01
9.672866390196671604e-01
9.664361920364428205e-01
9.655808708219126846e-01
9.647211318377347800e-01
9.638574259988361703e-01
9.629901985206107407e-01
9.621198887723869664e-01
9.612469301372293939e-01
9.603717498781303430e-01
9.594947690106596649e-01
9.586164021821111936e-01
9.577370575571936273e-01
9.568571367103066994e-01
9.559770345244327228e-01
9.550971390966560559e-01
9.542178316503445723e-01
9.533394864539906921e-01
9.524624707467360674e-01
9.515871446705370662e-01
9.507138612090192398e-01
9.498429661329594875e-01
9.489747979523992516e-01
9.481096878753423329e-01
9.472479597730361078e-01
9.463899301517427753e-01
9.455359081310270586e-01
9.446861954284322405e-01
9.438410863505328763e-01
9.430008677903000125e-01
9.421658192306788804e-01
9.413362127543272173e-01
9.405123130594336134e-01
9.396943774815057493e-01
9.388826560210645766e-01
9.380773913771258687e-01
9.372788189863718866e-01
9.364871670679074667e-01
9.357026566734770734e-01
9.349255017430428971e-01
9.341559091655748936e-01
9.333940788449488490e-01
9.326402037708048098e-01
9.318944700942300985e-01
9.311570572081449004e-01
9.304281378322082352e-01
9.297078781021315130e-01
9.289964376632315890e-01
9.282939697680616664e-01
9.276006213779705023e-01
9.269165332684266012e-01
9.262418401379308719e-01
9.255766707203638699e-01
9.249211479005834402e-01
9.242753888331086687e-01
9.236395050637051796e-01
9.230136026537034688e-01
9.223977823068594262e-01
9.217921394985832961e-01
9.211967646073477844e-01
9.206117430480980079e-01
9.200371553996437024e-01
9.194730775743388262e-01
9.189195809047876473e-01
9.183767323192899568e-01
9.178445944730621031e-01
9.173232258560966024e-01
9.168126811032776269e-01
9.163130107621580978e-01
9.158242619662861905e-01
9.153464780214123353e-01
9.148796989709213623e-01
9.144239615441233093e-01
9.139792993374228347e-01
9.135457429559642462e-01
9.131233201544899369e-01
9.127120559771911834e-01
9.123119728964150799e-01
9.119230909321885958e-01
9.115454278579646630e-01
9.111789992320173948e-01
9.108238185968353662e-01
9.104798975929809801e-01
9.101472460871825598e-01
9.098258722980889779e-01
9.095157829195199550e-01
9.092169832410565977e-01
9.089294772658466082e-01
9.086532678254476414e-01
9.083883566915852414e-01
9.081347446846871341e-01
9.078924317790552090e-01
9.076614172045438522e-01
9.074416995446346057e-01
9.072332768307698192e-01
9.070361466328414890e-01
9.068503061457174885e-01
9.066757522717079354e-01
9.065124816988657797e-01
9.063604909750269112e-01
9.062197765775039660e-01
9.060903349783420158e-01
9.059721627050670856e-01
9.058652563968435656e-01
9.057696128559822313e-01
9.056852290947267070e-01
9.056121023772769618e-01
9.055502302569734541e-01
9.054996106086324881e-01
9.054602416559598410e-01
9.054321219940307808e-01
9.054152506068001705e-01
9.054096268796285596e-01
9.054152506068001705e-01
9.054321219940307808e-01
9.054602416559598410e-01
9.054996106086324881e-01
9.055502302569735651e-01
9.056121023772767398e-01
9.056852290947269291e-01
9.057696128559823423e-01
9.058652563968437876e-01
9.059721627050669746e-01
9.060903349783415717e-01
9.062197765775037439e-01
9.063604909750272443e-01
9.065124816988655576e-01
9.066757522717080464e-01
9.068503061457180436e-01
9.070361466328417110e-01
9.072332768307700412e-01
9.074416995446347167e-01
9.076614172045432971e-01
9.078924317790552090e-01
9.081347446846872451e-01
9.083883566915849084e-01
9.086532678254471973e-01
9.089294772658461641e-01
9.092169832410561536e-01
9.095157829195200661e-01
9.098258722980903102e-01
9.101472460871827819e-01
9.104798975929804250e-01
9.108238185968349221e-01
9.111789992320169507e-01
9.115454278579637748e-01
9.119230909321883738e-01
9.123119728964150799e-01
9.127120559771920716e-01
9.131233201544901590e-01
9.135457429559654674e-01
9.139792993374236119e-01
9.144239615441238644e-01
9.148796989709210292e-01
9.153464780214120022e-01
9.158242619662855244e-01
9.163130107621572096e-01
9.168126811032776269e-01
9.173232258560958252e-01
9.178445944730625472e-01
9.183767323192902898e-01
9.189195809047880914e-01
9.194730775743394924e-01
9.200371553996448126e-01
9.206117430480987851e-01
9.211967646073481175e-01
9.217921394985820749e-01
9.223977823068584270e-01
9.230136026537028027e-01
9.236395050637045134e-01
9.242753888331081136e-01
9.249211479005843284e-01
9.255766707203645360e-01
9.262418401379316490e-01
9.269165332684270453e-01
9.276006213779716125e-01
9.282939697680618885e-01
9.289964376632315890e-01
9.297078781021311800e-01
9.304281378322081242e-01
9.311570572081447894e-01
9.318944700942295434e-01
9.326402037708041437e-01
9.333940788449504034e-01
9.341559091655761149e-01
9.349255017430440073e-01
9.357026566734787387e-01
9.364871670679072446e-01
9.372788189863712205e-01
9.380773913771238703e-01
9.388826560210641325e-01
9.396943774815049721e-01
9.405123130594330583e-01
9.413362127543296598e-01
9.421658192306805457e-01
9.430008677903011227e-01
9.438410863505336534e-01
9.446861954284305751e-01
9.455359081310266145e-01
9.463899301517414431e-01
9.472479597730342205e-01
9.481096878753429991e-01
9.489747979523990296e-01
9.498429661329613749e-01
9.507138612090191288e-01
9.515871446705375103e-01
9.524624707467359563e-01
9.533394864539916913e-01
9.542178316503442392e-01
9.550971390966567220e-01
9.559770345244321677e-01
9.568571367103055891e-01
9.577370575571928502e-01
9.586164021821101944e-01
9.594947690106597760e-01
9.603717498781320083e-01
9.612469301372311703e-01
9.621198887723889648e-01
9.629901985206104076e-01
9.638574259988360593e-01
9.647211318377336697e-01
9.655808708219112413e-01
9.664361920364424874e-01
9.672866390196666053e-01
9.681317499221717693e-01
9.689710576718800761e-01
9.698040901451602247e-01
9.706303703438521335e-01
9.714494165781198953e-01
9.722607426550318177e-01
9.730638580727246634e-01
9.738582682200678242e-01
9.746434745816956458e-01
9.754189749270744114e-01
9.761842636121589312e-01
9.769388316679391560e-01
9.776821671149416026e-01
9.784137551702991598e-01
9.791330784820451161e-01
9.798396173677449417e-01
9.805328500573314843e-01
9.812122529399081028e-01
9.818773008144325853e-01
9.825274671440108465e-01
9.831622243136892703e-01
9.837810438915256528e-01
9.843833969734883116e-01
9.849687540467672031e-01
9.855365861407608952e-01
9.860863639168704342e-01
9.866175591074973772e-01
9.871296439421662905e-01
9.876220918145153238e-01
9.880943774841944860e-01
9.885459778490123250e-01
9.889763697749077709e-01
9.893850352854302033e-01
9.897714569406445007e-01
9.901351205751081075e-01
9.904755150927599949e-01
9.907921327524876753e-01
9.910844694535581034e-01
9.913520250206991902e-01
9.915943034885759122e-01
9.918108133854792730e-01
9.920010680159305760e-01
9.921645857420344772e-01
9.923008902633158046e-01
9.924095108948005617e-01
9.924899828431585913e-01
9.925418474806224634e-01
9.925646526164804140e-01
9.925579527659458279e-01
9.925213094161194904e-01
9.924542912888643098e-01
9.923564746003540327e-01
9.922274433170861219e-01
9.920667894081296456e-01
9.918741130934038974e-01
9.916490230877672563e-01
9.913911368407128943e-01
9.911000807714559491e-01
9.907754904992306377e-01
9.904170110685649453e-01
9.900242971693680172e-01
9.895970133516127643e-01
9.891348342344493672e-01
9.886374447095426232e-01
9.881045401384658255e-01
9.875358265439755368e-01
9.869310207949968383e-01
9.862898507851384222e-01
9.856120556046132908e-01
9.848973857053561209e-01
9.841456030592284909e-01
9.833564813091688617e-01
9.825298059131002404e-01
9.816653742805310223e-01
9.807629959016523902e-01
9.798224924688647697e-01
9.788436979905876800e-01
9.778264588972434002e-01
9.767706341393366243e-01
9.756760952774984341e-01
9.745427265644270864e-01
9.733704250186437923e-01
9.721591004899600152e-01
9.709086757166301984e-01
9.696190863740741239e-01
9.682902811151651301e-01
9.669222216019857097e-01
9.655148825290446046e-01
9.640682516379127653e-01
9.625823297232247722e-01
9.610571306300641492e-01
9.594926812426906038e-01
9.578890214646083034e-01
9.562462041899847387e-01
9.545642952664198377e-01
9.528433734639240038e-01
9.510835303592938272e-01
9.492848703674718891e-01
9.474475106052497875e-01
9.455715808277906920e-01
9.436572233401023801e-01
9.417045929001114368e-01
9.397138566134287663e-01
9.376851938198674796e-01
9.356187959717803260e-01
9.335148665043443428e-01
9.313736206978310284e-01
9.291952855320095850e-01
9.269800995327728277e-01
9.247283126111038865e-01
9.224401858944897281e-01
9.201159915656877963e-01
9.177560125547006287e-01
9.153605427691922092e-01
9.129298861078978256e-01
9.104643572457954415e-01
9.079642804833089054e-01
9.054299901986234689e-01
9.028618303228146402e-01
9.002601541701280574e-01
8.976253242020547640e-01
8.949577117856066799e-01
8.922576969459735663e-01
8.895256681137940769e-01
8.867620218671860011e-01
8.839671627512608598e-01
8.811415025980295912e-01
8.782854610787540484e-01
8.753994646025763382e-01
8.724839464480296236e-01
8.695393463958409619e-01
8.665661104405105730e-01
8.635646904984535244e-01
8.605355441129337590e-01
8.574791341560222824e-01
8.543959285278325266e-01
8.512863998532823606e-01
8.481510251766050112e-01
8.449902856538923368e-01
8.418046662438938288e-01
8.385946553973459006e-01
8.353607447450673851e-01
8.321034287850891387e-01
8.288232045690786531e-01
8.255205713882989293e-01
8.221960304593864954e-01
8.188500846101741670e-01
8.154832379658576436e-01
8.120959956357317600e-01
8.086888634007640686e-01
8.052623474022915229e-01
8.018169538320368828e-01
7.983531886237658082e-01
7.948715571468158991e-01
7.913725639017260560e-01
7.878567122182682514e-01
7.843245039560888809e-01
7.807764392082341409e-01
7.772130160077928007e-01
7.736347300379158298e-01
7.700420743454402528e-01
7.664355390583547090e-01
7.628156111073518542e-01
7.591827739517027496e-01
7.555375073096660676e-01
7.518802868936778072e-01
7.482115841505182496e-01
7.445318660066975180e-01
7.408415946192680179e-01
7.371412271322479448e-01
7.334312154389024396e-01
7.297120059500403766e-01
7.259840393685486060e-01
7.222477504703467277e-01
7.185035678919245994e-01
7.147519139246891751e-01
7.109932043162386917e-01
7.072278480787623778e-01
7.034562473047341058e-01
6.996787969900241100e-01
6.958958848617844417e-01
6.921078912299669650e-01
6.883151888112960526e-01
6.845181426002383551e-01
6.807171097267833426e-01
6.769124393270892215e-01
6.731044724224566345e-01
6.692935418067560427e-01
6.654799719311544903e-01
6.616640788648623372e-01
6.578461700961197867e-01
6.540265445665796040e-01
6.502054925460785118e-01
6.463832955836965599e-01
6.425602264565403177e-01
6.387365491275294183e-01
6.349125187122119929e-01
6.310883814294611094e-01
6.272643746858380664e-01
6.234407269226316384e-01
6.196176577156264909e-01
6.157953777635685189e-01
6.119740889088655100e-01
6.081539841712582106e-01
6.043352477689247770e-01
6.005180552327321619e-01
5.967025733418663824e-01
5.928889603094006366e-01
5.890773657982343314e-01
5.852679310169702775e-01
5.814607888126607227e-01
5.776560637721908087e-01
5.738538723322335056e-01
5.700543228976613364e-01
5.662575159683247428e-01
5.624635442740870683e-01
5.586724929179857080e-01
5.548844395274250552e-01
5.510994544132411521e-01
5.473176007365181395e-01
5.435389346830179491e-01
5.397635056450398316e-01
5.359913564106041362e-01
5.322225233597492888e-01
5.284570366677983078e-01
5.246949205154193274e-01
5.209361933052760740e-01
5.171808678851120833e-01
5.134289517770446176e-01
5.096804474128929785e-01
5.059353523753271631e-01
5.021936596446145984e-01
4.984553578507772142e-01
4.947204315309099432e-01
4.909888613914654143e-01
4.872606245752423293e-01
4.835356949328718512e-01
4.798140432985523729e-01
4.760956377697866393e-01
4.723804439908827479e-01
4.686684254399818839e-01
4.649595437193050906e-01
4.612537588484559858e-01
4.575510295604210409e-01
4.538513136000799642e-01
4.501545680249215420e-01
4.464607495077075328e-01
4.427698146408218238e-01
4.390817202420251864e-01
4.353964236613463434e-01
4.317138830888360701e-01
4.280340578628956116e-01
4.243569087789260674e-01
4.206823983979983694e-01
4.170104913552745707e-01
4.133411546679031101e-01
4.096743580420929565e-01
4.060100741791169421e-01
4.023482790799332576e-01
3.986889523481634834e-01
3.950320774911461053e-01
3.913776422187817960e-01
3.877256387399036774e-01
3.840760640558851802e-01
3.804289202512286527e-01
3.767842147808411202e-01
3.731419607449419917e-01
3.695021772028127538e-01
3.658648893997592522e-01
3.622301290696783305e-01
3.585979346943736212e-01
3.549683517654326215e-01
3.513414330409714292e-01
3.477172387969754142e-01
3.440958370730116123e-01
3.404773039120618239e-01
3.368617235942137356e-01
3.332491888640262689e-01
3.296398011512811088e-01
3.260336707849352811e-01
3.224309172000358048e-01
3.188316691373760392e-01
3.152360648612167471e-01
3.116442522423867878e-01
3.080563890860408827e-01
3.044726432002424210e-01
3.008931925811019759e-01
2.973182255646777961e-01
2.937479409702448696e-01
2.901825482347841767e-01
2.866222675385134422e-01
2.830673299212953520e-01
2.795179774538966155e-01
2.759744630152247691e-01
2.724370510951947821e-01
2.689060168637996684e-01
2.653816472971921581e-01
2.618642404354676323e-01
2.583541057998413049e-01
2.548515643575606782e-01
2.513569485502634149e-01
2.478706023120187951e-01
2.443928810769637749e-01
2.409241517764560414e-01
2.374647928256971574e-01
2.340151940997494684e-01
2.305757568988980322e-01
2.271468939033347012e-01
2.237290291171066536e-01
2.203225978013197139e-01
2.169280463965721495e-01
2.135458324346075631e-01
2.101764244391876035e-01
2.068203018161958451e-01
2.034779547329745308e-01
2.001498839869292334e-01
1.968366008634190867e-01
1.935386269829900141e-01
1.902564941379678298e-01
1.869907441185034158e-01
1.837419285280997017e-01
1.805106085887001888e-01
1.772973549354343314e-01
1.741027474010804488e-01
1.709273747903569118e-01
1.677718346441399444e-01
1.646367329937073465e-01
1.615226841051471962e-01
1.584303102140326991e-01
1.553602412505089569e-01
1.523131145549320165e-01
1.492895745841942567e-01
1.462902726089082284e-01
1.433158664015998229e-01
1.403670199160721721e-01
1.374444029581407545e-01
1.345486908478876198e-01
1.316805640736529448e-01
1.288407079361718055e-01
1.260298121954700756e-01
1.232485706835019790e-01
1.204976809447867447e-01
1.177778438432237063e-01
1.150897631725306819e-01
1.124341452581466422e-01
1.098116985525821321e-01
1.072231332244914653e-01
1.046691607416908587e-01
1.021504934483867810e-01
9.966784413687669597e-02
9.722192561398032562e-02
9.481345026246461305e-02
9.244312960841025162e-02
9.011167383122424546e-02
8.781979137445448946e-02
8.556818844861813211e-02
8.335756858203414998e-02
8.118863215812763268e-02
7.906207594973252428e-02
7.697859265068611456e-02
7.493887040501476249e-02
7.294359233402732123e-02
7.099343606161087616e-02
6.908907323804788780e-02
6.723116906266457526e-02
6.542038180562037564e-02
6.365736232916252568e-02
6.194275360865155594e-02
6.027719024144387316e-02
5.866129801765695984e-02
5.709569336832356207e-02
5.558098293833269726e-02
5.411776309871918489e-02
5.270661947309597528e-02
5.134812646612414710e-02
5.004284679432241534e-02
4.879133101955965279e-02
4.759411708554320275e-02
4.645172985762194284e-02
4.536468066623730588e-02
4.433346685432353051e-02
4.335857132899060412e-02
4.244046205288824758e-02
4.157959192994629960e-02
4.077639765659444443e-02
4.003130027319397322e-02
3.934470375650087753e-02
3.871699532926532045e-02
3.814854472023774395e-02
3.763970382736846892e-02
3.719080632199388281e-02
3.680216726036159708e-02
3.647408270278117148e-02
3.620682934071003251e-02
3.600066413202945848e-02
3.585582394480942015e-02
3.577252520983379563e-02
3.575096358214215064e-02
3.579131361187598559e-02
3.589372842467301872e-02
3.605833941186681324e-02
3.628525593076249722e-02
3.657456501519855407e-02
3.692633109667146918e-02
3.734059573623095540e-02
3.781737736738801509e-02
3.835667105025750839e-02
3.895844823714507410e-02
3.962265654979789387e-02
4.034921934118546050e-02
4.113803663333116117e-02
4.198898265742181946e-02
4.290190795298885057e-02
4.387663806972854491e-02
4.491297364609593556e-02
4.601069027351219198e-02
4.716953837368486474e-02
4.838924308916926070e-02
4.966950418733508815e-02
5.100999597785575712e-02
5.241036724384441625e-02
5.387024118678087475e-02
5.538921538529708449e-02
5.696686176796876555e-02
5.860272660017616653e-02
6.029633048512621218e-02
6.204716837913511196e-02
6.385470962120473604e-02
6.571839797699007002e-02
6.763765169719399006e-02
6.961186359042406679e-02
7.164040111058021798e-02
7.372260645876141383e-02
7.585779669974201944e-02
7.804526389302106348e-02
8.028427523842474045e-02
8.257407323629945006e-02
8.491387585932508308e-02
8.730287675406603332e-02
8.974024542532273163e-02
9.222512746789071625e-02
9.475664479563893072e-02
9.733389588845295370e-02
9.995595605347895596e-02
1.026218777005516725e-01
1.053306906317541536e-01
1.080814023450029082e-01
1.108729983515464590e-01
1.137044425072961107e-01
1.165746773578360540e-01
1.194826244970123297e-01
1.224271849389604871e-01
1.254072395034077636e-01
1.284216492141309895e-01
1.314692556997781869e-01
1.345488816596714932e-01
1.376593312396152124e-01
1.407993905210651597e-01
1.439678279729622035e-01
1.471633949253611795e-01
1.503848260549100202e-01
1.536308398819652421e-01
1.569001392791071203e-01
1.601914119908425804e-01
1.635033311642420661e-01
1.668345558902635528e-01
1.701837317555319196e-01
1.735494914042900738e-01
1.769304551102644785e-01
1.803252313581790445e-01
1.837324174346192107e-01
1.871506000279810067e-01
1.905783558452865678e-01
1.940142521889466620e-01
1.974568476628441038e-01
2.009046927256876169e-01
2.043563303702679579e-01
2.078102967653907007e-01
2.112651219098132804e-01
2.147193302939363058e-01
2.181714415675205521e-01
2.216199712133030131e-01
2.250634312261301784e-01
2.285003307972863218e-01
2.319291770036540079e-01
2.353484755013164897e-01
2.387567312232916072e-01
2.421524490809700558e-01
2.455341346689252635e-01
2.489002949727111558e-01
2.522494390792401342e-01
2.555800788894116993e-01
2.588907298325495709e-01
2.621799115823030824e-01
2.654461487736030634e-01
2.686879717202729223e-01
2.719039171329245552e-01
2.750925288367163657e-01
2.782523584885968071e-01
2.813819662936155597e-01
2.844799217199212027e-01
2.875448042120316572e-01
2.905752039019763311e-01
2.935697223179134507e-01
2.965269730898168477e-01
2.994455826518275243e-01
3.023241909408771466e-01
3.051614520911640760e-01
3.079560351241077409e-01
3.107066246333480275e-01
3.134119214644228157e-01
3.160706433887060518e-01
3.186815257712131144e-01
3.212433222318935577e-01
3.237548052999986714e-01
3.262147670611488803e-01
3.286220197967069101e-01
3.309753966150828508e-01
3.332737520745767679e-01
3.355159627973857139e-01
3.377009280744040498e-01
3.398275704604503122e-01
3.418948363595392670e-01
3.439016965915742130e-01
3.458471469884764060e-01
3.477302089016540698e-01
3.495499297731688437e-01
3.513053836589528078e-01
3.529956717469560634e-01
3.546199228629227651e-01
3.561772939634495483e-01
3.576669706160190421e-01
3.590881674656881128e-01
3.604401286881255828e-01
3.617221284286859517e-01
3.629334712272483943e-01
3.640734924285005114e-01
3.651415585774207551e-01
3.661370677996554357e-01
3.670594501665497278e-01
3.679081680718578884e-01
3.686827164569007609e-01
3.693826232892919448e-01
3.700074497573975774e-01
3.705567905812960916e-01
3.710302742805227094e-01
3.714275634248269675e-01
3.717483548677408822e-01
3.719923799627674055e-01
3.721594047620132018e-01
3.722492301970911077e-01
3.722616922421269070e-01
3.721966620587374153e-01
3.720540461228132867e-01
3.718337863329953530e-01
3.715358601007114903e-01
3.711602804216677653e-01
3.707070959286954404e-01
3.701763909258560803e-01
3.695682854037315446e-01
3.688829350358312498e-01
3.681205311560485360e-01
3.672813007661540619e-01
3.663655062301279242e-01
3.653734457446361494e-01
3.643054524507730041e-01
3.631618951601440215e-01
3.619431775703070842e-01
3.606497384082779090e-01
3.592820511957880991e-01
3.578406240554495854e-01
3.563259994979882661e-01
3.547387541906386055e-01
3.530794987067554791e-01
3.513488772567256446e-01
3.495475674003100663e-01
3.476762797404743255e-01
3.457357575988881937e-01
3.437267766731752494e-01
3.416501446760893401e-01
3.395067009567628302e-01
3.372973161041825652e-01
3.350228915330910051e-01
3.326843590524884431e-01
3.302826804169353148e-01
3.278188468608762562e-01
3.252938786161871376e-01
3.227088244132056971e-01
3.200647609654601600e-01
3.173627924383701782e-01
3.146040499021829917e-01
3.117896907693892827e-01
3.089208982169606710e-01
3.059988805936435519e-01
3.030248708126545010e-01
3.000001257300822788e-01
2.969259255093010808e-01
2.938035729717637379e-01
2.906343929344924470e-01
2.874197315346226356e-01
2.841609555413752708e-01
2.808594516558095000e-01
2.775166257987526919e-01
2.741339023872802483e-01
2.707127236001438120e-01
2.672545486325723640e-01
2.637608529408088653e-01
2.602331274768656666e-01
2.566728779138675032e-01
2.530816238760538739e-01
2.494608980931724562e-01
2.458122456790986510e-01
2.421372232724683660e-01
2.384373982343628851e-01
2.347143478266568162e-01
2.309696583841532869e-01
2.272049244809588031e-01
2.234217480916056431e-01
2.196217377473916876e-01
2.158065076884269073e-01
2.119776770118852738e-01
2.081368688169579484e-01
2.042857093470043239e-01
2.004258271294118710e-01
1.965588521136659717e-01
1.926864147847835163e-01
1.888101453925657147e-01
1.849316729478950594e-01
1.810526244514728544e-01
1.771746240075215417e-01
1.732992919618985272e-01
1.694282440420024072e-01
1.655630904990167684e-01
1.617054352530006567e-01
1.578568750413371080e-01
1.540189985710717913e-01
1.501933856756308416e-01
1.463816064764584812e-01
1.425852205500683922e-01
1.388057761010264846e-01
1.350448091413682383e-01
1.313038426769572165e-01
1.275843859012780468e-01
1.238879333971713986e-01
1.202159643469961209e-01
1.165699417517220560e-01
1.129513116594021982e-01
1.093615024035525518e-01
1.058019238518711630e-01
1.022739666657879049e-01
9.877900157130815872e-02
9.531837864157635676e-02
9.189342653564418206e-02
8.850545208597590530e-02
8.515573899879826103e-02
8.184554804781152271e-02
7.857611554294112455e-02
7.534865334760579292e-02
7.216434795614867781e-02
6.902435994580385925e-02
6.592982338429675959e-02
6.288184525328890939e-02
5.988150488811387617e-02
5.692985343408663718e-02
5.402791331978179512e-02
5.117667774759610683e-02
4.837711020191415995e-02
4.563014397520888388e-02
4.293668171235902331e-02
4.029759497347702724e-02
3.771372381555017361e-02
3.518587639311423348e-02
3.271482857827161250e-02
3.030132360024177449e-02
2.794607170470374963e-02
2.564974983314920881e-02
2.341300132242761164e-02
2.123643562469719123e-02
1.912062804794123841e-02
1.706611951721678441e-02
1.507341635680392936e-02
1.314299009335060699e-02
1.127527728018878905e-02
9.470679342877715012e-03
7.729562446099881579e-03
6.052257381990062968e-03
4.439059479934981921e-03
2.890228537930139997e-03
1.405988775502500700e-03
-1.347119176788730277e-05
-1.367998356116362571e-03
-2.657475299870536243e-03
-3.881820156147984535e-03
-5.040986548016365698e-03
-6.134963506170648152e-03
-7.163775373409212235e-03
-8.127481646540079055e-03
-9.026176879670774061e-03
-9.859990483610997503e-03
-1.062908654568487168e-02
-1.133366362038212317e-02
-1.197395449929183377e-02
-1.255022596048686184e-02
-1.306277849753777892e-02
-1.351194602835704625e-02
-1.389809558407819473e-02
-1.422162697819700193e-02
-1.448297245621366428e-02
-1.468259632602059161e-02
-1.482099456930722689e-02
-1.489869443425829477e-02
-1.491625400672891635e-02
-1.487426177934097517e-02
-1.477333616968568367e-02
-1.461412505516665634e-02
-1.439730527316353953e-02
-1.412358210802661107e-02
-1.379368876166280067e-02
-1.340838580808520301e-02
-1.296846063231600968e-02
-1.247472685404065439e-02
-1.192802373641876912e-02
-1.132921558048086662e-02
-1.067919110552227602e-02
-9.978862815954132187e-03
-9.229166355043645978e-03
-8.431059846007518677e-03
-7.585523220931016802e-03
-6.693557537969975144e-03
-5.756184287339714649e-03
-4.774444686565553625e-03
-3.749398965497181910e-03
-2.682125641603669546e-03
-1.573720786034541082e-03
-4.252972809902981315e-04
7.620159310818080088e-04
1.987074605950869474e-03
3.248719963163585519e-03
4.545779458196787595e-03
5.877067560629877299e-03
7.241386537803592288e-03
8.637527243419668849e-03
1.006426992150406124e-02
1.152038494823962034e-02
1.300463374698163956e-02
1.451576945607980194e-02
1.605253783877164109e-02
1.761367802868962079e-02
1.919792336238934985e-02
2.080400218232725945e-02
2.243063864473572935e-02
2.407655352684008598e-02
2.574046503283820841e-02
2.742108959810939453e-02
2.911714269107416528e-02
3.082733961216051546e-02
3.255039628933036749e-02
3.428503006961367700e-02
3.602996050610063339e-02
3.778391013987233982e-02
3.954560527631009043e-02
4.131377675527547061e-02
4.308716071463006975e-02
4.486449934656362715e-02
4.664454164625215365e-02
4.842604415230056247e-02
5.020777167850973971e-02
5.198849803644215589e-02
5.376700674834284516e-02
5.554209174990815123e-02
5.731255808245463296e-02
5.907722257403180688e-02
6.083491450901500064e-02
6.258447628577534783e-02
6.432476406196015184e-02
6.605464838699663666e-02
6.777301482140195288e-02
6.947876454249356237e-02
7.117081493614998977e-02
7.284810017420806361e-02
7.450957177574543677e-02
7.615419915960383590e-02
7.778097017056689877e-02
7.938889159917439375e-02
8.097698968163873079e-02
8.254431058407867006e-02
8.408992087014915962e-02
8.561290795179482549e-02
8.711238053092604239e-02
8.858746897558358868e-02
9.003732579884508869e-02
9.146112595950162127e-02
9.285806726504342024e-02
9.422737070835113249e-02
9.556828079404763865e-02
9.688006584633702956e-02
9.816201829821451230e-02
9.941345497672673948e-02
1.006337172958595705e-01
1.018221715761182811e-01
1.029782092007661964e-01
1.041012468244070371e-01
1.051907265482573961e-01
1.062461160762420281e-01
1.072669088518706793e-01
1.082526241759224489e-01
1.092028073049327308e-01
1.101170295305227559e-01
1.109948882396176034e-01
1.118360069556047914e-01
1.126400353605113286e-01
1.134066492982991753e-01
1.141355507593766055e-01
1.148264678464380323e-01
1.154791547217835224e-01
1.160933915362607205e-01
1.166689843399790760e-01
1.172057649750078284e-01
1.177035909502011368e-01
1.181623452984083000e-01
1.185819364162469663e-01
1.189622978866965719e-01
1.193033882847430033e-01
1.196051909663449486e-01
1.198677138409825482e-01
1.200909891280833586e-01
1.202750730976080429e-01
1.204200457951104530e-01
1.205260107516042123e-01
1.205930946785292862e-01
1.206214471482064676e-01
1.206112402600963696e-01
1.205626683340655370e-01
1.204759473452235025e-01
1.203513150074350807e-01
1.201890297318719686e-01
1.199893709248828905e-01
1.197526380435093712e-01
1.194791504195056170e-01
1.191692467766604785e-01
1.188232847868169045e-01
1.184416406157110108e-01
1.180247084590974604e-01
1.175729000696142668e-01
1.170866442748184910e-01
1.165663864868854843e-01
1.160125882044119594e-01
1.154257265068055760e-01
1.148062935417348690e-01
1.141547960061069789e-01
1.134717546210720074e-01
1.127577036015091350e-01
1.120131901205162622e-01
1.112387737693516648e-01
1.104350260133465794e-01
1.096025296442575819e-01
1.087418782295579700e-01
1.078536755591557872e-01
1.069385350900269593e-01
1.059970793892423685e-01
1.050299395758949594e-01
1.040377547623868443e-01
1.030211714955820007e-01
1.019808431982849456e-01
1.009174296115313840e-01
9.983159623816448280e-02
9.872401379592840587e-02
9.759535763458292157e-02
9.644630723072926404e-02
9.527754561211077000e-02
9.408975882161461912e-02
9.288363537820522320e-02
9.165986574232536099e-02
9.041914178616224096e-02
8.916215626923469639e-02
8.788960231969791814e-02
8.660217292176780601e-02
8.530056040967579079e-02
8.398545596854055384e-02
8.265754914252033958e-02
8.131752735065310433e-02
7.996607541070033243e-02
7.860387505622044857e-02
7.723160453801064529e-02
7.584993808369779045e-02
7.445954551716285619e-02
7.306109181265445229e-02
7.165523667383080775e-02
7.024263412307063525e-02
6.882393210131564076e-02
6.739977207873418252e-02
6.597078867641997801e-02
6.453760929940385860e-02
6.310085378117159804e-02
6.166113403991715231e-02
6.021905374673801326e-02
5.877520800593834249e-02
5.733018304763836531e-02
5.588455593283830208e-02
5.443889427107737045e-02
5.299375595085076968e-02
5.154968888286425022e-02
5.010723075627883383e-02
4.866690880800150082e-02
4.722923960512168812e-02
4.579472884056644960e-02
4.436387114199972365e-02
4.293714989404622678e-02
4.151503707382127317e-02
4.009799309981455784e-02
3.868646669411254096e-02
3.728089475793544549e-02
3.588170226048754269e-02
3.448930214104796443e-02
3.310409522426906864e-02
3.172647014861652848e-02
3.035680330784677056e-02
2.899545880546672283e-02
2.764278842202856981e-02
2.629913159517625193e-02
2.496481541229409254e-02
2.364015461561911127e-02
2.232545156480507387e-02
2.102099654080472405e-02
1.972706718221808875e-02
1.844392937003046587e-02
1.717183645261041725e-02
1.591102994241840388e-02
1.466173932062879610e-02
1.342418219201958057e-02
1.219856439398229846e-02
1.098508011595648697e-02
9.783912029038593222e-03
8.595231425482414978e-03
7.419198367830611568e-03
6.255961847382042126e-03
5.105659951701864256e-03
3.968420040883401112e-03
2.844358932241393845e-03
1.733583093129517682e-03
6.361888415628478254e-04
-4.477374456883487751e-04
-1.518119117858228884e-03
-2.574889028146296402e-03
-3.617989305211820501e-03
-4.647371118556205619e-03
-5.662994438148942662e-03
-6.664827788633809202e-03
-7.652847998503175056e-03
-8.627039944573620250e-03
-9.587396292145611287e-03
-1.053391723120745450e-02
-1.146661021740917261e-02
-1.238548966797230894e-02
-1.329057673850962684e-02
-1.418189901357166591e-02
-1.505949023699389502e-02
-1.592339003211615256e-02
-1.677364362064739586e-02
-1.761030154052605975e-02
-1.843341936314497539e-02
-1.924305741031708331e-02
-2.003928047132540885e-02
-2.082215752043826973e-02
-2.159176143522744187e-02
-2.234816871605041499e-02
-2.309145920705085731e-02
-2.382171581900599522e-02
-2.453902424975518831e-02
-2.524347273069911177e-02
-2.593515172824855178e-02
-2.661415369717507612e-02
-2.728057281270634959e-02
-2.793450471147133560e-02
-2.857604623654996789e-02
-2.920529518694515644e-02
-2.982235007175442279e-02
-3.042730986932402557e-02
-3.102027379166684418e-02
-3.160134105440379204e-02
-3.217061065247933671e-02
-3.272818114191894390e-02
-3.327415042784175048e-02
-3.380861555898140303e-02
-3.433167252891933946e-02
-3.484341608424892239e-02
-3.534393953986744719e-02
-3.583333460158757283e-02
-3.631169119624472891e-02
-3.677909730947873101e-02
-3.723563883133165081e-02
-3.768139940983075697e-02
-3.811646031266967272e-02
-3.854090029713418825e-02
-3.895479548837622874e-02
-3.935821926613627952e-02
-3.975124216001311994e-02
-4.013393175335807500e-02
-4.050635259585813608e-02
-4.086856612487422408e-02
-4.122063059556576453e-02
-4.156260101984913385e-02
-4.189452911420449288e-02
-4.221646325633904295e-02
-4.252844845071544755e-02
-4.283052630291651897e-02
-4.312273500283998751e-02
-4.340510931667121430e-02
-4.367768058759887578e-02
-4.394047674520407815e-02
-4.419352232346408088e-02
-4.443683848727891794e-02
-4.467044303270319150e-02
-4.489435060391963606e-02
-4.510857236799590414e-02
-4.531311656889127487e-02
-4.550798812727943621e-02
-4.569318904475137832e-02
-4.586871833983433705e-02
-4.603457216795332069e-02
-4.619074391930903106e-02
-4.633722432390230406e-02
-4.647400156350192657e-02
-4.660106139036933326e-02
-4.671838725251683394e-02
-4.682596042529399427e-02
-4.692376014906796816e-02
-4.701176377276637675e-02
-4.708994690305087771e-02
-4.715828355885669232e-02
-4.721674633106381219e-02
-4.726530654701975587e-02
-4.730393443966293687e-02
-4.733259932096400141e-02
-4.735126975941379712e-02
-4.735991376126624797e-02
-4.735849895526011988e-02
-4.734699277386660021e-02
-4.732536267119356183e-02
-4.729357627489245985e-02
-4.725160160995921926e-02
-4.719940728919402861e-02
-4.713696271249487313e-02
-4.706423826750649742e-02
-4.698120553131518440e-02
-4.688783747287364467e-02
-4.678410865584588241e-02
-4.666999544155241847e-02
-4.654547619170681938e-02
-4.641053147061972861e-02
-4.626514424657006408e-02
-4.610930009201108515e-02
-4.594298738232620999e-02
-4.576619749279412647e-02
-4.557892499007719367e-02
-4.538116783775097279e-02
-4.517292756747946780e-02
-4.495420947765933761e-02
-4.472502281415875747e-02
-4.448538095029151707e-02
-4.423530156291893833e-02
-4.397480680442205497e-02
-4.370392347025027491e-02
-4.342268316177985699e-02
-4.313112244422581676e-02
-4.282928299933154437e-02
-4.251721177259656231e-02
-4.219496111480108141e-02
-4.186258891756622358e-02
-4.152015874275071655e-02
-4.116773994543205389e-02
-4.080540779027092696e-02
-4.043324356105660461e-02
-4.005133466321682267e-02
-3.965977471912451868e-02
-3.925866365600209906e-02
-3.884810778626249239e-02
-3.842821988012249529e-02
-3.799911923033123112e-02
-3.756093170888536587e-02
-3.711378981557883483e-02
-3.665783271827906947e-02
-3.619320628482226854e-02
-3.572006310640193222e-02
-3.523856251239865928e-02
-3.474887057653377326e-02
-3.425116011430093255e-02
-3.374561067161697958e-02
-3.323240850463222984e-02
-3.271174655068057047e-02
-3.218382439033861536e-02
-3.164884820057661807e-02
-3.110703069901072162e-02
-3.055859107925911269e-02
-3.000375493742230004e-02
-2.944275418972994163e-02
-2.887582698138410273e-02
-2.830321758667045731e-02
-2.772517630039147973e-02
-2.714195932070429668e-02
-2.655382862345536180e-02
-2.596105182810282477e-02
-2.536390206165012665e-02
-2.476265777661844011e-02
-2.415760265569417975e-02
-2.354902538095426240e-02
-2.293721949378609015e-02
-2.232248320412363179e-02
-2.170511920256310359e-02
-2.108543446366428764e-02
-2.046374004248295575e-02
-1.984035086427086286e-02
-1.921558550757471173e-02
-1.858976598091816035e-02
-1.796321749333806492e-02
-1.733626821897837553e-02
-1.670924905600286448e-02
-1.608249338008852641e-02
-1.545633679273741845e-02
-1.483111686470222138e-02
-1.420717287478156024e-02
-1.358484554427111246e-02
-1.296447676737405574e-02
-1.234640933913846300e-02
-1.173098667291895547e-02
-1.111855252980933906e-02
-1.050945072902651281e-02
-9.904024864420827440e-03
-9.302618016924264419e-03
-8.705572465128243176e-03
-8.113229394295814328e-03
-7.525928604143011097e-03
-6.944008215728814798e-03
-6.367804377773594871e-03
-5.797650972757445453e-03
-5.233879323126579622e-03
-4.676817897943337521e-03
-4.126792020334616590e-03
-3.584123576054518145e-03
-3.049130723524137027e-03
-2.522127612199973751e-03
-2.003424070773692639e-03
-1.493325361787169875e-03
-9.921318758272096305e-04
-5.001388601227410580e-04
-1.763614443600625137e-05
4.550921292453807138e-04
9.177677728948625824e-04
1.370118814187300943e-03
1.811879753489951603e-03
2.242791815780128400e-03
2.662603197195405336e-03
3.071069305914811767e-03
3.467952997069388699e-03
3.853024801406708388e-03
4.226063147421372374e-03
4.586854576676133513e-03
4.935193952050893895e-03
5.270884658658171393e-03
5.593738797174686514e-03
5.903577369345094569e-03
6.200230455423729262e-03
6.483537383327242498e-03
6.753346889285600368e-03
7.009517269777819706e-03
7.251916524564474935e-03
7.480422490618008485e-03
7.694923280956274085e-03
7.895315828999324020e-03
8.081509135919401343e-03
8.253421224797961864e-03
8.410980797496560302e-03
8.554126996493797638e-03
8.682809470790232853e-03
8.796988431598448330e-03
8.896634697744352366e-03
8.981729730693572417e-03
9.052265659142176915e-03
9.108245293125531716e-03
9.149682127595284292e-03
9.176600335449477258e-03
9.189034749995189655e-03
9.187030836839147133e-03
9.170644655226409953e-03
9.139942808839621874e-03
9.095002386101832398e-03
9.035910890028277936e-03
8.962766157688227542e-03
8.875676269351233036e-03
8.774759447401091900e-03
8.660143945117661571e-03
8.531967925436690497e-03
8.390379299588159728e-03
8.235535737289762653e-03
8.067604180093210231e-03
7.886761153239850441e-03
7.693192105994192329e-03
7.487091602763742970e-03
7.268662966148522683e-03
7.038118114848440111e-03
6.795677359142925436e-03
6.541569188095184076e-03
6.276030048716447693e-03
5.999304117335953895e-03
5.711643063431074384e-03
5.413305806184699927e-03
5.104558264039714063e-03
4.785673097537483135e-03
4.456929445729228799e-03
4.118612647768709126e-03
3.771014001850378841e-03
3.414430432930245889e-03
3.049164240348541458e-03
2.675522798383688644e-03
2.293818260666649275e-03
1.904367260422398615e-03
1.507490606884901926e-03
1.103512978237377457e-03
6.927626114375867381e-04
2.755709892898932159e-04
-1.477274748733830786e-04
-5.767957545256803889e-04
-1.011294528930415347e-03
-1.450882503392522671e-03
-1.895216730405028041e-03
-2.343952920224484995e-03
-2.796745807045827523e-03
-3.253249403954970760e-03
-3.713117368251524913e-03
-4.176003310263956200e-03
-4.641561111874100906e-03
-5.109445243270851165e-03
-5.579311077560305393e-03
-6.050815202852815461e-03
-6.523615731456206338e-03
-6.997372605802259019e-03
-7.471747900746703724e-03
-7.946406121874007022e-03
-8.421014500259643709e-03
-8.895243277673608659e-03
-9.368765998875610082e-03
-9.841259782324914690e-03
-1.031240559730987362e-02
-1.078188853016046229e-02
-1.124939804489507623e-02
-1.171462823717467003e-02
-1.217727808126542813e-02
-1.263705166970304113e-02
-1.309365844538334586e-02
-1.354681342578654794e-02
-1.399623741908182298e-02
-1.444165723183858316e-02
-1.488280586810862560e-02
-1.531942271963645033e-02
-1.575125374696949299e-02
-1.617805165126184885e-02
-1.659957603656007918e-02
-1.701559356238722953e-02
-1.742587808644734115e-02
-1.783021079728015421e-02
-1.822838033672260008e-02
-1.862018291203042936e-02
-1.900542239754307583e-02
-1.938391042577823631e-02
-1.975546646785308891e-02
-2.011991790316581402e-02
-2.047710007824914483e-02
-2.082685635476061101e-02
-2.116903814656331817e-02
-2.150350494586944147e-02
-2.183012433845149883e-02
-2.214877200791082884e-02
-2.245933172904134023e-02
-2.276169535032008390e-02
-2.305576276556831061e-02
-2.334144187486937583e-02
-2.361864853481365073e-02
-2.388730649816943330e-02
-2.414734734310688274e-02
-2.439871039208619738e-02
-2.464134262057381120e-02
-2.487519855573263119e-02
-2.510024010306482339e-02
-2.531643673662523075e-02
-2.552376468224499401e-02
-2.572220772247198889e-02
-2.591175609229904100e-02
-2.609240702890571612e-02
-2.626416428356854321e-02
-2.642703801221250870e-02
-2.658104459357888555e-02
-2.672620643977942009e-02
-2.686255179954877975e-02
-2.699011455453832753e-02
-2.710893400898049810e-02
-2.721905465816663178e-02
-2.732052602555212067e-02
-2.741340234540800419e-02
-2.749774238910453542e-02
-2.757360921235605528e-02
-2.764106991297969954e-02
-2.770019538473831103e-02
-2.775106006770287903e-02
-2.779374169556863422e-02
-2.782832104036556467e-02
-2.785488165502808533e-02
-2.787350961427373375e-02
-2.788429325426083558e-02
-2.788732291150699746e-02
-2.788269066153469325e-02
-2.787049005773822169e-02
-2.785081588397593857e-02
-2.782376384298394095e-02
-2.778943037783427467e-02
-2.774791236367863539e-02
-2.769930686842629261e-02
-2.764371090332765415e-02
-2.758122117727089539e-02
-2.751193385529148577e-02
-2.743594432180940582e-02
-2.735334694908974143e-02
-2.726423487143672664e-02
-2.716869976562018632e-02
-2.706683163803120379e-02
-2.695871861906745659e-02
-2.684444676523383214e-02
-2.672409986944987784e-02
-2.659775928004432313e-02
-2.646550372891056865e-02
-2.632740916929586505e-02
-2.618354862368182587e-02
-2.603399204221506363e-02
-2.587880617212984583e-02
-2.571805443860198520e-02
-2.555179683745736202e-02
-2.538008984015879821e-02
-2.520298631146600590e-02
-2.502053544017447673e-02
-2.483278268330397706e-02
-2.463976972411432292e-02
-2.444153444429978880e-02
-2.423811091070307219e-02
-2.402952937688114521e-02
-2.381581629982846421e-02
-2.359699437215701662e-02
-2.337308257001778633e-02
-2.314409621702084169e-02
-2.291004706440210800e-02
-2.267094338767022821e-02
-2.242679009993846923e-02
-2.217758888214087232e-02
-2.192333833029787293e-02
-2.166403411999258399e-02
-2.139966918818731606e-02
-2.113023393249660944e-02
-2.085571642800906206e-02
-2.057610266173064140e-02
-2.029137678470042602e-02
-2.000152138180942216e-02
-1.970651775932691016e-02
-1.940634625012659792e-02
-1.910098653656598644e-02
-1.879041799096905010e-02
-1.847462003362441291e-02
-1.815357250819485749e-02
-1.782725607441247931e-02
-1.749565261790277104e-02
-1.715874567696883124e-02
-1.681652088613096174e-02
-1.646896643620578138e-02
-1.611607355067416758e-02
-1.575783697807229752e-02
-1.539425552501450141e-02
-1.502533245521533306e-02
-1.465107630025343916e-02
-1.427150104819149661e-02
-1.388662706708229146e-02
-1.349648143027048185e-02
-1.310109862710960582e-02
-1.270052114789485889e-02
-1.229480010927507146e-02
-1.188399586745002984e-02
-1.146817869201418802e-02
-1.104742940109751902e-02
-1.062184003204793246e-02
-1.019151451687228677e-02
-9.756569366903061410e-03
-9.317134366070171925e-03
-8.873353270132269474e-03
-8.425384525149603662e-03
-7.973401962686076441e-03
-7.517595540741681646e-03
-7.058172059994626164e-03
-6.595355896429138179e-03
-6.129389735660753513e-03
-5.660535310172990116e-03
-5.189074138681271445e-03
-4.715308268596821520e-03
-4.239561010539696917e-03
-3.762177688597922835e-03
-3.283526374204769321e-03
-2.803998625176186248e-03
-2.324010220509176074e-03
-1.844001891415974950e-03
-1.364440047704664621e-03
-8.858174986104438466e-04
-4.086541671731854994e-04
6.650220275610093865e-05
5.390753477907406221e-04
1.008459795499288582e-03
1.474020185036337745e-03
1.935090598852822353e-03
2.390973906418551991e-03
2.840941120901913954e-03
3.284230769742797242e-03
3.720048280064669477e-03
4.147565379867846139e-03
4.565919515940378842e-03
4.974213289429419566e-03
5.371513910003121971e-03
5.756852669536043597e-03
6.129224436244970660e-03
6.487587170189853918e-03
6.830861461057187792e-03
7.157930089126319888e-03
7.467637610313277406e-03
7.758789966181765980e-03
8.030154119789802494e-03
8.280457718237283632e-03
8.508388782764032821e-03
8.712595427229562553e-03
8.891685605801495640e-03
9.044226890650725742e-03
9.168746280445921881e-03
9.263730040415385850e-03
9.327623574728223510e-03
9.358831331928111480e-03
9.355716744128432516e-03
9.316602200663083588e-03
9.239769056858547491e-03
9.123457678570957852e-03
8.965867523114706694e-03
8.765157257170409083e-03
8.519444912253166385e-03
8.226808078275173186e-03
7.885284135726124133e-03
7.492870526960414973e-03
7.047525067045784519e-03
6.547166294612334625e-03
5.989673863094173434e-03
5.372888972739416069e-03
4.694615698414110472e-03
3.952617230680140203e-03
3.144624978891084888e-03
2.268330622434533428e-03
1.321391024434050154e-03
3.014280596188717576e-04
-7.939706606896468344e-04
-1.967251021037397241e-03
-3.220891591721328218e-03
-4.557402776023157520e-03
-5.979325914835777189e-03
-7.489232447140670157e-03
-9.089722437446309811e-03
-1.078342464796959443e-02
-1.257299393561013556e-02
-1.446111176257933173e-02
-1.645048377059643574e-02
-1.854383924951928664e-02
-2.074392972592666029e-02
-2.305352770786422978e-02
-2.547542537208563607e-02
-2.801243321129723296e-02
-3.066737864184758411e-02
-3.344310457241164714e-02
-3.634246793417673926e-02
-3.936833817314466799e-02
-4.252359570518561560e-02
-4.581113033445993743e-02
-4.923383963598082502e-02
-5.279462730299382123e-02
-5.649640146000044216e-02
-6.034207291167534293e-02
-6.433455351126150801e-02
-6.847675419394240459e-02
-7.277158328135734100e-02
-7.722194460579437369e-02
-8.183073563543559470e-02
-8.660084557168824804e-02
-9.153515341973528230e-02
-9.663652603334722813e-02
-1.019078161351198303e-01
-1.073518603133369886e-01
-1.129714769965722149e-01
-1.187694644073558625e-01
-1.247485984961073935e-01
-1.309116308566463660e-01
-1.372612866246234187e-01
-1.438002623601515040e-01
-1.505312239161008259e-01
-1.574568042933807421e-01
-1.645796014846858668e-01
-1.719021763081522436e-01
-1.794270502323442318e-01
-1.871567031941420711e-01
-1.950935714109990338e-01
-2.032400451891159809e-01
-2.115984667291112564e-01
-2.201711279306934332e-01
-2.289602681980157095e-01
-2.379680722472592158e-01
-2.471966679180600257e-01
-2.566481239904933043e-01
-2.663244480090870003e-01
-2.762275841157738610e-01
-2.863594108931453719e-01
-2.967217392199763548e-01
-3.073163101404978170e-01
-3.181447927491349859e-01
-3.292087820925063690e-01
-3.405097970902059012e-01
-3.520492784762462302e-01
-3.638285867627014669e-01
-3.758490002272973363e-01
-3.881117129267004362e-01
-4.006178327370455983e-01
-4.133683794235384901e-01
-4.263642827407300717e-01
-4.396063805650396450e-01
-4.530954170614407972e-01
-4.668320408855739512e-01
-4.808168034232820354e-01
-4.950501570690297171e-01
-5.095324535446552616e-01
-5.242639422604198352e-01
-5.392447687194326100e-01
-5.544749729675054750e-01
-5.699544880895909271e-01
-5.856831387544065848e-01
-6.016606398088728547e-01
-6.178865949235693433e-01
-6.343604952908962202e-01
-6.510817183771691052e-01
-6.680495267300179396e-01
-6.852630668426311633e-01
-7.027213680758549463e-01
-7.204233435030654720e-01
-7.383677796354537470e-01
-7.565533541592847078e-01
-7.749786164691404577e-01
-7.936419962154072083e-01
-8.125418007369573647e-01
-8.316762142441117556e-01
-8.510432981143065678e-01
-8.706409885418711081e-01
-8.904670985908937908e-01
-9.105193153139361506e-01
-9.307952013478721920e-01
-9.512921938248304343e-01
-9.720076043979676284e-01
-9.929386191666869088e-01
-1.014082298675634153e+00
-1.035435577988329747e+00
-1.056995266835583314e+00
-1.078758049839623645e+00
-1.100720486814148691e+00
-1.122879013140759108e+00
-1.145229940222293630e+00
-1.167769456060712807e+00
-1.190493625674777345e+00
-1.213398392068886444e+00
-1.236479576807645753e+00
-1.259732880903295271e+00
-1.283153885733957278e+00
-1.306738054039841446e+00
-1.330480730996983718e+00
-1.354377145368640845e+00
-1.378422410734022607e+00
-1.402611526794075303e+00
-1.426939380754265407e+00
-1.451400748783628902e+00
-1.475990297549995889e+00
-1.500702585830812508e+00
-1.525532066198862946e+00
-1.550473086782744314e+00
-1.575519893100835400e+00
-1.600666629968688692e+00
-1.625907343478750544e+00
-1.651235983051477341e+00
-1.676646403557552123e+00
-1.702132367509500588e+00
-1.727687547322461548e+00
-1.753305527642729622e+00
-1.778979807742888886e+00
-1.804703803982806498e+00
-1.830470852334879162e+00
-1.856274210972606475e+00
-1.882107062921148044e+00
-1.907962518768321125e+00
-1.933833619435042062e+00
-1.959713339003412269e+00
-1.985594587601164918e+00
-2.011470214341142704e+00
-2.037333010313577830e+00
-2.063175711630560460e+00
-2.088991002520000251e+00
-2.114771518468201439e+00
-2.140509849408937626e+00
-2.166198542957167295e+00
-2.191830107685918794e+00
-2.217397016444115465e+00
-2.242891709713749737e+00
-2.268306599004338509e+00
-2.293634070282664972e+00
-2.318866487435951917e+00
-2.343996195766333113e+00
-2.369015525514563958e+00
-2.393916795411140441e+00
-2.418692316252205377e+00
-2.443334394498686724e+00
-2.467835335896134019e+00
-2.492187449113167919e+00
-2.516383049396535121e+00
-2.540414462240107252e+00
-2.564274027066177908e+00
-2.587954100916185052e+00
-2.611447062149170328e+00
-2.634745314145297890e+00
-2.657841289012238928e+00
-2.680727451292264973e+00
-2.703396301667524870e+00
-2.725840380661405771e+00
-2.748052272333480595e+00
-2.770024607965802410e+00
-2.791750069738281770e+00
-2.813221394390639229e+00
-2.834431376868862262e+00
-2.855372873959693525e+00
-2.876038807876351022e+00
-2.896422169875471297e+00
-2.916516023798654711e+00
-2.936313509610642303e+00
-2.955807846971970410e+00
-2.974992338369575773e+00
-2.993860373339563452e+00
-3.012405430685971552e+00
-3.030621083186692655e+00
-3.048500999849318216e+00
-3.066038949692009741e+00
-3.083228804879946328e+00
-3.100064543914682336e+00
-3.116540254774622376e+00
-3.132650138004414941e+00
-3.148388509751207209e+00
-3.163749804714401481e+00
-3.178728579194739279e+00
-3.193319513774182106e+00
-3.207517416242658737e+00
-3.221317224309497629e+00
-3.234714008280778597e+00
-3.247702973670220317e+00
-3.260279463742223438e+00
-3.272438961985193462e+00
-3.284177094513467399e+00
-3.295489632396446211e+00
-3.306372493913144250e+00
-3.316821746730878928e+00
-3.326833610006477482e+00
-3.336404456408674335e+00
-3.345530814060404978e+00
-3.354209368399546420e+00
-3.362436963957034841e+00
-3.370210606051079694e+00
-3.377527462396288982e+00
-3.384384864626796219e+00
-3.390780309732186470e+00
-3.396711461405370169e+00
-3.402176151301506302e+00
-3.407172380207015294e+00
-3.411698319118072753e+00
-3.415752310227683886e+00
-3.419332867820815913e+00
-3.422438679076918788e+00
-3.425068604779272885e+00
-3.427221679930759102e+00
-3.428897114275600622e+00
-3.430094292726678873e+00
-3.430812775698242056e+00
-3.431052299343672729e+00
