-5.869551787165629975e-01
-5.868633034949635174e-01
-5.865877158943522129e-01
-5.861285300875141990e-01
-5.854859362965185721e-01
-5.846602006939040086e-01
-5.836516652644303527e-01
-5.824607476274700213e-01
-5.810879408201747864e-01
-5.795338130415295108e-01
-5.777990073574882368e-01
-5.758842413673350702e-01
-5.737903068315283184e-01
-5.715180692612311653e-01
-5.690684674698024414e-01
-5.664425130865318181e-01
-5.636412900329212938e-01
-5.606659539618485955e-01
-5.575177316599649879e-01
-5.541979204137129633e-01
-5.507078873393500551e-01
-5.470490686774093225e-01
-5.432229690520427035e-01
-5.392311606957165271e-01
-5.350752826397345840e-01
-5.307570398711018989e-01
-5.262782024562770999e-01
-5.216406046323316392e-01
-5.168461438661073881e-01
-5.118967798819599180e-01
-5.067945336586766603e-01
-5.015414863962249781e-01
-4.961397784529477106e-01
-4.905916082560501379e-01
-4.848992311741063821e-01
-4.790649583794785449e-01
-4.730911556686613340e-01
-4.669802422631181282e-01
-4.607346895837003409e-01
-4.543570200004784509e-01
-4.478498055587786797e-01
-4.412156666821913653e-01
-4.344572707417809765e-01
-4.275773311579618152e-01
-4.205786053812860525e-01
-4.134638940684148833e-01
-4.062360390884496852e-01
-3.988979228289530887e-01
-3.914524662814390377e-01
-3.839026277086488026e-01
-3.762514011594649821e-01
-3.685018150583374008e-01
-3.606569306041018663e-01
-3.527198403314551478e-01
-3.446936665734625094e-01
-3.365815599303072503e-01
-3.283866977278996346e-01
-3.201122824672828493e-01
-3.117615402657182289e-01
-3.033377192903971564e-01
-2.948440881856601026e-01
-2.862839344946675468e-01
-2.776605630764122368e-01
-2.689772945190115339e-01
-2.602374635501714661e-01
-2.514444174457499681e-01
-2.426015144373193377e-01
-2.337121221196318821e-01
-2.247796158589015769e-01
-2.158073772027846449e-01
-2.067987922929580002e-01
-1.977572502811899835e-01
-1.886861417497626980e-01
-1.795888571371433984e-01
-1.704687851697548329e-01
-1.613293113007096269e-01
-1.521738161563556402e-01
-1.430056739914763175e-01
-1.338282511539715669e-01
-1.246449045598493482e-01
-1.154589801793240861e-01
-1.062738115348417917e-01
-9.709271821179775441e-02
-8.791900438273853036e-02
-7.875595734580211060e-02
-6.960684607815346980e-02
-6.047491980514776988e-02
-5.136340658594194808e-02
-4.227551191627489102e-02
-3.321441734909268140e-02
-2.418327913371295934e-02
-1.518522687418587779e-02
-6.223362207498563115e-03
2.699242497741474039e-03
1.157954542153542474e-02
2.041453655102435857e-02
2.920123891675831598e-02
3.793670980611951044e-02
4.661804195336843176e-02
5.524236470577947172e-02
6.380684516534892992e-02
7.230868930559619656e-02
8.074514306296712296e-02
8.911349340240577732e-02
9.741106935663455813e-02
1.056352430387456354e-01
1.137834306276940405e-01
1.218530933263151095e-01
1.298417382915103835e-01
1.377469195362604204e-01
1.455662388031395138e-01
1.532973464090394144e-01
1.609379420608118005e-01
1.684857756415781560e-01
1.759386479674540926e-01
1.832944115341729741e-01
1.905509711359652525e-01
1.977062846481695557e-01
2.047583635871693675e-01
2.117052737351787228e-01
2.185451357155036856e-01
2.252761255370809290e-01
2.318964751082050746e-01
2.384044727193758151e-01
2.447984634952225791e-01
2.510768498154711814e-01
2.572380917049484905e-01
2.632807071926251963e-01
2.692032723587230447e-01
2.750044227538859243e-01
2.806828522710502205e-01
2.862373133600611408e-01
2.916666186325979071e-01
2.969696400069707920e-01
3.021453089779391754e-01
3.071926168354854880e-01
3.121106147223396410e-01
3.168984136878322255e-01
3.215551847120375339e-01
3.260801587004206192e-01
3.304726264492214294e-01
3.347319385818134929e-01
3.388575054562954492e-01
3.428487970445874833e-01
3.467053427833211021e-01
3.504267313968127406e-01
3.540126106924481597e-01
3.574626873287826689e-01
3.607767265567176640e-01
3.639545519340826041e-01
3.669960450139999608e-01
3.699011450073940721e-01
3.726698484200380301e-01
3.753022086645261268e-01
3.777983356475795862e-01
3.801583953330996413e-01
3.823826092813956690e-01
3.844712541650144311e-01
3.864246612616198395e-01
3.882432159243697223e-01
3.899273570302485559e-01
3.914775764068221253e-01
3.928944182378889538e-01
3.941784784485005688e-01
3.953304040698507049e-01
3.963508925845065090e-01
3.972406912525001110e-01
3.980005964187622314e-01
3.986314528024231252e-01
3.991341527684807433e-01
3.995096355823578582e-01
3.997588866478640202e-01
3.998829367290883119e-01
3.998828611567446512e-01
3.997597790195050460e-01
3.995148523408386665e-01
3.991492852419014081e-01
3.986643230910039692e-01
3.980612516401899059e-01
3.973413961494673963e-01
3.965061204992218480e-01
3.955568262913522481e-01
3.944949519396628301e-01
3.933219717500456847e-01
3.920393949909945497e-01
3.906487649549712504e-01
3.891516580111722967e-01
3.875496826502113357e-01
3.858444785212514772e-01
3.840377154621221201e-01
3.821310925229241540e-01
3.801263369836643813e-01
3.780252033664219247e-01
3.758294724425713107e-01
3.735409502355654943e-01
3.711614670197884713e-01
3.686928763159832423e-01
3.661370538603434532e-01
3.634958966880160736e-01
3.607713219813860062e-01
3.579652661497160770e-01
3.550796837916531112e-01
3.521165466804047073e-01
3.490778427488854807e-01
3.459655750752865799e-01
3.427817608695390428e-01
3.395284304611160264e-01
3.362076262886232181e-01
3.328214018916173522e-01
3.293718209050885970e-01
3.258609560570364660e-01
3.222908881695589756e-01
3.186637051638713802e-01
3.149815013562082822e-01
3.112463753258625232e-01
3.074604306529348796e-01
3.036257735321298834e-01
2.997445131538136187e-01
2.958187591439886965e-01
2.918506216726020064e-01
2.878422102380520098e-01
2.837956327251818789e-01
2.797129944709942362e-01
2.755963973384207288e-01
2.714479387984827241e-01
2.672697110211711413e-01
2.630637999753583922e-01
2.588322845380641168e-01
2.545772356133705339e-01
2.503007152612908848e-01
2.460047758368800463e-01
2.416914591398718892e-01
2.373627955751186347e-01
2.330208033241048249e-01
2.286674875277930619e-01
2.243048394810661650e-01
2.199348358390060820e-01
2.155594378352553575e-01
2.111805905126963867e-01
2.068002219666763841e-01
2.024202426009980016e-01
1.980425443968941712e-01
1.936690001951905105e-01
1.893014629918601532e-01
1.849417652471635198e-01
1.805917182085643724e-01
1.762531112476019013e-01
1.719277112108930083e-01
1.676172617854364277e-01
1.633234828783808046e-01
1.590480700114126345e-01
1.547926937299137495e-01
1.505589990270342071e-01
1.463486047828163605e-01
1.421631032185047827e-01
1.380040593661649717e-01
1.338730105537339066e-01
1.297714659056147246e-01
1.257009058589243500e-01
1.216627816954951175e-01
1.176585150897319076e-01
1.136894976724087958e-01
1.097570906104999855e-01
1.058626242031139447e-01
1.020073974936138300e-01
9.819267789799145107e-02
9.441970084955365883e-02
9.068966945998524487e-02
8.700375419683681333e-02
8.336309257748593382e-02
7.976878887961445785e-02
7.622191386823901071e-02
7.272350453932302505e-02
6.927456387999982035e-02
6.587606064542619877e-02
6.252892915228253079e-02
5.923406908893002337e-02
5.599234534223054838e-02
5.280458785353257800e-02
4.967159142866193339e-02
4.659411569011466525e-02
4.357288492010475550e-02
4.060858798321347052e-02
3.770187825301141160e-02
3.485337355523610015e-02
3.206365612749423333e-02
2.933327259544089502e-02
2.666273396539802984e-02
2.405251563335466039e-02
2.150305741029561596e-02
1.901476356380085025e-02
1.658800287584132060e-02
1.422310871670888488e-02
1.192037913499622431e-02
9.680076963550790503e-03
7.502429933347109364e-03
5.387630843334566266e-03
3.335837664895716093e-03
1.347173743696996467e-03
-5.782721461612613800e-04
-2.440444992728297083e-03
-4.239324670495907971e-03
-5.974923890815202893e-03
-7.647289766673013092e-03
-9.256502230463481418e-03
-1.080267435938945739e-02
-1.228595196611460653e-02
-1.370651329501676799e-02
-1.506456870416885557e-02
-1.636036033321108113e-02
-1.759416175728024251e-02
-1.876627762717068132e-02
-1.987704329590264662e-02
-2.092682443188485092e-02
-2.191601661885929711e-02
-2.284504494282351555e-02
-2.371436356612929147e-02
-2.452445528896805491e-02
-2.527583109844949716e-02
-2.596902970549423706e-02
-2.660461706976183227e-02
-2.718318591284252239e-02
-2.770535521994637804e-02
-2.817176973032945939e-02
-2.858309941670150039e-02
-2.894003895386586950e-02
-2.924330717684573908e-02
-2.949364652876004800e-02
-2.969182249871381296e-02
-2.983862304997500145e-02
-2.993485803871502246e-02
-2.998135862359536941e-02
-2.997897666648766807e-02
-2.992858412461889966e-02
-2.983107243444135803e-02
-2.968735188752721563e-02
-2.949835099879822772e-02
-2.926501586740039990e-02
-2.898830953054223891e-02
-2.866921131061785782e-02
-2.830871615594118471e-02
-2.790783397542292293e-02
-2.746758896752408974e-02
-2.698901894382681535e-02
-2.647317464756576005e-02
-2.592111906746693770e-02
-2.533392674724727067e-02
-2.471268309112785097e-02
-2.405848366572185468e-02
-2.337243349865817874e-02
-2.265564637430747888e-02
-2.190924412697852625e-02
-2.113435593195769208e-02
-2.033211759476535180e-02
-1.950367083900783269e-02
-1.865016259320302974e-02
-1.777274427696417386e-02
-1.687257108692399171e-02
-1.595080128278635045e-02
-1.500859547389376582e-02
-1.404711590444969807e-02
-1.306752575112192505e-02
-1.207098840049363429e-02
-1.105866675010055110e-02
-1.003172250135737215e-02
-8.991315457434574318e-03
-7.938602824397471627e-03
-6.874738515999797607e-03
-5.800872462527579057e-03
-4.718149924084728483e-03
-3.627710808713908910e-03
-2.530688995743409289e-03
-1.428211664750485971e-03
-3.213986305294191242e-04
7.886383155489111452e-04
1.900796057400946145e-03
3.013980798935715633e-03
4.127108697170739533e-03
5.239106507670625475e-03
6.348912181267084634e-03
7.455475492490412637e-03
8.557758638823980205e-03
9.654736834592437394e-03
1.074539889510181534e-02
1.182874781067856478e-02
1.290380125996570815e-02
1.396959236312907832e-02
1.502516992409462515e-02
1.606959921186757595e-02
1.710196222059494342e-02
1.812135848824394588e-02
1.912690538283273733e-02
2.011773863527544642e-02
2.109301280745441015e-02
2.205190174695846606e-02
2.299359902819964746e-02
2.391731837963123261e-02
2.482229409679360954e-02
2.570778144092866063e-02
2.657305702290528246e-02
2.741741917221218738e-02
2.824018829078147469e-02
2.904070719141432777e-02
2.981834142059218429e-02
3.057247956546415776e-02
3.130253354481226519e-02
3.200793888380659008e-02
3.268815497237036183e-02
3.334266530698948988e-02
3.397097771580735032e-02
3.457262456685947921e-02
3.514716295931245849e-02
3.569417489758222595e-02
3.621326744822000315e-02
3.670407287946313851e-02
3.716624878336181881e-02
3.759947818040308698e-02
3.800346960656596912e-02
3.837795718275312240e-02
3.872270066655802284e-02
3.903748548633553805e-02
3.932212275756038350e-02
3.957644928146666213e-02
3.980032752597592594e-02
3.999364558893314658e-02
4.015631714368381178e-02
4.028828136703467566e-02
4.038950284965721338e-02
4.045997148900320334e-02
4.049970236481413577e-02
4.050873559732152962e-02
4.048713618824330979e-02
4.043499384469862595e-02
4.035242278617400674e-02
4.023956153468374874e-02
4.009657268828710486e-02
3.992364267812683470e-02
3.972098150917667547e-02
3.948882248488974622e-02
3.922742191595517819e-02
3.893705881338246216e-02
3.861803456614409241e-02
3.827067259537393629e-02
3.789531803477352856e-02
3.749233731418698951e-02
3.706211781075873651e-02
3.660506744507254634e-02
3.612161427163636251e-02
3.561220605586155191e-02
3.507730983785401629e-02
3.451741149183519541e-02
3.393301522214464683e-02
3.332464317433062734e-02
3.269283486476538131e-02
3.203814672607607078e-02
3.136115159061736435e-02
3.066243817175504441e-02
2.994261053487557583e-02
2.920228755852216987e-02
2.844210239395432091e-02
2.766270187613169979e-02
2.686474600537708604e-02
2.604890734134739788e-02
2.521587042912145499e-02
2.436633121000039703e-02
2.350099642546612036e-02
2.262058301475218178e-02
2.172581750649373727e-02
2.081743540492318745e-02
1.989618057107910704e-02
1.896280459951610667e-02
1.801806628660306345e-02
1.706273061749328038e-02
1.609756860871671552e-02
1.512335667489260460e-02
1.414087550885600314e-02
1.315090982560134653e-02
1.215424762510479428e-02
1.115167955049584450e-02
1.014399824613064494e-02
9.131997716063357251e-03
8.116472683409810956e-03
7.098217951101489648e-03
6.078027764520703424e-03
5.056695176509334866e-03
4.035011415246286814e-03
3.013765255473244836e-03
1.993742393564229554e-03
9.757248269125703977e-04
-3.950976188137750311e-05
-1.051188615545841504e-03
-2.058544506931370838e-03
-3.060816337590969993e-03
-4.057249729689592355e-03
-5.047097610787816546e-03
-6.029620791046817752e-03
-7.004088532417934720e-03
-7.969779109374228176e-03
-8.925980360758020704e-03
-9.871990232324143189e-03
-1.080711730955877595e-02
-1.173068134037489468e-02
-1.264201374728245522e-02
-1.354045812864455162e-02
-1.442537074864261130e-02
-1.529612101557621152e-02
-1.615209194814217625e-02
-1.699268062933631876e-02
-1.781729864764402052e-02
-1.862537252518538591e-02
-1.941634413249840319e-02
-2.018967108965328758e-02
-2.094482715339996901e-02
-2.168130259006772337e-02
-2.239860453394178566e-02
-2.309625733085696186e-02
-2.377380286676451793e-02
-2.443080088103065373e-02
-2.506682926425068611e-02
-2.568148434036579206e-02
-2.627438113288591004e-02
-2.684515361504065736e-02
-2.739345494368103373e-02
-2.791895767678414034e-02
-2.842135397149865919e-02
-2.890035578001827477e-02
-2.935569499982814898e-02
-2.978712363575117955e-02
-3.019441393075925420e-02
-3.057735848257944061e-02
-3.093577034319672930e-02
-3.126948310121541869e-02
-3.157835094704349727e-02
-3.186224872089133547e-02
-3.212107194358027745e-02
-3.235473683017594387e-02
-3.256318028647532670e-02
-3.274635988838696388e-02
-3.290425384426491628e-02
-3.303686094026338921e-02
-3.314420046879790194e-02
-3.322631214427429480e-02
-3.328325598188788814e-02
-3.331511220023041647e-02
-3.332198106724541808e-02
-3.330398274997247582e-02
-3.326125714419699009e-02
-3.319396368818151172e-02
-3.310228116067242404e-02
-3.298640746338812185e-02
-3.284655938820305043e-02
-3.268297236926337446e-02
-3.249590022027148278e-02
-3.228561485719827484e-02
-3.205240600668651796e-02
-3.179658090042396940e-02
-3.151846396970666569e-02
-3.121839645826177123e-02
-3.089673615584158720e-02
-3.055385696974863285e-02
-3.019014863694828923e-02
-2.980601623665618538e-02
-2.940187986316817464e-02
-2.897817420262082527e-02
-2.853534811534748014e-02
-2.807386420754863152e-02
-2.759419839266433194e-02
-2.709683944283935997e-02
-2.658228853088227470e-02
-2.605105876312467650e-02
-2.550367470359513056e-02
-2.494067188992776449e-02
-2.436259634143092892e-02
-2.377000405974922029e-02
-2.316346052255401425e-02
-2.254354017070574895e-02
-2.191082588933285918e-02
-2.126590848327860814e-02
-2.060938614736973484e-02
-1.994186393196181392e-02
-1.926395320422523427e-02
-1.857627110562953821e-02
-1.787944000609526657e-02
-1.717408695527450693e-02
-1.646084313143087244e-02
-1.574034328838711319e-02
-1.501322520100462424e-02
-1.428012910966885464e-02
-1.354169716424536221e-02
-1.279857286797383802e-02
-1.205140052176883331e-02
-1.130082466938799393e-02
-1.054748954393313481e-02
-9.792038516144524127e-03
-9.035113544942605796e-03
-8.277354630676326055e-03
-7.519399271524125627e-03
-6.761881923498452157e-03
-6.005433464493375312e-03
-5.250680662814991018e-03
-4.498245650628431014e-03
-3.748745402746932534e-03
-3.002791221186650039e-03
-2.260988225902435880e-03
-1.523934852115809563e-03
-7.922223546357985702e-04
-6.643431528699852984e-05
6.528538202774970822e-04
1.365075241191351929e-03
2.069672217501872247e-03
2.766096559557892215e-03
3.453810063676017450e-03
4.132284948205978969e-03
4.801004279656396340e-03
5.459462388551175605e-03
6.107165274695559171e-03
6.743631001546613463e-03
7.368390079381708507e-03
7.980985836980572859e-03
8.580974781539454574e-03
9.167926946548542524e-03
9.741426227376677460e-03
1.030107070431332018e-02
1.084647295263938514e-02
1.137726034095821667e-02
1.189307531323731924e-02
1.239357566106183764e-02
1.287843478019697931e-02
1.334734191384128257e-02
1.380000238193174016e-02
1.423613779634846921e-02
1.465548626187786890e-02
1.505780256280321930e-02
1.544285833500776486e-02
1.581044222348397532e-02
1.616036002515804787e-02
1.649243481694970953e-02
1.680650706899711883e-02
1.710243474299676450e-02
1.738009337561185336e-02
1.763937614691929445e-02
1.788019393387946243e-02
1.810247529971326097e-02
1.830616671652111546e-02
1.849123227120507904e-02
1.865765390435028190e-02
1.880543117077412146e-02
1.893458145734321779e-02
1.904513976007971010e-02
1.913715866232568175e-02
1.921070825461973497e-02
1.926587604008638682e-02
1.930276682545040146e-02
1.932150259780114968e-02
1.932222238724578753e-02
1.930508211559398696e-02
1.927025443123807358e-02
1.921792853039275620e-02
1.914830996487733999e-02
1.906162043662778735e-02
1.895809757913981264e-02
1.883799472605266964e-02
1.870158066709302208e-02
1.854913939160672542e-02
1.838096981991950429e-02
1.819738552277067739e-02
1.799871442907821639e-02
1.778529852229856351e-02
1.755749352565477706e-02
1.731566857651353417e-02
1.706020589020052977e-02
1.679150041354856779e-02
1.650995946848578949e-02
1.621600238596928450e-02
1.591006013058657992e-02
1.559257491614500502e-02
1.526399981258089525e-02
1.492479834452323760e-02
1.457544408185341110e-02
1.421642022260810254e-02
1.384821916857643942e-02
1.347134209394731767e-02
1.308629850736861902e-02
1.269360580778194740e-02
1.229378883440291129e-02
1.188737941121697020e-02
1.147491588636794305e-02
1.105694266313666553e-02
1.063400974519406253e-02
1.020667224019470437e-02
9.775489897925140545e-03
9.341026625969516342e-03
8.903850006470363787e-03
8.464530810470150685e-03
8.023642510226410701e-03
7.581760789888199008e-03
7.139463054924358003e-03
6.697327940696125477e-03
6.255934820560533904e-03
5.815863313895988304e-03
5.377692794437232901e-03
4.942001899305198571e-03
4.509368039119562334e-03
4.080366909573193007e-03
3.655572004881159007e-03
3.235554133137665683e-03
2.820880935258702517e-03
2.412116405545432045e-03
2.009820416449414719e-03
1.614548246836064981e-03
1.226850114316316645e-03
8.472707120057414859e-04
4.763487500648025050e-04
1.146165023689759560e-04
-2.374006413467079704e-04
-5.791846175285490783e-04
-9.102251246980992520e-04
-1.230020052868747646e-03
-1.538075906163287061e-03
-1.833908218314555215e-03
-2.117041960739018350e-03
-2.387011942878734371e-03
-2.643363204512965726e-03
-2.885651399749543725e-03
-3.113443172410162996e-03
-3.326316522533708745e-03
-3.523861163726997332e-03
-3.705678871100574930e-03
-3.871383810960960653e-03
-4.020602904800163468e-03
-4.152976097898139311e-03
-4.268156680571467618e-03
-4.365811614797772411e-03
-4.445621793013331512e-03
-4.507282320684647715e-03
-4.550502780422890914e-03
-4.575007484681638432e-03
-4.580535716858049645e-03
-4.566841960626971501e-03
-4.533696117345396674e-03
-4.480883711374958681e-03
-4.408206083178230379e-03
-4.315480570054823668e-03
-4.202540674391954008e-03
-4.069236219313846110e-03
-3.915433491623730722e-03
-3.741015371941460149e-03
-3.545881451949823345e-03
-3.329948138671584741e-03
-3.093148745709387894e-03
-2.835433571389961872e-03
-2.556769963763901986e-03
-2.257142372421997931e-03
-1.936552387098110749e-03
-1.595018763039648090e-03
-1.232577433134824773e-03
-8.492815067958148570e-04
-4.452012556083687761e-04
-2.042408576457491881e-05
4.249455026914929559e-04
8.907859697678613409e-04
1.376958802532419167e-03
1.883308595165364245e-03
2.409663141993129316e-03
2.955833543426164035e-03
3.521614324717180396e-03
4.106783567446709547e-03
4.711103053631199647e-03
5.334318422344773089e-03
5.976159334958103773e-03
6.636339671502515698e-03
7.314557701448669291e-03
8.010496304142529500e-03
8.723823182242934626e-03
9.454191090576529594e-03
1.020123807647877086e-02
1.096458773144062294e-02
1.174384945387321397e-02
1.253861872279576038e-02
1.334847738224044511e-02
1.417299393616661130e-02
1.501172385366271803e-02
1.586420988421098632e-02
1.672998238278458963e-02
1.760855964453102857e-02
1.849944824880402766e-02
1.940214341410150672e-02
2.031612935249649254e-02
2.124087965178479698e-02
2.217585764631237188e-02
2.312051680585108446e-02
2.407430113015148615e-02
2.503664555094282929e-02
2.600697634107939499e-02
2.698471153053701860e-02
2.796926132895458106e-02
2.896002855441095689e-02
2.995640906812668813e-02
3.095779221476926968e-02
3.196356126804424103e-02
3.297309388124271962e-02
3.398576254242276912e-02
3.500093503388298360e-02
3.601797489560328719e-02
3.703624189230673991e-02
3.805509248380696541e-02
3.907388029829429732e-02
4.009195660821552459e-02
4.110867080840434340e-02
4.212337089610567603e-02
4.313540395255198445e-02
4.414411662573280992e-02
4.514885561400887315e-02
4.614896821121178272e-02
4.714380254390321962e-02
4.813270843018310069e-02
4.911503755905222840e-02
5.009014424617810879e-02
5.105738559587861408e-02
5.201612219687182237e-02
5.296571854508168309e-02
5.390554351893668550e-02
5.483497085198936472e-02
5.575337960250675157e-02
5.666015461968810368e-02
5.755468700616804545e-02
5.843637457646647798e-02
5.930462231104359494e-02
6.015884280563122549e-02
6.099845671550638282e-02
6.182289319438426245e-02
6.263159032759861577e-02
6.342399555926030164e-02
6.419956611307196803e-02
6.495776940649147790e-02
6.569808345793728965e-02
6.641999728673356196e-02
6.712301130550123174e-02
6.780663770470597707e-02
6.847040082907251968e-02
6.911383754559512205e-02
6.973649760286397548e-02
7.033794398144552207e-02
7.091775323505521145e-02
7.147551582227101852e-02
7.201083642854015643e-02
7.252333427824030065e-02
7.301264343656543865e-02
7.347841310100719503e-02
7.392030788222454796e-02
7.433800807408165456e-02
7.473120992072153357e-02
7.509962583175426587e-02
7.544298466811355519e-02
7.576103193354233323e-02
7.605352999608593068e-02
7.632025828926194966e-02
7.656101350118472981e-02
7.677560975149398670e-02
7.696387875597335282e-02
7.712566997871983521e-02
7.726085077176932103e-02
7.736930650206465254e-02
7.745094066568179725e-02
7.750567498922904253e-02
7.753344951834703624e-02
7.753422269325253857e-02
7.750797141126476719e-02
7.745469107651750673e-02
7.737439563595706338e-02
7.726711760237775506e-02
7.713290806530781474e-02
7.697183668773724396e-02
7.678399169005699354e-02
7.656947982090894778e-02
7.632842631497670227e-02
7.606097483776165513e-02
7.576728741739231776e-02
7.544754436352756055e-02
7.510194417343075968e-02
7.473070342529061771e-02
7.433405665888645486e-02
7.391225624369947289e-02
7.346557223457657326e-02
7.299429221508249577e-02
7.249872112865968221e-02
7.197918109774750772e-02
7.143601123100744299e-02
7.086956741882349808e-02
7.028022211724253843e-02
6.966836412053724337e-02
6.903439832259039566e-02
6.837874546728502090e-02
6.770184188812360115e-02
6.700413923728691656e-02
6.628610420435616934e-02
6.554821822494399930e-02
6.479097717946248614e-02
6.401489108229192759e-02
6.322048370752675339e-02
6.240829253082202932e-02
6.157886780538934790e-02
6.073277297130090513e-02
5.987058360722569139e-02
5.899288754123196282e-02
5.810028427173015431e-02
5.719338463134349820e-02
5.627281040217384928e-02
5.533919392436935369e-02
5.439317769832678617e-02
5.343541398085073502e-02
5.246656437561015435e-02
5.148729941822988154e-02
5.049829815635822894e-02
4.950024772506570608e-02
4.849384291791947188e-02
4.747978575409044638e-02
4.645878504185296104e-02
4.543155593883044935e-02
4.439881950936230837e-02
4.336130227933978482e-02
4.231973578889258042e-02
4.127485614328354341e-02
4.022740356238216353e-02
3.917812192908913527e-02
3.812775833707552492e-02
3.707706263820852166e-02
3.602678699003430268e-02
3.497768540367757889e-02
3.393051329253417986e-02
3.288602702211252532e-02
3.184498346139126579e-02
3.080813953605466421e-02
2.977625177927555739e-02
2.875007590897391690e-02
2.773036635928273486e-02
2.671787586498941547e-02
2.571335502428247211e-02
2.471755187062557244e-02
2.373121144893749340e-02
2.275507539639669286e-02
2.178988152820392210e-02
2.083636342861456409e-02
1.989525004755273926e-02
1.896726530311615422e-02
1.805312769025897712e-02
1.715354989595883201e-02
1.626923842113709578e-02
1.540089320961570557e-02
1.454920728437662444e-02
1.371486638846219561e-02
1.289854864792664216e-02
1.210092421509365024e-02
1.132265494709966749e-02
1.056439407982964068e-02
9.826785913115421156e-03
9.110465504862941266e-03
8.416058374298920550e-03
7.744180214515714034e-03
7.095436614493245454e-03
6.470422790753966626e-03
5.869723328805234210e-03
5.293911934507058645e-03
4.743551195491755093e-03
4.219192352756907100e-03
3.721375082530573378e-03
3.250627288509410663e-03
2.807464904544208599e-03
2.392391707846752355e-03
2.005899142777149702e-03
1.648466155251981750e-03
1.320559037812051029e-03
1.022631285368777627e-03
7.551234616370557443e-04
5.184630762565776985e-04
3.130644725784278298e-04
1.393287260980681508e-04
-2.356446511121712550e-06
-1.116167678148014680e-04
-1.880914695437593820e-04
-2.314333521152064227e-04
-2.413088338248017134e-04
-2.173979898204801697e-04
-1.593945809629411514e-04
-6.700607269640238006e-05
6.004634328042428304e-05
2.220277975573323181e-04
4.191896857874653770e-04
6.517697506445516847e-04
9.199920217163124608e-04
1.224066968693343638e-03
1.564191473575289593e-03
1.940548903904742994e-03
2.353309176417196433e-03
2.802628828848039398e-03
3.288651099658063126e-03
3.811506015431303900e-03
4.371310485687169081e-03
4.968168404845326770e-03
5.602170761069585024e-03
6.273395751709987846e-03
6.981908905058057356e-03
7.727763208119279095e-03
8.510999240102528132e-03
9.331645311320118513e-03
1.018971760718486406e-02
1.108522033698678549e-02
1.201814588712602459e-02
1.298847497847450440e-02
1.399617682753507078e-02
1.504120931106163982e-02
1.612351913380483809e-02
1.724304199903622936e-02
1.839970278151450978e-02
1.959341570254349851e-02
2.082408450523540178e-02
2.209160263884397610e-02
2.339585342889460157e-02
2.473671026316786106e-02
2.611403677052322528e-02
2.752768700122358581e-02
2.897750560692489291e-02
3.046332801998614254e-02
3.198498063176556661e-02
3.354228096955948202e-02
3.513503787185705968e-02
3.676305166157574356e-02
3.842611431695616697e-02
4.012400963979649571e-02
4.185651342071072811e-02
4.362339360110444042e-02
4.542441043156524028e-02
4.725931662598509969e-02
4.912785751317952365e-02
5.102977118126367229e-02
5.296478861959429130e-02
5.493263385483732053e-02
5.693302408193283426e-02
5.896566978958546479e-02
6.103027488004139633e-02
6.312653678293714266e-02
6.525414656299965976e-02
6.741278902140057649e-02
6.960214279057866382e-02
7.182188042234814718e-02
7.407166846913074143e-02
7.635116755816070966e-02
7.866003245851770076e-02
8.099791214087323499e-02
8.336444982982368912e-02
8.575928304872676433e-02
8.818204365694629066e-02
9.063235787943993427e-02
9.310984632863661403e-02
9.561412401855931553e-02
9.814480037117274958e-02
1.007014792149427962e-01
1.032837587756122444e-01
1.058912316592207081e-01
1.085234848273935737e-01
1.111800995649668139e-01
1.138606514400023473e-01
1.165647102562868132e-01
1.192918399984095046e-01
1.220415987695367410e-01
1.248135387220156434e-01
1.276072059809529313e-01
1.304221405609283790e-01
1.332578762760336932e-01
1.361139406434201393e-01
1.389898547805678564e-01
1.418851333520372848e-01
1.447992842267751823e-01
1.477318086656017604e-01
1.506822011357795699e-01
1.536499489629761239e-01
1.566345323882429308e-01
1.596354243789879779e-01
1.626520904854241167e-01
1.656839886933021422e-01
1.687305692732884999e-01
1.717912746273498048e-01
1.748655391325304453e-01
1.779527889825144871e-01
1.810524420273698087e-01
1.841639076119025442e-01
1.872865864130343894e-01
1.904198702766443652e-01
1.935631420543290626e-01
1.967157754405249870e-01
1.998771348104645684e-01
2.030465750594379892e-01
2.062234414438389729e-01
2.094070694244905828e-01
2.125967845127244016e-01
2.157919021197471920e-01
2.189917274097676336e-01
2.221955551636455028e-01
2.254026696155604359e-01
2.286123443597527505e-01
2.318238421971747232e-01
2.350364150220340675e-01
2.382493037084038590e-01
2.414617380042460848e-01
2.446729364333627976e-01
2.478821062057985358e-01
2.510884431372391035e-01
2.542911315778841885e-01
2.574893443513598390e-01
2.606822427041434187e-01
2.638689762660323401e-01
2.670486830221618924e-01
2.702204892970458960e-01
2.733835097511586043e-01
2.765368473967075857e-01
2.796795935968124924e-01
2.828108281371971566e-01
2.859296192553347771e-01
2.890350237121282473e-01
2.921260868735178762e-01
2.952018428077906598e-01
2.982613143990232585e-01
3.013035134770477019e-01
3.043274409643171863e-01
3.073320870400487737e-01
3.103164313219931580e-01
3.132794430661645091e-01
3.162200813848479175e-01
3.191372954831972475e-01
3.220300249146880178e-01
3.248971998557175778e-01
3.277377413995700151e-01
3.305505618699829951e-01
3.333345651545314148e-01
3.360886470579905749e-01
3.388116956758602250e-01
3.415025917881808759e-01
3.441602092737525709e-01
3.467834155448616951e-01
3.493710720025904326e-01
3.519220345127250238e-01
3.544351539023292696e-01
3.569092764769400961e-01
3.593432445583752965e-01
3.617358970431074905e-01
3.640860699811011569e-01
3.663925971750257027e-01
3.686543107997042878e-01
3.708700420416446430e-01
3.730386217584489295e-01
3.751588811579217309e-01
3.772296524966020081e-01
3.792497697974703819e-01
3.812180695865368119e-01
3.831333916479703339e-01
3.849945797974531070e-01
3.868004825922671253e-01
3.885499544751483958e-01
3.902418560806761860e-01
3.918750554822748589e-01
3.934484287554225745e-01
3.949608611726997398e-01
3.964112478671401041e-01
3.977984947944669392e-01
3.991215196500652596e-01
4.003792527991734129e-01
4.015706382196649327e-01
4.026946344567385871e-01
4.037502155888223476e-01
4.047363722040028255e-01
4.056521123861993594e-01
4.064964627103522243e-01
4.072684692458261035e-01
4.079671985672154721e-01
4.085917387717427629e-01
4.091412005023757348e-01
4.096147179758103940e-01
4.100114500144235175e-01
4.103305810701122214e-01
4.105713223069251683e-01
4.107329125700058814e-01
4.108146194712114507e-01
4.108157404149901382e-01
4.107356036344771422e-01
4.105735692248575486e-01
4.103290301729726752e-01
4.100014133821466844e-01
4.095901806911773635e-01
4.090948298864696131e-01
4.085148957062317843e-01
4.078499508356625003e-01
4.070996068920821331e-01
4.062635153988901626e-01
4.053413687473055305e-01
4.043329011447609478e-01
4.032378895459958201e-01
4.020561545823014837e-01
4.007875614484409654e-01
3.994320207959638491e-01
3.979894895965150337e-01
3.964599719873310169e-01
3.948435200957856051e-01
3.931402348419027470e-01
3.913502667177445882e-01
3.894738165426430143e-01
3.875111361931901088e-01
3.854625293069590120e-01
3.833283519589206767e-01
3.811090133095251797e-01
3.788049762234576012e-01
3.764167578580542850e-01
3.739449302204225223e-01
3.713901206922929354e-01
3.687530125216665899e-01
3.660343452803418440e-01
3.632349152864010611e-01
3.603555759908083633e-01
3.573972383272313591e-01
3.543608710242789339e-01
3.512475008793378151e-01
3.480582129932203728e-01
3.447941509648910774e-01
3.414565170455284848e-01
3.380465722512255300e-01
3.345656364336913602e-01
3.310150883082773055e-01
3.273963654387620492e-01
3.237109641783128544e-01
3.199604395660816669e-01
3.161464051789520391e-01
3.122705329379669159e-01
3.083345528689995230e-01
3.043402528172946542e-01
3.002894781155243109e-01
2.961841312050300656e-01
2.920261712100016283e-01
2.878176134643430917e-01
2.835605289910423377e-01
2.792570439338810662e-01
2.749093389413940214e-01
2.705196485029956466e-01
2.660902602372548498e-01
2.616235142329758623e-01
2.571218018332321886e-01
2.525875654025920847e-01
2.480232969209589244e-01
2.434315374768493412e-01
2.388148757573030911e-01
2.341759473522621871e-01
2.295174335759079809e-01
2.248420603304199239e-01
2.201525969240649694e-01
2.154518548440944314e-01
2.107426864849304693e-01
2.060279838322240376e-01
2.013106771033620068e-01
1.965937333450808455e-01
1.918801549888688451e-01
1.871729783648857781e-01
1.824752721751797813e-01
1.777901359402057624e-01
1.731206983400294108e-01
1.684701156506452913e-01
1.638415700092187843e-01
1.592382677104124677e-01
1.546634374540171719e-01
1.501203285584879477e-01
1.456122091414812914e-01
1.411423642685333268e-01
1.367140940710726837e-01
1.323307118349700273e-01
1.279955420608920313e-01
1.237119184977383823e-01
1.194831821504838132e-01
1.153126792637917120e-01
1.112037592827719856e-01
1.071597727923064847e-01
1.031840694285256349e-01
9.927999581141039309e-02
9.545089338055523509e-02
9.170009629585720856e-02
8.803092928380013005e-02
8.444670547955213102e-02
8.095072425832790242e-02
7.754626905761703715e-02
7.423660519195088292e-02
7.102497766184037720e-02
6.791460895857201474e-02
6.490869686655750814e-02
6.201041226492552683e-02
5.922289693009663569e-02
5.654926134104864416e-02
5.399258248901928070e-02
5.155590169339702156e-02
4.924222242553207701e-02
4.705450814224916567e-02
4.499568013079833367e-02
4.306861536701846876e-02
4.127614438846817502e-02
3.962104918427802880e-02
3.810606110349042119e-02
3.673385878362130097e-02
3.550706610120260565e-02
3.442825014602568512e-02
3.349991922081645146e-02
3.272452086805896498e-02
3.210443992565568949e-02
3.164199661312047662e-02
3.133944464996310519e-02
3.119896940792030865e-02
3.122268609866124534e-02
3.141263799857756805e-02
3.177079471224053542e-02
3.229905047608837287e-02
3.299922250387921085e-02
3.387304937542011396e-02
3.492218947004160218e-02
3.614821944627818334e-02
3.755263276915855875e-02
3.913683828650055263e-02
4.090215885554894515e-02
4.284983002127125407e-02
4.498099874759070582e-02
4.729672220278001438e-02
4.979796660022757504e-02
5.248560609571359392e-02
5.536042174232227997e-02
5.842310050404558863e-02
6.167423425243911961e-02
6.511431920241343707e-02
6.874375474907613859e-02
7.256284267682293343e-02
7.657178691324406650e-02
8.077069258354103998e-02
8.515956554258817535e-02
8.973831189094667871e-02
9.450673755705049639e-02
9.946454794613152073e-02
1.046113476564006495e-01
1.099466402629698802e-01
1.154698281699001877e-01
1.211802125307504946e-01
1.270769932310075734e-01
1.331592689737423063e-01
1.394260373668810282e-01
1.458761951466708839e-01
1.525085384375376718e-01
1.593217630879079361e-01
1.663144650754147247e-01
1.734851409814204826e-01
1.808321885448476718e-01
1.883539072237351286e-01
1.960484989784275212e-01
2.039140689190535871e-01
2.119486261739464417e-01
2.201500847642787750e-01
2.285162645558997119e-01
2.370448922775151290e-01
2.457336026046567645e-01
2.545799393229178920e-01
2.635813564851540169e-01
2.727352197721259475e-01
2.820388077768989366e-01
2.914893134201098079e-01
3.010838454124275532e-01
3.108194297768720471e-01
3.206930114299752499e-01
3.307014558206928800e-01
3.408415506258424821e-01
3.511100075009933597e-01
3.615034638854171534e-01
3.720184848599105698e-01
3.826515650561010395e-01
3.933991306158381440e-01
4.042575411993003520e-01
4.152230920402739667e-01
4.262920160471477260e-01
4.374604859480495378e-01
4.487246164785121949e-01
4.600804666101201423e-01
4.715240418183773707e-01
4.830512963881876676e-01
4.946581357551487201e-01
5.063404188809641493e-01
5.180939606611625337e-01
5.299145343632778449e-01
5.417978740937242632e-01
5.537396772914241483e-01
5.657356072463440855e-01
5.777812956410479650e-01
5.898723451132764639e-01
6.020043318376918640e-01
6.141728081247543880e-01
6.263733050347876086e-01
6.386013350052756055e-01
6.508523944893286339e-01
6.631219666033757454e-01
6.754055237820416613e-01
6.876985304381643127e-01
6.999964456260225898e-01
7.122947257056413406e-01
7.245888270062317282e-01
7.368742084867230258e-01
7.491463343913360440e-01
7.614006768982791717e-01
7.736327187594708166e-01
7.858379559293412475e-01
7.980119001807493007e-01
8.101500817059831272e-01
8.222480517010007928e-01
8.343013849308419383e-01
8.463056822744196017e-01
8.582565732466956865e-01
8.701497184368599536e-01
8.819808122311708631e-01
8.937455848596309593e-01
9.054398051062397812e-01
9.170592825262301462e-01
9.285998699525417344e-01
9.400574656899549630e-01
9.514280158243929586e-01
9.627075164606937463e-01
9.738920159202941740e-01
9.849776168972474988e-01
9.959604785627895751e-01
1.006836818667458999e+00
1.017602915510888106e+00
1.028255109951952129e+00
1.038789807325207093e+00
1.049203479316242582e+00
1.059492665785528143e+00
1.069653976539515217e+00
1.079684093047851956e+00
1.089579770105513878e+00
1.099337837438852272e+00
1.108955201254464784e+00
1.118428845729936949e+00
1.127755834445509420e+00
1.136933311755810028e+00
1.145958504100845765e+00
1.154828721255435120e+00
1.163541357508290019e+00
1.172093892817881677e+00
1.180483893827449560e+00
1.188709014891304871e+00
1.196766998999934328e+00
1.204655678647299055e+00
1.212372976632762667e+00
1.219916906797377187e+00
1.227285574694251702e+00
1.234477178192789681e+00
1.241490008016656876e+00
1.248322448215403613e+00
1.254972976569660226e+00
1.261440164930012209e+00
1.267722679489539983e+00
1.273819280990237335e+00
1.279728824863458403e+00
1.285450261304658559e+00
1.290982635282717617e+00
1.296325086484241496e+00
1.301476849193197616e+00
1.306437252106395830e+00
1.311205718085317828e+00
1.315781763844856567e+00
1.320164999579606757e+00
1.324355128528371228e+00
1.328351946477591694e+00
1.332155341204496857e+00
1.335765291860785631e+00
1.339181868297678379e+00
1.342405230333311827e+00
1.345435626963364717e+00
1.348273395515963147e+00
1.350918960751890996e+00
1.353372833911194562e+00
1.355635611707302290e+00
1.357707975269826672e+00
1.359590689037245559e+00
1.361284599600717460e+00
1.362790634500274267e+00
1.364109800974726783e+00
1.365243184666608656e+00
1.366191948283517199e+00
1.366957330217281275e+00
1.367540643122351574e+00
1.367943272454873682e+00
1.368166674973943397e+00
1.368212377206519115e+00
1.368081973877501856e+00
1.367777126306588542e+00
1.367299560773395317e+00
1.366651066852431651e+00
1.365833495719582791e+00
1.364848758431628228e+00
1.363698824180461733e+00
1.362385718523639877e+00
1.360911521592880202e+00
1.359278366282168804e+00
1.357488436615605032e+00
1.355543964907212739e+00
1.353447232050027038e+00
1.351200562817723050e+00
1.348806326641012188e+00
1.346266933836671065e+00
1.343584834535716421e+00
1.340762516621947009e+00
1.337802503724578873e+00
1.334707353424375631e+00
1.331479655238124726e+00
1.328122028713099256e+00
1.324637121500118031e+00
1.321027607429109629e+00
1.317296184588738983e+00
1.313445573411627931e+00
1.309478514766735158e+00
1.305397768060361896e+00
1.301206109347270878e+00
1.296906329453419993e+00
1.292501232111672893e+00
1.287993632111998243e+00
1.283386353467442342e+00
1.278682227597279786e+00
1.273884091527481832e+00
1.268994786118322393e+00
1.264017154295731249e+00
1.258954039324856389e+00
1.253808283095892762e+00
1.248582724437073965e+00
1.243280197453446423e+00
1.237903529892585563e+00
1.232455541538209243e+00
1.226939042632810173e+00
1.221356832330230846e+00
1.215711697179133521e+00
1.210006409638302749e+00
1.204243726624600663e+00
1.198426388094446793e+00
1.192557115659554912e+00
1.186638611237711194e+00
1.180673555739286007e+00
1.174664607790114390e+00
1.168614402491389370e+00
1.162525550217122117e+00
1.156400635449700953e+00
1.150242215654063926e+00
1.144052820190875064e+00
1.137834949269153961e+00
1.131591072938686882e+00
1.125323630122549989e+00
1.119035027690000295e+00
1.112727639569970783e+00
1.106403805905362470e+00
1.100065832248243947e+00
1.093715988796100325e+00
1.087356509669149318e+00
1.080989592228775997e+00
1.074617396437030470e+00
1.068242044257131207e+00
1.061865619094875646e+00
1.055490165280815518e+00
1.049117687592966863e+00
1.042750150819907518e+00
1.036389479363910349e+00
1.030037556883879324e+00
1.023696225977732244e+00
1.017367287903822470e+00
1.011052502341055481e+00
1.004753587187195096e+00
9.984722183949144014e-01
9.922100298450877709e-01
9.859686132567750949e-01
9.797495181333000236e-01
9.735542517438682264e-01
9.673842791400717456e-01
9.612410232066095350e-01
9.551258647455540540e-01
9.490401425934762436e-01
9.429851537706241960e-01
9.369621536614807233e-01
9.309723562258597207e-01
9.250169342397662753e-01
9.190970195651826380e-01
9.132137034479528293e-01
9.073680368428957976e-01
9.015610305622820952e-01
8.957936564791317835e-01
8.900668466677967849e-01
8.843814948216115468e-01
8.787384559184265864e-01
8.731385475587052358e-01
8.675825498632199206e-01
8.620712061349553590e-01
8.566052233882684996e-01
8.511852728960188630e-01
8.458119907536134630e-01
8.404859784590361649e-01
8.352078035078517315e-01
8.299780000022252135e-01
8.247970692729506004e-01
8.196654805135317190e-01
8.145836714253162913e-01
8.095520488727309116e-01
8.045709895476191864e-01
7.996408406449839745e-01
7.947619205285060273e-01
7.899345194395870351e-01
7.851589001719965211e-01
7.804352987719689327e-01
7.757639252372937611e-01
7.711449642189828202e-01
7.665785757245847654e-01
7.620648958222980829e-01
7.576040373449828280e-01
7.531960905932785222e-01
7.488411240369320376e-01
7.445391850135629763e-01
7.402903004240845020e-01
7.360944774239436272e-01
7.319517041094832921e-01
7.278619501986731688e-01
7.238251677054706734e-01
7.198412916071690315e-01
7.159102405039859951e-01
7.120319172703458710e-01
7.082062096971379894e-01
7.044329911244086029e-01
7.007121210638955766e-01
6.970434458108356601e-01
6.934267990445683871e-01
6.898620024173749421e-01
6.863488661311456518e-01
6.828871895013671756e-01
6.794767615080434808e-01
6.761173613331646903e-01
6.728087588843385536e-01
6.695507153042400406e-01
6.663429834655865136e-01
6.631853084513437135e-01
6.600774280199235289e-01
6.570190730550853342e-01
6.540099680004189953e-01
6.510498312781684005e-01
6.481383756922853845e-01
6.452753088155744887e-01
6.424603333608296385e-01
6.396931475359066699e-01
6.369734453826835230e-01
6.343009170998938906e-01
6.316752493498282162e-01
6.290961255489634363e-01
6.265632261425555516e-01
6.240762288632868415e-01
6.216348089740806326e-01
6.192386394952150708e-01
6.168873914158705674e-01
6.145807338903123140e-01
6.123183344189027100e-01
6.100998590141314404e-01
6.079249723519605242e-01
6.057933379086963832e-01
6.037046180836818099e-01
6.016584743081393460e-01
5.996545671404172051e-01
5.976925563480474102e-01
5.957721009769213483e-01
5.938928594079430079e-01
5.920544894016032123e-01
5.902566481307850443e-01
5.884989922157239928e-01
5.867811776800039292e-01
5.851028601171277543e-01
5.834636942799849013e-01
5.818633345505445087e-01
5.803014347931337857e-01
5.787776480200362839e-01
5.772916266196892465e-01
5.758430222325839898e-01
5.744314856913449452e-01
5.730566669541919955e-01
5.717182150322627221e-01
5.704157779113431248e-01
5.691490024685139648e-01
5.679175343841894597e-01
5.667210180501415229e-01
5.655590964739362070e-01
5.644314111831694181e-01
5.633376021141754952e-01
5.622773075228385542e-01
5.612501638717399821e-01
5.602558057264401814e-01
5.592938656494725880e-01
5.583639740943292518e-01
5.574657592999797684e-01
5.565988471863699827e-01
5.557628612513774158e-01
5.549574224697206848e-01
5.541821491942506839e-01
5.534366570600854907e-01
5.527205588920260926e-01
5.520334646156729308e-01
5.513749811726816885e-01
5.507447124405305816e-01
5.501422591571989429e-01
5.495672188511701028e-01
5.490191857770558848e-01
5.484977508572607130e-01
5.480025016299606699e-01
5.475330222037597672e-01
5.470888932193193055e-01
5.466696918182047948e-01
5.462749916193007094e-01
5.459043627029677159e-01
5.455573716032229292e-01
5.452335813081714555e-01
5.449325512688482087e-01
5.446538374166899343e-01
5.443969921898058617e-01
5.441615645681551205e-01
5.439471001178119991e-01
5.437531410443919855e-01
5.435792262557391785e-01
5.434248914339712133e-01
5.432896691168965786e-01
5.431730887888830406e-01
5.430746769811491959e-01
5.429939573815284470e-01
5.429304509536450052e-01
5.428836760654754956e-01
5.428531486272595297e-01
5.428383822386465551e-01
5.428388883450298019e-01
5.428541764029229943e-01
5.428837540542660323e-01
5.429271273095298556e-01
5.429838007394146571e-01
5.430532776750286450e-01
5.431350604162877849e-01
5.432286504483759826e-01
5.433335486660142433e-01
5.434492556053042156e-01
5.435752716828985420e-01
5.437110974422199039e-01
5.438562338064520940e-01
5.440101823380066870e-01
5.441724455041561104e-01
5.443425269485182572e-01
5.445199317680486928e-01
5.447041667952180477e-01
5.448947408849995622e-01
5.450911652063277213e-01
5.452929535305773845e-01
5.454996225598015558e-01
5.457106921846688330e-01
5.459256858204715179e-01
5.461441307073277018e-01
5.463655581963319241e-01
5.465895041682287125e-01
5.468155091699471448e-01
5.470431188484405904e-01
5.472718842543723428e-01
5.475013621367899042e-01
5.477311152594266375e-01
5.479607127160609492e-01
5.481897302424558749e-01
5.484177505265800390e-01
5.486443635167155275e-01
5.488691667270005903e-01
5.490917655336579051e-01
5.493117734988007816e-01
5.495288126299517906e-01
5.497425136942957202e-01
5.499525164995725524e-01
5.501584701755175555e-01
5.503600334498719437e-01
5.505568749185625332e-01
5.507486733096759179e-01
5.509351177408576827e-01
5.511159079697590668e-01
5.512907546371951240e-01
5.514593795026463408e-01
5.516215156717931833e-01
5.517769078157394036e-01
5.519253123816261208e-01
5.520664977943275931e-01
5.522002446489435723e-01
5.523263458938199033e-01
5.524446070038216972e-01
5.525548461436247116e-01
5.526568943207859075e-01
5.527505955283702477e-01
5.528358068769375633e-01
5.529123987156958631e-01
5.529802547426416748e-01
5.530392721035426451e-01
5.530893614796078550e-01
5.531304471637270570e-01
5.531624671251658132e-01
5.531853730626277166e-01
5.531991304455996517e-01
5.532037185439320215e-01
5.531991304455996517e-01
5.531853730626277166e-01
5.531624671251658132e-01
5.531304471637270570e-01
5.530893614796078550e-01
5.530392721035426451e-01
5.529802547426415638e-01
5.529123987156958631e-01
5.528358068769377853e-01
5.527505955283699146e-01
5.526568943207859075e-01
5.525548461436248227e-01
5.524446070038218082e-01
5.523263458938200143e-01
5.522002446489435723e-01
5.520664977943278151e-01
5.519253123816260098e-01
5.517769078157400697e-01
5.516215156717935164e-01
5.514593795026462297e-01
5.512907546371951240e-01
5.511159079697592889e-01
5.509351177408579048e-01
5.507486733096760290e-01
5.505568749185617561e-01
5.503600334498722768e-01
5.501584701755176665e-01
5.499525164995728854e-01
5.497425136942962753e-01
5.495288126299513465e-01
5.493117734988003376e-01
5.490917655336576830e-01
5.488691667270008123e-01
5.486443635167155275e-01
5.484177505265802610e-01
5.481897302424567631e-01
5.479607127160615043e-01
5.477311152594268595e-01
5.475013621367903482e-01
5.472718842543726758e-01
5.470431188484398133e-01
5.468155091699464787e-01
5.465895041682290456e-01
5.463655581963319241e-01
5.461441307073277018e-01
5.459256858204706297e-01
5.457106921846692771e-01
5.454996225598016668e-01
5.452929535305773845e-01
5.450911652063288315e-01
5.448947408850008944e-01
5.447041667952179367e-01
5.445199317680489148e-01
5.443425269485168139e-01
5.441724455041554442e-01
5.440101823380061319e-01
5.438562338064520940e-01
5.437110974422203480e-01
5.435752716829006514e-01
5.434492556053047707e-01
5.433335486660146874e-01
5.432286504483758716e-01
5.431350604162880069e-01
5.430532776750278678e-01
5.429838007394149901e-01
5.429271273095302996e-01
5.428837540542664764e-01
5.428541764029224392e-01
5.428388883450291358e-01
5.428383822386462221e-01
5.428531486272605289e-01
5.428836760654762728e-01
5.429304509536474477e-01
5.429939573815290021e-01
5.430746769811493069e-01
5.431730887888823744e-01
5.432896691168964676e-01
5.434248914339705472e-01
5.435792262557387344e-01
5.437531410443908753e-01
5.439471001178142195e-01
5.441615645681557867e-01
5.443969921898066389e-01
5.446538374166911556e-01
5.449325512688456552e-01
5.452335813081712335e-01
5.455573716032224851e-01
5.459043627029673829e-01
5.462749916193021527e-01
5.466696918182050169e-01
5.470888932193205267e-01
5.475330222037601002e-01
5.480025016299601148e-01
5.484977508572606020e-01
5.490191857770573280e-01
5.495672188511703249e-01
5.501422591571994980e-01
5.507447124405305816e-01
5.513749811726816885e-01
5.520334646156729308e-01
5.527205588920244272e-01
5.534366570600856017e-01
5.541821491942510169e-01
5.549574224697223501e-01
5.557628612513799693e-01
5.565988471863703158e-01
5.574657592999796574e-01
5.583639740943276975e-01
5.592938656494720329e-01
5.602558057264395153e-01
5.612501638717394270e-01
5.622773075228378881e-01
5.633376021141757173e-01
5.644314111831713054e-01
5.655590964739380944e-01
5.667210180501427441e-01
5.679175343841914581e-01
5.691490024685159632e-01
5.704157779113446791e-01
5.717182150322627221e-01
5.730566669541925506e-01
5.744314856913450562e-01
5.758430222325826575e-01
5.772916266196885804e-01
5.787776480200373941e-01
5.803014347931363393e-01
5.818633345505445087e-01
5.834636942799882320e-01
5.851028601171279764e-01
5.867811776800022638e-01
5.884989922157233266e-01
5.902566481307831570e-01
5.920544894016034343e-01
5.938928594079428969e-01
5.957721009769183507e-01
5.976925563480489645e-01
5.996545671404164279e-01
6.016584743081399012e-01
6.037046180836838083e-01
6.057933379086940517e-01
6.079249723519609683e-01
6.100998590141295530e-01
6.123183344189028210e-01
6.145807338903130912e-01
6.168873914158699012e-01
6.192386394952167361e-01
6.216348089740822980e-01
6.240762288632879518e-01
6.265632261425558847e-01
6.290961255489661008e-01
6.316752493498282162e-01
6.343009170998932245e-01
6.369734453826843001e-01
6.396931475359052266e-01
6.424603333608300826e-01
6.452753088155742667e-01
6.481383756922849404e-01
6.510498312781698438e-01
6.540099680004208826e-01
6.570190730550875546e-01
6.600774280199249722e-01
6.631853084513449348e-01
6.663429834655847372e-01
6.695507153042401516e-01
6.728087588843385536e-01
6.761173613331645793e-01
6.794767615080404832e-01
6.828871895013672866e-01
6.863488661311478722e-01
6.898620024173749421e-01
6.934267990445681651e-01
6.970434458108376585e-01
7.007121210638974640e-01
7.044329911244096021e-01
7.082062096971385445e-01
7.120319172703455379e-01
7.159102405039859951e-01
7.198412916071695866e-01
7.238251677054711175e-01
7.278619501986711704e-01
7.319517041094846244e-01
7.360944774239426280e-01
7.402903004240877216e-01
7.445391850135631984e-01
7.488411240369321487e-01
7.531960905932799655e-01
7.576040373449834942e-01
7.620648958222979719e-01
7.665785757245846543e-01
7.711449642189813769e-01
7.757639252372963146e-01
7.804352987719705981e-01
7.851589001719981864e-01
7.899345194395882563e-01
7.947619205285062494e-01
7.996408406449857509e-01
8.045709895476185203e-01
8.095520488727322439e-01
8.145836714253171795e-01
8.196654805135303867e-01
8.247970692729523767e-01
8.299780000022258797e-01
8.352078035078527307e-01
8.404859784590368310e-01
8.458119907536145732e-01
8.511852728960193071e-01
8.566052233882693878e-01
8.620712061349568023e-01
8.675825498632204757e-01
8.731385475587039036e-01
8.787384559184263644e-01
8.843814948216102145e-01
8.900668466677975621e-01
8.957936564791315615e-01
9.015610305622824283e-01
9.073680368428960197e-01
9.132137034479528293e-01
9.190970195651828600e-01
9.250169342397669414e-01
9.309723562258581664e-01
9.369621536614827217e-01
9.429851537706237519e-01
9.490401425934767987e-01
9.551258647455542761e-01
9.612410232066077587e-01
9.673842791400724117e-01
9.735542517438682264e-01
9.797495181333012448e-01
9.859686132567775374e-01
9.922100298450879929e-01
9.984722183949132912e-01
1.004753587187195318e+00
1.011052502341057258e+00
1.017367287903823359e+00
1.023696225977732244e+00
1.030037556883882210e+00
1.036389479363910571e+00
1.042750150819909960e+00
1.049117687592968418e+00
1.055490165280814407e+00
1.061865619094877200e+00
1.068242044257131873e+00
1.074617396437031580e+00
1.080989592228775553e+00
1.087356509669149318e+00
1.093715988796101435e+00
1.100065832248245723e+00
1.106403805905363580e+00
1.112727639569971672e+00
1.119035027690000295e+00
1.125323630122549545e+00
1.131591072938688436e+00
1.137834949269154405e+00
1.144052820190875508e+00
1.150242215654062594e+00
1.156400635449700065e+00
1.162525550217121006e+00
1.168614402491390480e+00
1.174664607790115944e+00
1.180673555739286007e+00
1.186638611237710528e+00
1.192557115659554245e+00
1.198426388094447903e+00
1.204243726624600441e+00
1.210006409638302305e+00
1.215711697179133077e+00
1.221356832330230402e+00
1.226939042632810617e+00
1.232455541538208355e+00
1.237903529892583343e+00
1.243280197453446867e+00
1.248582724437072855e+00
1.253808283095893650e+00
1.258954039324856389e+00
1.264017154295729028e+00
1.268994786118321949e+00
1.273884091527481610e+00
1.278682227597278898e+00
1.283386353467440788e+00
1.287993632111999354e+00
1.292501232111671339e+00
1.296906329453418438e+00
1.301206109347272877e+00
1.305397768060360786e+00
1.309478514766735602e+00
1.313445573411627265e+00
1.317296184588738761e+00
1.321027607429110740e+00
1.324637121500118031e+00
1.328122028713098368e+00
1.331479655238124060e+00
1.334707353424375409e+00
1.337802503724577097e+00
1.340762516621946565e+00
1.343584834535714867e+00
1.346266933836671509e+00
1.348806326641011744e+00
1.351200562817723272e+00
1.353447232050025706e+00
1.355543964907212073e+00
1.357488436615605032e+00
1.359278366282168804e+00
1.360911521592880646e+00
1.362385718523639877e+00
1.363698824180460178e+00
1.364848758431627118e+00
1.365833495719583013e+00
1.366651066852431207e+00
1.367299560773394873e+00
1.367777126306589652e+00
1.368081973877500968e+00
1.368212377206517560e+00
1.368166674973944064e+00
1.367943272454873016e+00
1.367540643122350685e+00
1.366957330217279276e+00
1.366191948283516311e+00
1.365243184666608212e+00
1.364109800974727449e+00
1.362790634500274045e+00
1.361284599600715239e+00
1.359590689037245781e+00
1.357707975269825784e+00
1.355635611707301624e+00
1.353372833911193895e+00
1.350918960751888775e+00
1.348273395515962925e+00
1.345435626963363829e+00
1.342405230333311827e+00
1.339181868297679712e+00
1.335765291860783188e+00
1.332155341204498633e+00
1.328351946477590362e+00
1.324355128528371228e+00
1.320164999579608089e+00
1.315781763844855901e+00
1.311205718085318495e+00
1.306437252106395608e+00
1.301476849193197172e+00
1.296325086484242162e+00
1.290982635282716728e+00
1.285450261304656783e+00
1.279728824863456849e+00
1.273819280990239111e+00
1.267722679489540871e+00
1.261440164930011543e+00
1.254972976569660004e+00
1.248322448215399394e+00
1.241490008016659097e+00
1.234477178192791236e+00
1.227285574694250148e+00
1.219916906797378520e+00
1.212372976632762445e+00
1.204655678647300165e+00
1.196766998999934550e+00
1.188709014891302651e+00
1.180483893827450226e+00
1.172093892817881233e+00
1.163541357508290242e+00
1.154828721255436896e+00
1.145958504100843545e+00
1.136933311755809584e+00
1.127755834445508754e+00
1.118428845729938725e+00
1.108955201254465894e+00
1.099337837438849164e+00
1.089579770105510992e+00
1.079684093047851512e+00
1.069653976539516549e+00
1.059492665785527254e+00
1.049203479316239696e+00
1.038789807325203984e+00
1.028255109951951241e+00
1.017602915510886552e+00
1.006836818667458777e+00
9.959604785627858003e-01
9.849776168972474988e-01
9.738920159202910654e-01
9.627075164606923030e-01
9.514280158243937358e-01
9.400574656899524095e-01
9.285998699525433997e-01
9.170592825262279257e-01
9.054398051062426678e-01
8.937455848596314034e-01
8.819808122311664222e-01
8.701497184368597315e-01
8.582565732466931330e-01
8.463056822744219332e-01
8.343013849308429375e-01
8.222480517009970180e-01
8.101500817059839044e-01
7.980119001807475243e-01
7.858379559293450223e-01
7.736327187594702615e-01
7.614006768982753970e-01
7.491463343913342676e-01
7.368742084867201392e-01
7.245888270062360581e-01
7.122947257056432280e-01
6.999964456260197032e-01
6.876985304381640907e-01
6.754055237820387747e-01
6.631219666033796312e-01
6.508523944893304103e-01
6.386013350052762716e-01
6.263733050347866094e-01
6.141728081247518345e-01
6.020043318376929742e-01
5.898723451132771300e-01
5.777812956410454115e-01
5.657356072463436414e-01
5.537396772914215948e-01
5.417978740937265947e-01
5.299145343632796212e-01
5.180939606611594250e-01
5.063404188809633721e-01
4.946581357551456115e-01
4.830512963881878896e-01
4.715240418183791471e-01
4.600804666101180329e-01
4.487246164785106406e-01
4.374604859480492047e-01
4.262920160471493913e-01
4.152230920402752434e-01
4.042575411992981316e-01
3.933991306158384771e-01
3.826515650561002069e-01
3.720184848599114580e-01
3.615034638854177640e-01
3.511100075009903621e-01
3.408415506258421490e-01
3.307014558206903265e-01
3.206930114299758605e-01
3.108194297768730463e-01
3.010838454124264985e-01
2.914893134201099745e-01
2.820388077768979929e-01
2.727352197721286675e-01
2.635813564851544610e-01
2.545799393229147833e-01
2.457336026046559874e-01
2.370448922775132417e-01
2.285162645559014605e-01
2.201500847642802183e-01
2.119486261739440547e-01
2.039140689190541145e-01
1.960484989784264109e-01
1.883539072237373491e-01
1.808321885448487265e-01
1.734851409814189283e-01
1.663144650754143361e-01
1.593217630879061875e-01
1.525085384375388375e-01
1.458761951466709395e-01
1.394260373668797237e-01
1.331592689737427504e-01
1.270769932310067962e-01
1.211802125307519379e-01
1.154698281699015200e-01
1.099466402629693390e-01
1.046113476564003164e-01
9.946454794613042438e-02
9.450673755705106538e-02
8.973831189094752525e-02
8.515956554258806432e-02
8.077069258354101222e-02
7.657178691324370567e-02
7.256284267682368283e-02
6.874375474907723493e-02
6.511431920241235460e-02
6.167423425243859225e-02
5.842310050404506128e-02
5.536042174232251589e-02
5.248560609571420454e-02
4.979796660022663135e-02
4.729672220277944539e-02
4.498099874759020622e-02
4.284983002127164264e-02
4.090215885554922270e-02
3.913683828650015017e-02
3.755263276915837140e-02
3.614821944627795436e-02
3.492218947004160912e-02
3.387304937541996130e-02
3.299922250387900269e-02
3.229905047608785940e-02
3.177079471224074358e-02
3.141263799857772071e-02
3.122268609866137717e-02
3.119896940792008661e-02
3.133944464996288315e-02
3.164199661312071948e-02
3.210443992565602950e-02
3.272452086805904825e-02
3.349991922081650697e-02
3.442825014602551859e-02
3.550706610120270279e-02
3.673385878362101647e-02
3.810606110349003955e-02
3.962104918427834105e-02
4.127614438846807787e-02
4.306861536701853121e-02
4.499568013079784101e-02
4.705450814224916567e-02
4.924222242553221579e-02
5.155590169339673706e-02
5.399258248901991908e-02
5.654926134104790170e-02
5.922289693009627487e-02
6.201041226492547825e-02
6.490869686655698079e-02
6.791460895857245883e-02
7.102497766183923922e-02
7.423660519194999474e-02
7.754626905761702327e-02
8.095072425832780527e-02
8.444670547955313022e-02
8.803092928380004678e-02
9.170009629585648692e-02
9.545089338055515182e-02
9.927999581140986574e-02
1.031840694285256765e-01
1.071597727923070675e-01
1.112037592827709587e-01
1.153126792637924475e-01
1.194831821504843405e-01
1.237119184977385489e-01
1.279955420608925865e-01
1.323307118349697220e-01
1.367140940710731001e-01
1.411423642685337154e-01
1.456122091414813191e-01
1.501203285584880309e-01
1.546634374540160894e-01
1.592382677104128286e-01
1.638415700092191174e-01
1.684701156506449859e-01
1.731206983400293553e-01
1.777901359402054571e-01
1.824752721751806972e-01
1.871729783648863887e-01
1.918801549888693170e-01
1.965937333450809010e-01
2.013106771033605913e-01
2.060279838322245927e-01
2.107426864849304970e-01
2.154518548440942927e-01
2.201525969240646918e-01
2.248420603304187582e-01
2.295174335759094797e-01
2.341759473522631863e-01
2.388148757573034797e-01
2.434315374768496743e-01
2.480232969209580918e-01
2.525875654025916961e-01
2.571218018332325217e-01
2.616235142329755292e-01
2.660902602372541836e-01
2.705196485029944253e-01
2.749093389413944100e-01
2.792570439338815103e-01
2.835605289910428928e-01
2.878176134643433137e-01
2.920261712100011842e-01
2.961841312050293995e-01
3.002894781155238668e-01
3.043402528172940991e-01
3.083345528689977466e-01
3.122705329379671380e-01
3.161464051789523166e-01
3.199604395660810008e-01
3.237109641783121328e-01
3.273963654387616051e-01
3.310150883082759732e-01
3.345656364336916377e-01
3.380465722512251969e-01
3.414565170455275966e-01
3.447941509648912994e-01
3.480582129932199842e-01
3.512475008793370379e-01
3.543608710242780457e-01
3.573972383272311371e-01
3.603555759908080858e-01
3.632349152864015052e-01
3.660343452803416220e-01
3.687530125216673671e-01
3.713901206922916032e-01
3.739449302204215786e-01
3.764167578580538409e-01
3.788049762234586559e-01
3.811090133095263455e-01
3.833283519589209543e-01
3.854625293069590120e-01
3.875111361931902754e-01
3.894738165426444021e-01
3.913502667177466421e-01
3.931402348419033577e-01
3.948435200957864377e-01
3.964599719873300732e-01
3.979894895965155333e-01
3.994320207959651814e-01
4.007875614484408544e-01
4.020561545823017058e-01
4.032378895459955981e-01
4.043329011447610588e-01
4.053413687473069738e-01
4.062635153988905512e-01
4.070996068920829103e-01
4.078499508356629999e-01
4.085148957062310071e-01
4.090948298864704458e-01
4.095901806911762533e-01
4.100014133821463513e-01
4.103290301729730083e-01
4.105735692248563273e-01
4.107356036344768646e-01
4.108157404149896941e-01
4.108146194712115618e-01
4.107329125700056038e-01
4.105713223069230589e-01
4.103305810701116108e-01
4.100114500144228513e-01
4.096147179758100609e-01
4.091412005023756793e-01
4.085917387717429294e-01
4.079671985672141954e-01
4.072684692458249378e-01
4.064964627103530015e-01
4.056521123861998035e-01
4.047363722040029921e-01
4.037502155888199606e-01
4.026946344567360336e-01
4.015706382196645996e-01
4.003792527991730799e-01
3.991215196500644824e-01
3.977984947944658289e-01
3.964112478671378836e-01
3.949608611726986851e-01
3.934484287554235182e-01
3.918750554822746368e-01
3.902418560806775183e-01
3.885499544751474521e-01
3.868004825922651269e-01
3.849945797974542172e-01
3.831333916479685575e-01
3.812180695865366453e-01
3.792497697974706039e-01
3.772296524966010645e-01
3.751588811579217864e-01
3.730386217584483188e-01
3.708700420416447541e-01
3.686543107997044544e-01
3.663925971750247590e-01
3.640860699811008239e-01
3.617358970431059362e-01
3.593432445583754076e-01
3.569092764769391524e-01
3.544351539023287700e-01
3.519220345127259675e-01
3.493710720025893224e-01
3.467834155448624722e-01
3.441602092737511276e-01
3.415025917881813755e-01
3.388116956758602250e-01
3.360886470579888541e-01
3.333345651545318589e-01
3.305505618699823844e-01
3.277377413995702371e-01
3.248971998557182994e-01
3.220300249146864080e-01
3.191372954831961928e-01
3.162200813848482506e-01
3.132794430661643981e-01
3.103164313219931580e-01
3.073320870400470528e-01
3.043274409643157430e-01
3.013035134770472578e-01
2.982613143990232585e-01
2.952018428077918255e-01
2.921260868735178207e-01
2.890350237121266375e-01
2.859296192553328897e-01
2.828108281371973232e-01
2.796795935968132696e-01
2.765368473967073082e-01
2.733835097511571055e-01
2.702204892970437866e-01
2.670486830221622254e-01
2.638689762660332283e-01
2.606822427041421419e-01
2.574893443513585067e-01
2.542911315778829673e-01
2.510884431372385484e-01
2.478821062057997293e-01
2.446729364333616874e-01
2.414617380042467509e-01
2.382493037084013610e-01
2.350364150220331516e-01
2.318238421971756669e-01
2.286123443597512517e-01
2.254026696155601861e-01
2.221955551636454196e-01
2.189917274097669675e-01
2.157919021197475251e-01
2.125967845127233746e-01
2.094070694244904995e-01
2.062234414438392505e-01
2.030465750594374341e-01
1.998771348104648182e-01
1.967157754405238768e-01
1.935631420543288406e-01
1.904198702766435880e-01
1.872865864130333624e-01
1.841639076119029605e-01
1.810524420273684765e-01
1.779527889825145981e-01
1.748655391325303621e-01
1.717912746273496105e-01
1.687305692732890827e-01
1.656839886933020312e-01
1.626520904854234506e-01
1.596354243789877003e-01
1.566345323882439300e-01
1.536499489629766513e-01
1.506822011357785707e-01
1.477318086656009000e-01
1.447992842267749047e-01
1.418851333520370628e-01
1.389898547805681339e-01
1.361139406434192511e-01
1.332578762760326940e-01
1.304221405609278239e-01
1.276072059809525983e-01
1.248135387220167813e-01
1.220415987695357418e-01
1.192918399984086997e-01
1.165647102562862719e-01
1.138606514400021530e-01
1.111800995649672025e-01
1.085234848273932129e-01
1.058912316592199865e-01
1.032837587756116615e-01
1.007014792149428239e-01
9.814480037117326305e-02
9.561412401855874654e-02
9.310984632863590627e-02
9.063235787943904609e-02
8.818204365694633229e-02
8.575928304872720842e-02
8.336444982982317564e-02
8.099791214087212476e-02
7.866003245851674319e-02
7.635116755816021006e-02
7.407166846913124103e-02
7.182188042234730063e-02
6.960214279057892750e-02
6.741278902140043772e-02
6.525414656299952099e-02
6.312653678293747572e-02
6.103027488004079959e-02
5.896566978958563132e-02
5.693302408193245956e-02
5.493263385483688338e-02
5.296478861959437456e-02
5.102977118126324207e-02
4.912785751318024530e-02
4.725931662598503030e-02
4.542441043156456026e-02
4.362339360110485675e-02
4.185651342071027708e-02
4.012400963979712021e-02
3.842611431695599350e-02
3.676305166157575743e-02
3.513503787185725397e-02
3.354228096955928079e-02
3.198498063176613559e-02
3.046332801998614601e-02
2.897750560692477495e-02
2.752768700122360662e-02
2.611403677052283323e-02
2.473671026316838842e-02
2.339585342889460157e-02
2.209160263884368119e-02
2.082408450523532198e-02
1.959341570254324177e-02
1.839970278151488448e-02
1.724304199903611834e-02
1.612351913380469237e-02
1.504120931106209258e-02
1.399617682753480363e-02
1.298847497847491900e-02
1.201814588712570367e-02
1.108522033698666233e-02
1.018971760718506703e-02
9.331645311320104635e-03
8.510999240102762320e-03
7.727763208119035367e-03
6.981908905058035672e-03
6.273395751710182135e-03
5.602170761069627525e-03
4.968168404845547947e-03
4.371310485686855096e-03
3.811506015431255327e-03
3.288651099658298181e-03
2.802628828848177309e-03
2.353309176417451437e-03
1.940548903904474112e-03
1.564191473575280919e-03
1.224066968693409557e-03
9.199920217162777664e-04
6.517697506447910766e-04
4.191896857875937465e-04
2.220277975571987444e-04
6.004634328056132619e-05
-6.700607269642840091e-05
-1.593945809630036015e-04
-2.173979898204784350e-04
-2.413088338248433468e-04
-2.314333521150138684e-04
-1.880914695438079542e-04
-1.116167678143556441e-04
-2.356446511300389068e-06
1.393287260979831493e-04
3.130644725783740534e-04
5.184630762567147416e-04
7.551234616375275890e-04
1.022631285368811455e-03
1.320559037812456954e-03
1.648466155251981750e-03
2.005899142777046486e-03
2.392391707847012564e-03
2.807464904543990024e-03
3.250627288509611891e-03
3.721375082530469294e-03
4.219192352756756179e-03
4.743551195491978872e-03
5.293911934507149718e-03
5.869723328805722534e-03
6.470422790753889430e-03
7.095436614493110146e-03
7.744180214516037560e-03
8.416058374298610034e-03
9.110465504863489439e-03
9.826785913115502688e-03
1.056439407982984191e-02
1.132265494709985831e-02
1.210092421509330676e-02
1.289854864792744707e-02
1.371486638846236908e-02
1.454920728437708588e-02
1.540089320961578190e-02
1.626923842113665516e-02
1.715354989595936630e-02
1.805312769025884528e-02
1.896726530311639708e-02
1.989525004755262130e-02
2.083636342861381469e-02
2.178988152820460905e-02
2.275507539639706756e-02
2.373121144893831219e-02
2.471755187062521508e-02
2.571335502428185454e-02
2.671787586498994282e-02
2.773036635928256138e-02
2.875007590897418058e-02
2.977625177927551228e-02
3.080813953605434502e-02
3.184498346139170988e-02
3.288602702211221307e-02
3.393051329253456844e-02
3.497768540367750256e-02
3.602678699003412921e-02
3.707706263820888248e-02
3.812775833707506001e-02
3.917812192908912139e-02
4.022740356238296150e-02
4.127485614328362667e-02
4.231973578889314247e-02
4.336130227933871623e-02
4.439881950936200306e-02
4.543155593883125426e-02
4.645878504185288471e-02
4.747978575409145252e-02
4.849384291791856288e-02
4.950024772506497056e-02
5.049829815635838853e-02
5.148729941822968031e-02
5.246656437561075803e-02
5.343541398084988847e-02
5.439317769832589800e-02
5.533919392436970758e-02
5.627281040217302355e-02
5.719338463134398393e-02
5.810028427172966858e-02
5.899288754123113709e-02
5.987058360722621181e-02
6.073277297130028757e-02
6.157886780539037486e-02
6.240829253082268852e-02
6.322048370752629542e-02
6.401489108229244107e-02
6.479097717946168122e-02
6.554821822494505401e-02
6.628610420435696038e-02
6.700413923728656962e-02
6.770184188812433668e-02
6.837874546728484049e-02
6.903439832259145037e-02
6.966836412053750704e-02
7.028022211724267720e-02
7.086956741882326216e-02
7.143601123100692951e-02
7.197918109774847917e-02
7.249872112866062590e-02
7.299429221508274557e-02
7.346557223457600427e-02
7.391225624369879288e-02
7.433405665888716263e-02
7.473070342529120058e-02
7.510194417343098172e-02
7.544754436352719973e-02
7.576728741739210959e-02
7.606097483776201595e-02
7.632842631497625818e-02
7.656947982090930860e-02
7.678399169005749314e-02
7.697183668773707743e-02
7.713290806530759269e-02
7.726711760237744975e-02
7.737439563595695236e-02
7.745469107651825613e-02
7.750797141126508638e-02
7.753422269325351002e-02
7.753344951834668930e-02
7.750567498922861231e-02
7.745094066568253277e-02
7.736930650206449989e-02
7.726085077177029248e-02
7.712566997871932173e-02
7.696387875597246464e-02
7.677560975149499978e-02
7.656101350118374449e-02
7.632025828926260191e-02
7.605352999608491760e-02
7.576103193354154219e-02
7.544298466811394377e-02
7.509962583175382178e-02
7.473120992072164459e-02
7.433800807408064149e-02
7.392030788222306303e-02
7.347841310100780565e-02
7.301264343656460598e-02
7.252333427824113332e-02
7.201083642854087807e-02
7.147551582226914502e-02
7.091775323505500328e-02
7.033794398144453675e-02
6.973649760286489141e-02
6.911383754559574655e-02
6.847040082907236702e-02
6.780663770470647667e-02
6.712301130550027417e-02
6.641999728673390890e-02
6.569808345793784476e-02
6.495776940649145015e-02
6.419956611307223171e-02
6.342399555925981591e-02
6.263159032759893496e-02
6.182289319438420694e-02
6.099845671550620935e-02
6.015884280563107978e-02
5.930462231104297738e-02
5.843637457646641553e-02
5.755468700616860056e-02
5.666015461968752776e-02
5.575337960250695279e-02
5.483497085198873328e-02
5.390554351893683122e-02
5.296571854508173166e-02
5.201612219687180155e-02
5.105738559587910674e-02
5.009014424617772021e-02
4.911503755905235330e-02
4.813270843018305212e-02
4.714380254390299063e-02
4.614896821121286519e-02
4.514885561400910213e-02
4.414411662573283074e-02
4.313540395255183874e-02
4.212337089610525276e-02
4.110867080840519688e-02
4.009195660821559398e-02
3.907388029829416548e-02
3.805509248380722215e-02
3.703624189230585867e-02
3.601797489560381454e-02
3.500093503388278932e-02
3.398576254242314382e-02
3.297309388124285146e-02
3.196356126804363734e-02
3.095779221476972418e-02
2.995640906812633425e-02
2.896002855441112689e-02
2.796926132895455330e-02
2.698471153053658492e-02
2.600697634107953377e-02
2.503664555094275296e-02
2.407430113015159370e-02
2.312051680585105323e-02
2.217585764631190004e-02
2.124087965178459575e-02
2.031612935249648214e-02
1.940214341410150672e-02
1.849944824880434338e-02
1.760855964453083775e-02
1.672998238278464861e-02
1.586420988421095163e-02
1.501172385366246476e-02
1.417299393616661997e-02
1.334847738224049195e-02
1.253861872279586100e-02
1.174384945387302662e-02
1.096458773144037141e-02
1.020123807647867198e-02
9.454191090576545206e-03
8.723823182242958912e-03
8.010496304142356028e-03
7.314557701448503625e-03
6.636339671502558199e-03
5.976159334958126325e-03
5.334318422344744466e-03
4.711103053631088625e-03
4.106783567446646230e-03
3.521614324717294020e-03
2.955833543426088575e-03
2.409663141993299319e-03
1.883308595165307867e-03
1.376958802532377533e-03
8.907859697678769534e-04
4.249455026914244343e-04
-2.042408576447083540e-05
-4.452012556083791844e-04
-8.492815067958929195e-04
-1.232577433134840385e-03
-1.595018763039787301e-03
-1.936552387098018375e-03
-2.257142372422013977e-03
-2.556769963763995662e-03
-2.835433571389970979e-03
-3.093148745709464655e-03
-3.329948138671557853e-03
-3.545881451949845463e-03
-3.741015371941447138e-03
-3.915433491623712507e-03
-4.069236219313899020e-03
-4.202540674391925385e-03
-4.315480570054867904e-03
-4.408206083178245124e-03
-4.480883711374975160e-03
-4.533696117345377592e-03
-4.566841960627004461e-03
-4.580535716858059186e-03
-4.575007484681664453e-03
-4.550502780422914333e-03
-4.507282320684591337e-03
-4.445621793013339318e-03
-4.365811614797803636e-03
-4.268156680571543946e-03
-4.152976097898195690e-03
-4.020602904800165203e-03
-3.871383810961013996e-03
-3.705678871100578399e-03
-3.523861163726966540e-03
-3.326316522533756884e-03
-3.113443172410149985e-03
-2.885651399749587093e-03
-2.643363204513103637e-03
-2.387011942878670620e-03
-2.117041960739050443e-03
-1.833908218314492331e-03
-1.538075906163378134e-03
-1.230020052868885556e-03
-9.102251246979526679e-04
-5.791846175285863749e-04
-2.374006413466238363e-04
1.146165023688623316e-04
4.763487500647565348e-04
8.472707120057206692e-04
1.226850114316323584e-03
1.614548246836019878e-03
2.009820416449362677e-03
2.412116405545468474e-03
2.820880935258772773e-03
3.235554133137583284e-03
3.655572004881080944e-03
4.080366909573169588e-03
4.509368039119563201e-03
4.942001899305202041e-03
5.377692794437059429e-03
5.815863313896056826e-03
6.255934820560650131e-03
6.697327940696197468e-03
7.139463054924356268e-03
7.581760789888075842e-03
8.023642510226495703e-03
8.464530810470057010e-03
8.903850006470271847e-03
9.341026625969629099e-03
9.775489897925038196e-03
1.020667224019474947e-02
1.063400974519400528e-02
1.105694266313662216e-02
1.147491588636819979e-02
1.188737941121707081e-02
1.229378883440293557e-02
1.269360580778194046e-02
1.308629850736859820e-02
1.347134209394770452e-02
1.384821916857641166e-02
1.421642022260788396e-02
1.457544408185334345e-02
1.492479834452315260e-02
1.526399981258113464e-02
1.559257491614510563e-02
1.591006013058680890e-02
1.621600238596929838e-02
1.650995946848554316e-02
1.679150041354875861e-02
1.706020589020045691e-02
1.731566857651382213e-02
1.755749352565471114e-02
1.778529852229833799e-02
1.799871442907853211e-02
1.819738552277080229e-02
1.838096981991974715e-02
1.854913939160696135e-02
1.870158066709266126e-02
1.883799472605300271e-02
1.895809757913975713e-02
1.906162043662780123e-02
1.914830996487742673e-02
1.921792853039250640e-02
1.927025443123828174e-02
1.930508211559395226e-02
1.932222238724573896e-02
1.932150259780120866e-02
1.930276682545033901e-02
1.926587604008654642e-02
1.921070825461974885e-02
1.913715866232556378e-02
1.904513976007978990e-02
1.893458145734308595e-02
1.880543117077406595e-02
1.865765390435011190e-02
1.849123227120497148e-02
1.830616671652140343e-02
1.810247529971326097e-02
1.788019393387936529e-02
1.763937614691927364e-02
1.738009337561163478e-02
1.710243474299709757e-02
1.680650706899687596e-02
1.649243481694999403e-02
1.616036002515809644e-02
1.581044222348377409e-02
1.544285833500778395e-02
1.505780256280315164e-02
1.465548626187821932e-02
1.423613779634827665e-02
1.380000238193168811e-02
1.334734191384153758e-02
1.287843478019689777e-02
1.239357566106205275e-02
1.189307531323698965e-02
1.137726034095794606e-02
1.084647295263943025e-02
1.030107070431305998e-02
9.741426227376939403e-03
9.167926946548655281e-03
8.580974781539118038e-03
7.980985836980744597e-03
7.368390079381639118e-03
6.743631001546773057e-03
6.107165274695527946e-03
5.459462388550995193e-03
4.801004279656753693e-03
4.132284948205795089e-03
3.453810063676170106e-03
2.766096559557677109e-03
2.069672217501681427e-03
1.365075241191397032e-03
6.528538202774068766e-04
-6.643431528709914380e-05
-7.922223546356875479e-04
-1.523934852116118344e-03
-2.260988225902524351e-03
-3.002791221186771470e-03
-3.748745402747414787e-03
-4.498245650628203765e-03
-5.250680662815063876e-03
-6.005433464493233064e-03
-6.761881923498587466e-03
-7.519399271524323386e-03
-8.277354630675836863e-03
-9.035113544942617939e-03
-9.792038516144283000e-03
-1.054748954393318686e-02
-1.130082466938838598e-02
-1.205140052176874657e-02
-1.279857286797414159e-02
-1.354169716424521303e-02
-1.428012910966861351e-02
-1.501322520100495730e-02
-1.574034328838684951e-02
-1.646084313143121591e-02
-1.717408695527388590e-02
-1.787944000609509657e-02
-1.857627110562907677e-02
-1.926395320422502958e-02
-1.994186393196172025e-02
-2.060938614736977648e-02
-2.126590848327834099e-02
-2.191082588933318184e-02
-2.254354017070573160e-02
-2.316346052255367771e-02
-2.377000405974915784e-02
-2.436259634143054728e-02
-2.494067188992801429e-02
-2.550367470359519995e-02
-2.605105876312448568e-02
-2.658228853088221572e-02
-2.709683944283917956e-02
-2.759419839266421745e-02
-2.807386420754869744e-02
-2.853534811534714360e-02
-2.897817420262063098e-02
-2.940187986316769239e-02
-2.980601623665632416e-02
-3.019014863694854597e-02
-3.055385696974890694e-02
-3.089673615584152128e-02
-3.121839645826159082e-02
-3.151846396970667957e-02
-3.179658090042417062e-02
-3.205240600668650408e-02
-3.228561485719878832e-02
-3.249590022027085134e-02
-3.268297236926346466e-02
-3.284655938820277288e-02
-3.298640746338810104e-02
-3.310228116067309712e-02
-3.319396368818111620e-02
-3.326125714419718438e-02
-3.330398274997257990e-02
-3.332198106724520298e-02
-3.331511220023059688e-02
-3.328325598188802692e-02
-3.322631214427416990e-02
-3.314420046879788112e-02
-3.303686094026359044e-02
-3.290425384426495792e-02
-3.274635988838741490e-02
-3.256318028647536833e-02
-3.235473683017579122e-02
-3.212107194358013174e-02
-3.186224872089145344e-02
-3.157835094704380952e-02
-3.126948310121536317e-02
-3.093577034319652114e-02
-3.057735848257878489e-02
-3.019441393075933747e-02
-2.978712363575103383e-02
-2.935569499982841266e-02
-2.890035578001775435e-02
-2.842135397149865225e-02
-2.791895767678399115e-02
-2.739345494368058964e-02
-2.684515361504087247e-02
-2.627438113288538268e-02
-2.568148434036553185e-02
-2.506682926425078672e-02
-2.443080088103034841e-02
-2.377380286676498977e-02
-2.309625733085670513e-02
-2.239860453394129647e-02
-2.168130259006751520e-02
-2.094482715339933757e-02
-2.018967108965362064e-02
-1.941634413249871197e-02
-1.862537252518479264e-02
-1.781729864764389562e-02
-1.699268062933547221e-02
-1.615209194814187094e-02
-1.529612101557641275e-02
-1.442537074864244651e-02
-1.354045812864405895e-02
-1.264201374728159133e-02
-1.173068134037450957e-02
-1.080711730955891126e-02
-9.871990232323761549e-03
-8.925980360757590493e-03
-7.969779109373339998e-03
-7.004088532417792473e-03
-6.029620791047046735e-03
-5.047097610787521643e-03
-4.057249729689002549e-03
-3.060816337589977731e-03
-2.058544506931207774e-03
-1.051188615546181510e-03
-3.950976188112076404e-05
9.757248269130387730e-04
1.993742393563986692e-03
3.013765255473494636e-03
4.035011415246338856e-03
5.056695176509886508e-03
6.078027764521383436e-03
7.098217951101156581e-03
8.116472683409918509e-03
9.131997716063360720e-03
1.014399824613125556e-02
1.115167955049650023e-02
1.215424762510463816e-02
1.315090982560191898e-02
1.414087550885601355e-02
1.512335667489321522e-02
1.609756860871730880e-02
1.706273061749312772e-02
1.801806628660254997e-02
1.896280459951603381e-02
1.989618057107987378e-02
2.081743540492369399e-02
2.172581750649382054e-02
2.262058301475129707e-02
2.350099642546605791e-02
2.436633121000097990e-02
2.521587042912210724e-02
2.604890734134760952e-02
2.686474600537646501e-02
2.766270187613161999e-02
2.844210239395486561e-02
2.920228755852282906e-02
2.994261053487557583e-02
3.066243817175463848e-02
3.136115159061662883e-02
3.203814672607662589e-02
3.269283486476604744e-02
3.332464317433065509e-02
3.393301522214413335e-02
3.451741149183461255e-02
3.507730983785371792e-02
3.561220605586225968e-02
3.612161427163670946e-02
3.660506744507217164e-02
3.706211781075808426e-02
3.749233731418666338e-02
3.789531803477350774e-02
3.827067259537425548e-02
3.861803456614392588e-02
3.893705881338259400e-02
3.922742191595490757e-02
3.948882248488974622e-02
3.972098150917708487e-02
3.992364267812667511e-02
4.009657268828727833e-02
4.023956153468359609e-02
4.035242278617370837e-02
4.043499384469868146e-02
4.048713618824294896e-02
4.050873559732168228e-02
4.049970236481401781e-02
4.045997148900296048e-02
4.038950284965733134e-02
4.028828136703435647e-02
4.015631714368408933e-02
3.999364558893304250e-02
3.980032752597573859e-02
3.957644928146680091e-02
3.932212275756029329e-02
3.903748548633576704e-02
3.872270066655787712e-02
3.837795718275267137e-02
3.800346960656611484e-02
3.759947818040298290e-02
3.716624878336223514e-02
3.670407287946333974e-02
3.621326744821949661e-02
3.569417489758242024e-02
3.514716295931210460e-02
3.457262456685959717e-02
3.397097771580748216e-02
3.334266530698920539e-02
3.268815497237043816e-02
3.200793888380621538e-02
3.130253354481236927e-02
3.057247956546405021e-02
2.981834142059175061e-02
2.904070719141456022e-02
2.824018829078113468e-02
2.741741917221235739e-02
2.657305702290490429e-02
2.570778144092835532e-02
2.482229409679359566e-02
2.391731837963098975e-02
2.299359902819983481e-02
2.205190174695841401e-02
2.109301280745402851e-02
2.011773863527558173e-02
1.912690538283254305e-02
1.812135848824405690e-02
1.710196222059475260e-02
1.606959921186694798e-02
1.502516992409489230e-02
1.396959236312891525e-02
1.290380125996589723e-02
1.182874781067823344e-02
1.074539889510133309e-02
9.654736834592694134e-03
8.557758638823936836e-03
7.455475492490778663e-03
6.348912181267094175e-03
5.239106507669781532e-03
4.127108697170652797e-03
3.013980798935603743e-03
1.900796057401183368e-03
7.886383155488773181e-04
-3.213986305299247961e-04
-1.428211664750320305e-03
-2.530688995743581894e-03
-3.627710808713702911e-03
-4.718149924084848179e-03
-5.800872462528149781e-03
-6.874738515999746433e-03
-7.938602824397745714e-03
-8.991315457434175332e-03
-1.003172250135754909e-02
-1.105866675010117040e-02
-1.207098840049364297e-02
-1.306752575112192331e-02
-1.404711590444932857e-02
-1.500859547389367041e-02
-1.595080128278703047e-02
-1.687257108692376967e-02
-1.777274427696414263e-02
-1.865016259320285280e-02
-1.950367083900784657e-02
-2.033211759476577507e-02
-2.113435593195743534e-02
-2.190924412697848461e-02
-2.265564637430744765e-02
-2.337243349865820996e-02
-2.405848366572224326e-02
-2.471268309112781975e-02
-2.533392674724745802e-02
-2.592111906746683014e-02
-2.647317464756565250e-02
-2.698901894382721781e-02
-2.746758896752409321e-02
-2.790783397542315886e-02
-2.830871615594129226e-02
-2.866921131061741373e-02
-2.898830953054225973e-02
-2.926501586740013622e-02
-2.949835099879818262e-02
-2.968735188752713236e-02
-2.983107243444124701e-02
-2.992858412461902110e-02
-2.997897666648745990e-02
-2.998135862359545614e-02
-2.993485803871477960e-02
-2.983862304997528941e-02
-2.969182249871388929e-02
-2.949364652876018678e-02
-2.924330717684548581e-02
-2.894003895386585562e-02
-2.858309941670183346e-02
-2.817176973032897713e-02
-2.770535521994646477e-02
-2.718318591284220320e-02
-2.660461706976221738e-02
-2.596902970549369583e-02
-2.527583109844917103e-02
-2.452445528896768367e-02
-2.371436356612931923e-02
-2.284504494282308534e-02
-2.191601661885909935e-02
-2.092682443188499317e-02
-1.987704329590255295e-02
-1.876627762717113235e-02
-1.759416175728026333e-02
-1.636036033321077929e-02
-1.506456870416816689e-02
-1.370651329501689636e-02
-1.228595196611382591e-02
-1.080267435938983556e-02
-9.256502230462544667e-03
-7.647289766672310529e-03
-5.974923890814417063e-03
-4.239324670495724090e-03
-2.440444992728404636e-03
-5.782721461603072821e-04
1.347173743697291370e-03
3.335837664896264265e-03
5.387630843334420550e-03
7.502429933347577740e-03
9.680076963551845215e-03
1.192037913499769883e-02
1.422310871670910346e-02
1.658800287584076202e-02
1.901476356380119720e-02
2.150305741029695517e-02
2.405251563335702308e-02
2.666273396539861618e-02
2.933327259544097135e-02
3.206365612749283167e-02
3.485337355523602382e-02
3.770187825301376389e-02
4.060858798321430319e-02
4.357288492010448488e-02
4.659411569011405463e-02
4.967159142866209298e-02
5.280458785353357720e-02
5.599234534223183207e-02
5.923406908893036338e-02
6.252892915228210058e-02
6.587606064542664286e-02
6.927456388000163834e-02
7.272350453932419079e-02
7.622191386823924664e-02
7.976878887961280640e-02
8.336309257748550361e-02
8.700375419683814560e-02
9.068966945998638285e-02
9.441970084955368658e-02
9.819267789799010493e-02
1.020073974936146904e-01
1.058626242031153464e-01
1.097570906105002075e-01
1.136894976724092954e-01
1.176585150897312831e-01
1.216627816954958669e-01
1.257009058589258210e-01
1.297714659056141140e-01
1.338730105537346837e-01
1.380040593661642501e-01
1.421631032185054211e-01
1.463486047828183589e-01
1.505589990270336520e-01
1.547926937299152206e-01
1.590480700114113577e-01
1.633234828783826642e-01
1.676172617854388702e-01
1.719277112108933692e-01
1.762531112476007911e-01
1.805917182085634010e-01
1.849417652471646578e-01
1.893014629918621516e-01
1.936690001951911766e-01
1.980425443968931165e-01
2.024202426009978628e-01
2.068002219666764674e-01
2.111805905126980798e-01
2.155594378352551910e-01
2.199348358390053326e-01
2.243048394810650825e-01
2.286674875277933117e-01
2.330208033241069898e-01
2.373627955751190233e-01
2.416914591398700018e-01
2.460047758368793525e-01
2.503007152612897190e-01
2.545772356133734204e-01
2.588322845380652826e-01
2.630637999753566159e-01
2.672697110211714744e-01
2.714479387984848335e-01
2.755963973384212840e-01
2.797129944709949023e-01
2.837956327251809352e-01
2.878422102380514547e-01
2.918506216726046154e-01
2.958187591439886965e-01
2.997445131538132301e-01
3.036257735321283846e-01
3.074604306529352127e-01
3.112463753258642440e-01
3.149815013562071164e-01
3.186637051638713802e-01
3.222908881695605854e-01
3.258609560570368546e-01
3.293718209050909840e-01
3.328214018916166861e-01
3.362076262886242728e-01
3.395284304611183579e-01
3.427817608695395424e-01
3.459655750752890224e-01
3.490778427488856472e-01
3.521165466804051514e-01
3.550796837916558313e-01
3.579652661497160215e-01
3.607713219813882821e-01
3.634958966880184050e-01
3.661370538603431757e-01
3.686928763159858513e-01
3.711614670197885268e-01
3.735409502355673261e-01
3.758294724425743638e-01
3.780252033664221467e-01
3.801263369836623829e-01
3.821310925229243205e-01
3.840377154621243960e-01
3.858444785212541417e-01
3.875496826502117242e-01
3.891516580111710755e-01
3.906487649549706953e-01
3.920393949909948272e-01
3.933219717500485157e-01
3.944949519396646620e-01
3.955568262913521371e-01
3.965061204992224031e-01
3.973413961494685620e-01
3.980612516401915157e-01
3.986643230910061897e-01
3.991492852418995763e-01
3.995148523408383334e-01
3.997597790195054901e-01
3.998828611567465385e-01
3.998829367290900327e-01
3.997588866478620773e-01
3.995096355823562484e-01
3.991341527684817980e-01
3.986314528024229031e-01
3.980005964187650069e-01
3.972406912524994449e-01
3.963508925845065645e-01
3.953304040698528699e-01
3.941784784484996251e-01
3.928944182378898975e-01
3.914775764068202379e-01
3.899273570302496106e-01
3.882432159243723313e-01
3.864246612616171195e-01
3.844712541650164850e-01
3.823826092813940036e-01
3.801583953331014731e-01
3.777983356475806964e-01
3.753022086645244060e-01
3.726698484200375860e-01
3.699011450073936280e-01
3.669960450139995722e-01
3.639545519340837143e-01
3.607767265567166093e-01
3.574626873287833906e-01
3.540126106924484373e-01
3.504267313968142949e-01
3.467053427833233781e-01
3.428487970445850408e-01
3.388575054562975586e-01
3.347319385818131043e-01
3.304726264492210408e-01
3.260801587004203972e-01
3.215551847120359241e-01
3.168984136878318369e-01
3.121106147223371985e-01
3.071926168354863762e-01
3.021453089779400636e-01
2.969696400069694597e-01
2.916666186325980736e-01
2.862373133600593644e-01
2.806828522710499429e-01
2.750044227538862018e-01
2.692032723587195475e-01
2.632807071926258069e-01
2.572380917049464366e-01
2.510768498154715145e-01
2.447984634952211080e-01
2.384044727193718183e-01
2.318964751082070175e-01
2.252761255370795412e-01
2.185451357155051566e-01
2.117052737351778902e-01
2.047583635871674523e-01
1.977062846481706937e-01
1.905509711359646696e-01
1.832944115341721691e-01
1.759386479674523163e-01
1.684857756415755192e-01
1.609379420608136324e-01
1.532973464090374716e-01
1.455662388031394583e-01
1.377469195362595600e-01
1.298417382915065255e-01
1.218530933263167193e-01
1.137834306276911678e-01
1.056352430387482860e-01
9.741106935663246258e-02
8.911349340240172501e-02
8.074514306296935728e-02
7.230868930559378183e-02
6.380684516535256590e-02
5.524236470577831293e-02
4.661804195336258227e-02
3.793670980611945492e-02
2.920123891675695596e-02
2.041453655102537859e-02
1.157954542153476554e-02
2.699242497738289087e-03
-6.223362207497772081e-03
-1.518522687418642249e-02
-2.418327913371201912e-02
-3.321441734909294508e-02
-4.227551191628088623e-02
-5.136340658594032438e-02
-6.047491980515016380e-02
-6.960684607815266489e-02
-7.875595734580330409e-02
-8.791900438274383167e-02
-9.709271821179897566e-02
-1.062738115348425549e-01
-1.154589801793239612e-01
-1.246449045598497785e-01
-1.338282511539747033e-01
-1.430056739914774555e-01
-1.521738161563561120e-01
-1.613293113007102098e-01
-1.704687851697548606e-01
-1.795888571371485332e-01
-1.886861417497612270e-01
-1.977572502811894284e-01
-2.067987922929568900e-01
-2.158073772027844783e-01
-2.247796158589061566e-01
-2.337121221196311605e-01
-2.426015144373209476e-01
-2.514444174457490799e-01
-2.602374635501741862e-01
-2.689772945190158637e-01
-2.776605630764127364e-01
-2.862839344946692677e-01
-2.948440881856597140e-01
-3.033377192903992103e-01
-3.117615402657187285e-01
-3.201122824672829048e-01
-3.283866977279008004e-01
-3.365815599303063621e-01
-3.446936665734652849e-01
-3.527198403314578679e-01
-3.606569306041011447e-01
-3.685018150583403984e-01
-3.762514011594632612e-01
-3.839026277086526884e-01
-3.914524662814419242e-01
-3.988979228289520340e-01
-4.062360390884504069e-01
-4.134638940684128849e-01
-4.205786053812875513e-01
-4.275773311579638691e-01
-4.344572707417805324e-01
-4.412156666821931972e-01
-4.478498055587786797e-01
-4.543570200004808379e-01
-4.607346895837026168e-01
-4.669802422631162964e-01
-4.730911556686621666e-01
-4.790649583794771016e-01
-4.848992311741080474e-01
-4.905916082560525249e-01
-4.961397784529461563e-01
-5.015414863962255332e-01
-5.067945336586744398e-01
-5.118967798819603621e-01
-5.168461438661102747e-01
-5.216406046323314172e-01
-5.262782024562778771e-01
-5.307570398711017878e-01
-5.350752826397360273e-01
-5.392311606957181924e-01
-5.432229690520422594e-01
-5.470490686774098776e-01
-5.507078873393498331e-01
-5.541979204137140735e-01
-5.575177316599664312e-01
-5.606659539618474852e-01
-5.636412900329218489e-01
-5.664425130865312630e-01
-5.690684674698025525e-01
-5.715180692612323865e-01
-5.737903068315274302e-01
-5.758842413673352922e-01
-5.777990073574876817e-01
-5.795338130415298439e-01
-5.810879408201752305e-01
-5.824607476274700213e-01
-5.836516652644307968e-01
-5.846602006939038976e-01
-5.854859362965186831e-01
-5.861285300875143101e-01
-5.865877158943522129e-01
-5.868633034949635174e-01
-5.869551787165629975e-01
