-3.699121067774817639e-01
-3.698348439097391971e-01
-3.696030970952452477e-01
-3.692169916780793093e-01
-3.686767364913146050e-01
-3.679826237464537964e-01
-3.671350288787011973e-01
-3.661344103481197765e-01
-3.649813093967529398e-01
-3.636763497617957475e-01
-3.622202373449246449e-01
-3.606137598379058340e-01
-3.588577863046222838e-01
-3.569532667196707032e-01
-3.549012314637063903e-01
-3.527027907757162573e-01
-3.503591341624308630e-01
-3.478715297650900595e-01
-3.452413236838072774e-01
-3.424699392597804759e-01
-3.395588763156238143e-01
-3.365097103541061507e-01
-3.333240917156052863e-01
-3.300037446945937036e-01
-3.265504666154994684e-01
-3.229661268682954556e-01
-3.192526659041923787e-01
-3.154120941918210907e-01
-3.114464911343197140e-01
-3.073580039477415982e-01
-3.031488465012331379e-01
-2.988212981194386941e-01
-2.943777023476094601e-01
-2.898204656799144852e-01
-2.851520562514625601e-01
-2.803750024945694252e-01
-2.754918917598167538e-01
-2.705053689024699559e-01
-2.654181348348396696e-01
-2.602329450451880688e-01
-2.549526080588913612e-01
-2.495799839917490770e-01
-2.441179828235497673e-01
-2.385695624811793591e-01
-2.329377292371269670e-01
-2.272255318666792645e-01
-2.214360641765817095e-01
-2.155724611420238856e-01
-2.096378975872498773e-01
-2.036355864070545640e-01
-1.975687767626463365e-01
-1.914407522527040995e-01
-1.852548290604672521e-01
-1.790143540777099085e-01
-1.727227030064830693e-01
-1.663832784395091191e-01
-1.599995079201435022e-01
-1.535748419828315836e-01
-1.471127521750046352e-01
-1.406167290613815346e-01
-1.340902802116517856e-01
-1.275369281725435566e-01
-1.209602084252859727e-01
-1.143636673295002765e-01
-1.077508600545676321e-01
-1.011253484995341956e-01
-9.449069920264115130e-02
-8.785048124156723259e-02
-8.120826412549946027e-02
-7.456761568016313790e-02
-6.793209992694060340e-02
-6.130527495724955034e-02
-5.469069080333792410e-02
-4.809188730669082534e-02
-4.151239198523557633e-02
-3.495571790056495320e-02
-2.842536152639479202e-02
-2.192480061949167447e-02
-1.545749209432103338e-02
-9.026869902665116130e-03
-2.636342919483725122e-03
3.710707163705716238e-03
1.001092793664475067e-02
1.626099835805159058e-02
2.245763083193379195e-02
2.859757327119190340e-02
3.467761114719153381e-02
4.069456952398412680e-02
4.664531507584710607e-02
5.252675808681435410e-02
5.833585443085723132e-02
6.406960753137876108e-02
6.972507029868448003e-02
7.529934704407928447e-02
8.078959536926066942e-02
8.619302802965500554e-02
9.150691477036532184e-02
9.672858413339141537e-02
1.018554252347866201e-01
1.068848895104244356e-01
1.118144924290524478e-01
1.166418151713114748e-01
1.213645062734165503e-01
1.259802832341950229e-01
1.304869340841907921e-01
1.348823189155562985e-01
1.391643713714612318e-01
1.433311000937637358e-01
1.473805901277034647e-01
1.513110042823889445e-01
1.551205844458699024e-01
1.588076528536043475e-01
1.623706133091462056e-01
1.658079523558980695e-01
1.691182403988047145e-01
1.723001327748673317e-01
1.753523707714041424e-01
1.782737825909884166e-01
1.810632842620326921e-01
1.837198804940139429e-01
1.862426654763538747e-01
1.886308236200178179e-01
1.908836301930649793e-01
1.930004521370333459e-01
1.949807483421203691e-01
1.968240703895228760e-01
1.985300627626519765e-01
2.000984635018089319e-01
2.015291036559559157e-01
2.028219103106782273e-01
2.039769033463195991e-01
2.049941956150326539e-01
2.058739963503169734e-01
2.066166084628857369e-01
2.072224291424219489e-01
2.076919497170449380e-01
2.080257554456403091e-01
2.082245252427410986e-01
2.082890313356940137e-01
2.082201388538974240e-01
2.080188053499482936e-01
2.076860802525842542e-01
2.072231042513622001e-01
2.066311086130633301e-01
2.059114144298785920e-01
2.050654317994665410e-01
2.040946589370497000e-01
2.030006812197547028e-01
2.017851701634701123e-01
2.004498823325445711e-01
1.989966581827096181e-01
1.974274208376697870e-01
1.957441747998540649e-01
1.939490045958939812e-01
1.920440733574363679e-01
1.900316213379727448e-01
1.879139643664144432e-01
1.856934922382110775e-01
1.833726670448619089e-01
1.809540214427321769e-01
1.784401568621488965e-01
1.758337416577982204e-01
1.731375092015211559e-01
1.703542559186476679e-01
1.674868392690777585e-01
1.645381756743693746e-01
1.615112383921539219e-01
1.584090553392559497e-01
1.552347068649446438e-01
1.519913234758117626e-01
1.486820835138082664e-01
1.453102107890442418e-01
1.418789721689918126e-01
1.383916751257970035e-01
1.348516652434476604e-01
1.312623236866009846e-01
1.276270646329117908e-01
1.239493326707713783e-01
1.202326001643830161e-01
1.164803645881734434e-01
1.126961458325643622e-01
1.088834834831750864e-01
1.050459340755722087e-01
1.011870683277122374e-01
9.731046835226640768e-02
9.341972485105135005e-02
8.951843429381682593e-02
8.561019608368224121e-02
8.169860971153655727e-02
7.778727190174392070e-02
7.387977375152765536e-02
6.997969786642313506e-02
6.609061549421646475e-02
6.221608365979983124e-02
5.835964230339470149e-02
5.452481142461042957e-02
5.071508823481117589e-02
4.693394432028394347e-02
4.318482281869741313e-02
3.947113561135671966e-02
3.579626053375409289e-02
3.216353860692034577e-02
2.857627129207827507e-02
2.503771778818391150e-02
2.155109227122078974e-02
1.811956133949087222e-02
1.474624131476043667e-02
1.143419565612908625e-02
8.186432458546936963e-03
5.005901860288229643e-03
1.895493627127466107e-03
-1.141965286180279121e-03
-4.103713112973562949e-03
-6.987055601821178658e-03
-9.789368294887952279e-03
-1.250809876197542247e-02
-1.514076864496070179e-02
-1.768497603598771090e-02
-2.013839723120674011e-02
-2.249878886222319435e-02
-2.476398978143715818e-02
-2.693192291115843046e-02
-2.900059702382018489e-02
-3.096810845143229546e-02
-3.283264272247065491e-02
-3.459247612445817688e-02
-3.624597719055858147e-02
-3.779160810856506403e-02
-3.922792605073480154e-02
-4.055358442298914734e-02
-4.176733403206824707e-02
-4.286802416930465820e-02
-4.385460360974938188e-02
-4.472612152546869002e-02
-4.548172831189856852e-02
-4.612067632623055580e-02
-4.664232053688111695e-02
-4.704611908317819780e-02
-4.733163374448546429e-02
-4.749853031806837433e-02
-4.754657890509320084e-02
-4.747565410423885968e-02
-4.728573511248786859e-02
-4.697690573275596637e-02
-4.654935428810733078e-02
-4.600337344239580073e-02
-4.533935992726469827e-02
-4.455781417552722584e-02
-4.365933986104799519e-02
-4.264464334533425716e-02
-4.151453303114303189e-02
-4.026991862350186302e-02
-3.891181029863448326e-02
-3.744131778138010125e-02
-3.585964933178290709e-02
-3.416811064162647571e-02
-3.236810364177886146e-02
-3.046112522130618033e-02
-2.844876585940408001e-02
-2.633270817128924995e-02
-2.411472536928202515e-02
-2.179667964039935096e-02
-1.938052044186957049e-02
-1.686828271606083396e-02
-1.426208502640863296e-02
-1.156412761600673564e-02
-8.776690390609704490e-03
-5.902130827879829150e-03
-2.942881814785233696e-03
9.855058485925410894e-05
3.219589430647106648e-03
6.417589271491278696e-03
9.689838574982193031e-03
1.303356221791178091e-02
1.644592403561749919e-02
1.992402942772988558e-02
2.346492801785268409e-02
2.706561636463422973e-02
3.072304072164125724e-02
3.443409984338190177e-02
3.819564783477770453e-02
4.200449704133522866e-02
4.585742097721749733e-02
4.975115728837366247e-02
5.368241074784736722e-02
5.764785630871144262e-02
6.164414204116544505e-02
6.566789237771060439e-02
6.971571106617022173e-02
7.378418441969709918e-02
7.786988427748565977e-02
8.196937125240791322e-02
8.607919784837422816e-02
9.019591161034883064e-02
9.431605827616869331e-02
9.843618492705002998e-02
1.025528431336613921e-01
1.066625920946399630e-01
1.107620017644441873e-01
1.148476559674336123e-01
1.189161554950853988e-01
1.229641211832702974e-01
1.269881969665306864e-01
1.309850529063284752e-01
1.349513881902511259e-01
1.388839340991969151e-01
1.427794569395957058e-01
1.466347609377505745e-01
1.504466910934326163e-01
1.542121359898975530e-01
1.579280305575418986e-01
1.615913587884656999e-01
1.651991563992556145e-01
1.687485134393647002e-01
1.722365768425175858e-01
1.756605529186316406e-01
1.790177097838079878e-01
1.823053797260147935e-01
1.855209615041532034e-01
1.886619225782636966e-01
1.917258012687123037e-01
1.947102088422665855e-01
1.976128315230515908e-01
2.004314324264607206e-01
2.031638534141720631e-01
2.058080168685159639e-01
2.083619273845153941e-01
2.108236733780214922e-01
2.131914286084489740e-01
2.154634536147111978e-01
2.176380970630505673e-01
2.197137970055516587e-01
2.216890820482247948e-01
2.235625724276453785e-01
2.253329809952264728e-01
2.269991141083142483e-01
2.285598724273861793e-01
2.300142516187368424e-01
2.313613429621417805e-01
2.326003338630833472e-01
2.337305082692374414e-01
2.347512469910129074e-01
2.356620279260429052e-01
2.364624261876300260e-01
2.371521141372525676e-01
2.377308613213373889e-01
2.381985343126087618e-01
2.385550964564279175e-01
2.388006075226363767e-01
2.389352232635133244e-01
2.389591948785647069e-01
2.388728683869535963e-01
2.386766839084832337e-01
2.383711748541382791e-01
2.379569670272805582e-01
2.374347776367045360e-01
2.368054142228283032e-01
2.360697734984011364e-01
2.352288401051979005e-01
2.342836852882426713e-01
2.332354654892072610e-01
2.320854208607024127e-01
2.308348737032583642e-01
2.294852268268798845e-01
2.280379618391244201e-01
2.264946373617372499e-01
2.248568871779375866e-01
2.231264182835058785e-01
2.213050090196545527e-01
2.193945068466242598e-01
2.173968263808232493e-01
2.153139471005501293e-01
2.131479112745753579e-01
2.109008215867820557e-01
2.085748388376904294e-01
2.061721795725188211e-01
2.036951136642026761e-01
2.011459618540720751e-01
1.985270932529214771e-01
1.958409228052351014e-01
1.930899087193646835e-01
1.902765498664849009e-01
1.874033831511671411e-01
1.844729808564377072e-01
1.814879479662028228e-01
1.784509194577877100e-01
1.753645576656581162e-01
1.722315493161810374e-01
1.690546031613978928e-01
1.658364469097083904e-01
1.625798246193393970e-01
1.592874939165393466e-01
1.559622232415226462e-01
1.526067890978950459e-01
1.492239733084276265e-01
1.458165602800201022e-01
1.423873342806737108e-01
1.389390767312705388e-01
1.354745635149163241e-01
1.319965623065886273e-01
1.285078299257813583e-01
1.250111097148088324e-01
1.215091289453867907e-01
1.180045962560684475e-01
1.145001991230600868e-01
1.109986013669011229e-01
1.075024406974336294e-01
1.040143262994434326e-01
1.005368364612810039e-01
9.707251624872956230e-02
9.362387522631826497e-02
9.019338522821215842e-02
8.678347818075804465e-02
8.339654397867837798e-02
8.003492841685581893e-02
7.670093117956983120e-02
7.339680388897348862e-02
7.012474821452979734e-02
6.688691404504880367e-02
6.368539772488127082e-02
6.052224035576814903e-02
5.739942616573352752e-02
5.431888094636014991e-02
5.128247055968170737e-02
4.829199951585298745e-02
4.534920962267292854e-02
4.245577870795442382e-02
3.961331941564696923e-02
3.682337807652921041e-02
3.408743365421230964e-02
3.140689676709804840e-02
2.878310878685899632e-02
2.621734101391479804e-02
2.371079393029196930e-02
2.126459653017882812e-02
1.887980572838267312e-02
1.655740584683010330e-02
1.429830817915351410e-02
1.210335063332526606e-02
9.973297452217921855e-03
7.908839011886728554e-03
5.910591697281503132e-03
3.979097855024427144e-03
2.114825822797559984e-03
3.181700348112159737e-04
-1.410548797253843856e-03
-3.071083428520075820e-03
-4.663259751160414579e-03
-6.186976391460784208e-03
-7.642204233285647408e-03
-9.028985878152630262e-03
-1.034743501564398122e-02
-1.159773574899186643e-02
-1.278014183807651277e-02
-1.389497587682462024e-02
-1.494262840902521941e-02
-1.592355697809771237e-02
-1.683828511463254102e-02
-1.768740126285075348e-02
-1.847155764752771157e-02
-1.919146908297872725e-02
-1.984791172575051804e-02
-2.044172177271625507e-02
-2.097379410631329544e-02
-2.144508088870950360e-02
-2.185659010672239000e-02
-2.220938406935520082e-02
-2.250457785985209708e-02
-2.274333774420730231e-02
-2.292687953809133955e-02
-2.305646693419710277e-02
-2.313341005660499855e-02
-2.315906266467424035e-02
-2.313482165696581494e-02
-2.306212534035038259e-02
-2.294245018764469804e-02
-2.277731006885061818e-02
-2.256825408667700525e-02
-2.231686466175162101e-02
-2.202475559711991257e-02
-2.169357012418365177e-02
-2.132497893223583851e-02
-2.092067818374710245e-02
-2.048238751755611375e-02
-2.001184804211320056e-02
-1.951082032091916441e-02
-1.898108235228919416e-02
-1.842442754556694248e-02
-1.784266269589162429e-02
-1.723760595961225731e-02
-1.661108483242327433e-02
-1.596493413227140570e-02
-1.530099398907041469e-02
-1.462110784322766602e-02
-1.392712045496541720e-02
-1.322087592639229446e-02
-1.250421573824636937e-02
-1.177897680320599653e-02
-1.104698953762655797e-02
-1.031007595352777424e-02
-9.570047772623100843e-03
-8.828704564138535951e-03
-8.087831908134973657e-03
-7.349199586003669037e-03
-6.614559799763408167e-03
-5.885645421744460648e-03
-5.164168276198966706e-03
-4.451817454333565835e-03
-3.750257664209099943e-03
-3.061127616909173343e-03
-2.386038450325771946e-03
-1.726572191863201544e-03
-1.084280261309515658e-03
-4.606820150726553820e-04
1.427366670725314056e-04
7.245247516339294036e-04
1.283267376410354536e-03
1.817587129871992566e-03
2.326145283984002495e-03
2.807642979597254826e-03
3.260822363585367568e-03
3.684467676964796583e-03
4.077406293286909948e-03
4.438509706650521289e-03
4.766694468736384048e-03
5.060923074322430312e-03
5.320204794794511707e-03
5.543596459221609984e-03
5.730203182622692695e-03
5.879179041104548586e-03
5.989727693608159001e-03
6.061102953834369630e-03
6.092609289159894512e-03
6.083602304882035003e-03
6.033489132001091000e-03
5.941728795266372140e-03
5.807832494685780805e-03
5.631363862625986608e-03
5.411939152310939194e-03
5.149227376036110380e-03
4.842950390277584935e-03
4.492882928007888542e-03
4.098852578571044424e-03
3.660739715522848096e-03
3.178477372883476565e-03
2.652051070297079677e-03
2.081498587635892406e-03
1.466909689631392538e-03
8.084258011531782889e-04
1.062396337998781914e-04
-6.394052354910754327e-04
-1.428214833078792281e-03
-2.259845303712615730e-03
-3.133903471274041008e-03
-4.049947444312024594e-03
-5.007487265487279432e-03
-6.005985604010140658e-03
-7.044858791034155909e-03
-8.123476090617989809e-03
-9.241163524481316172e-03
-1.039720171745976002e-02
-1.159082829465353515e-02
-1.282123850995024045e-02
-1.408758621121808732e-02
-1.538898484012388851e-02
-1.672450846541559052e-02
-1.809319284850005247e-02
-1.949403654011472309e-02
-2.092600200689045953e-02
-2.238801678657041661e-02
-2.387897467064830151e-02
-2.539773691316906876e-02
-2.694313346441957677e-02
-2.851396422823968685e-02
-3.010900034165651939e-02
-3.172698547554750337e-02
-3.336663715503186689e-02
-3.502664809827281400e-02
-3.670568757238275304e-02
-3.840240276510530071e-02
-4.011542017095937052e-02
-4.184334699051892731e-02
-4.358477254150541075e-02
-4.533826968037046184e-02
-4.710239623305310236e-02
-4.887569643358893878e-02
-5.065670236926202163e-02
-5.244393543098860994e-02
-5.423590776763800858e-02
-5.603112374298672982e-02
-5.782808139402904890e-02
-5.962527388936220835e-02
-6.142119098637753571e-02
-6.321432048601006992e-02
-6.500314968379108937e-02
-6.678616681598241456e-02
-6.856186249956872092e-02
-7.032873116490534482e-02
-7.208527247983548270e-02
-7.382999276410071032e-02
-7.556140639289159189e-02
-7.727803718840053904e-02
-7.897841979824940517e-02
-8.066110105969967470e-02
-8.232464134855700666e-02
-8.396761591170331940e-02
-8.558861618222476930e-02
-8.718625107610242231e-02
-8.875914826947213510e-02
-9.030595545547739911e-02
-9.182534157975182076e-02
-9.331599805360892008e-02
-9.477663994402112102e-02
-9.620600712945946709e-02
-9.760286548106439364e-02
-9.896600791742048153e-02
-1.002942555431672461e-01
-1.015864586606504139e-01
-1.028414978623039822e-01
-1.040582849951018768e-01
-1.052357641450357151e-01
-1.063729125813807214e-01
-1.074687416700330772e-01
-1.085222977552892099e-01
-1.095326630094664577e-01
-1.104989562497858957e-01
-1.114203337219764750e-01
-1.122959898500713039e-01
-1.131251579519115119e-01
-1.139071109198864784e-01
-1.146411618664749110e-01
-1.153266647341771312e-01
-1.159630148694540119e-01
-1.165496495603189631e-01
-1.170860485372580695e-01
-1.175717344371747658e-01
-1.180062732300915240e-01
-1.183892746083622799e-01
-1.187203923381806858e-01
-1.189993245731946758e-01
-1.192258141300673868e-01
-1.193996487258494887e-01
-1.195206611770573690e-01
-1.195887289208840687e-01
-1.196037773349462041e-01
-1.195657734261776628e-01
-1.194747322711442739e-01
-1.193307138255367272e-01
-1.191338235322583761e-01
-1.188842122517363709e-01
-1.185820761540573032e-01
-1.182276565730591977e-01
-1.178212398225424451e-01
-1.173631569747809189e-01
-1.168537836015480641e-01
-1.162935394778900622e-01
-1.156828882489090438e-01
-1.150223370598400102e-01
-1.143124361497345892e-01
-1.135537784090816793e-01
-1.127469989017261254e-01
-1.118927743514670919e-01
-1.109918225937422398e-01
-1.100449019928221722e-01
-1.090528108249747413e-01
-1.080163866280655777e-01
-1.069365055180970248e-01
-1.058140814732023843e-01
-1.046500655856345829e-01
-1.034454452823152792e-01
-1.022012435145241704e-01
-1.009185179173325703e-01
-9.959835993941110188e-02
-9.824189394384616469e-02
-9.685027628064232785e-02
-9.542469433158384806e-02
-9.396636552816571564e-02
-9.247653634331252925e-02
-9.095648125762821612e-02
-8.940750170093059168e-02
-8.783092496985694941e-02
-8.622810312231952989e-02
-8.460041184963566774e-02
-8.294924932714992094e-02
-8.127603504419464442e-02
-7.958220861425208126e-02
-7.786922856617956024e-02
-7.613857111740293671e-02
-7.439172892996703812e-02
-7.263020985037053900e-02
-7.085553563411042810e-02
-6.906924065588118666e-02
-6.727287060638688365e-02
-6.546798117673038875e-02
-6.365613674236172970e-02
-6.183890898082872178e-02
-6.001787559309673670e-02
-5.819461890191479636e-02
-5.637072449294108778e-02
-5.454777987770022957e-02
-5.272737306964478399e-02
-5.091109123909664386e-02
-4.910051932255603269e-02
-4.729723863846264920e-02
-4.550282550185286157e-02
-4.371884983897592059e-02
-4.194687380294588597e-02
-4.018845039152744297e-02
-3.844512206812178423e-02
-3.671841938706123937e-02
-3.500985962429566112e-02
-3.332094541456672582e-02
-3.165316339617089969e-02
-3.000798286440176099e-02
-2.838685443477550682e-02
-2.679120871712929730e-02
-2.522245500169235238e-02
-2.368197995822177854e-02
-2.217114634929028688e-02
-2.069129175881657609e-02
-1.924372733691875198e-02
-1.782973656216655864e-02
-1.645057402230882398e-02
-1.510746421453520658e-02
-1.380160036633627622e-02
-1.253414327800795453e-02
-1.130622018784194216e-02
-1.011892366103750093e-02
-8.973310645813581399e-03
-7.870400829501644074e-03
-6.811176384256654656e-03
-5.796580826463644878e-03
-4.827517461471987278e-03
-3.904848938468560068e-03
-3.029396204314518601e-03
-2.201937617931056315e-03
-1.423208097125038506e-03
-6.938982987473086596e-04
-1.465383305556625798e-05
6.139254868634371268e-04
1.191286359779722241e-03
1.716922674301882192e-03
2.190376149362837591e-03
2.611236936443879324e-03
2.979144182790730011e-03
3.293786554903143336e-03
3.554902721602954015e-03
3.762281796011724549e-03
3.915763735796769923e-03
4.015239701070497970e-03
4.060652369358542547e-03
4.051996207079016678e-03
3.989317697007430975e-03
3.872715521230784760e-03
3.702340699127346438e-03
3.478396679940069011e-03
3.201139389544644352e-03
2.870877231047582086e-03
2.487971038883851280e-03
2.052833986117569981e-03
1.565931444688973368e-03
1.027780798380248471e-03
4.389512083199175558e-04
-1.999366691277299542e-04
-8.882110121946615918e-04
-1.625149211332608959e-03
-2.409978294663811700e-03
-3.241875401244559245e-03
-4.119968302097118916e-03
-5.043335968916005073e-03
-6.011009190320312778e-03
-7.021971235474881029e-03
-8.075158564868524166e-03
-9.169461587985953607e-03
-1.030372546757745908e-02
-1.147675097017587797e-02
-1.268729536623613638e-02
-1.393407335687194860e-02
-1.521575808324274366e-02
-1.653098213918379605e-02
-1.787833866422331233e-02
-1.925638244039843891e-02
-2.066363106764447510e-02
-2.209856616300867951e-02
-2.355963460466133780e-02
-2.504524981629576222e-02
-2.655379309107811989e-02
-2.808361495427459317e-02
-2.963303656364375122e-02
-3.120035114662475517e-02
-3.278382547332489572e-02
-3.438170136425180989e-02
-3.599219723170715701e-02
-3.761350965370564153e-02
-3.924381497924997464e-02
-4.088127096374324226e-02
-4.252401843328809661e-02
-4.417018297657713394e-02
-4.581787666304013712e-02
-4.746519978587813993e-02
-4.911024262857351802e-02
-5.075108725343339261e-02
-5.238580931067791935e-02
-5.401247986656588368e-02
-5.562916724899843318e-02
-5.723393890902458980e-02
-5.882486329662696412e-02
-6.040001174914491622e-02
-6.195746039066296618e-02
-6.349529204065100518e-02
-6.501159813013739075e-02
-6.650448062364872071e-02
-6.797205394514138632e-02
-6.941244690611708679e-02
-7.082380495984617885e-02
-7.220429081506100910e-02
-7.355208803993898425e-02
-7.486540287728618570e-02
-7.614246463034568535e-02
-7.738152881641915948e-02
-7.858087874275528073e-02
-7.973882738497395373e-02
-8.085371925066975329e-02
-8.192393222624506921e-02
-8.294787940502706958e-02
-8.392401089471152043e-02
-8.485081560218502017e-02
-8.572682299376940818e-02
-8.655060482894019747e-02
-8.732077686557826457e-02
-8.803600053481566712e-02
-8.869498458354599379e-02
-8.929648668268939937e-02
-8.983931499930514208e-02
-9.032232973066788018e-02
-9.074444459843442057e-02
-9.110462830105654775e-02
-9.140190592260780122e-02
-9.163536029622688928e-02
-9.180413332039358276e-02
-9.190742722629371975e-02
-9.194450579455394623e-02
-9.191469551965944507e-02
-9.181738672040611060e-02
-9.165203459477513914e-02
-9.141816021765056255e-02
-9.111535147985183603e-02
-9.074326396699379516e-02
-9.030162177671735568e-02
-8.979021827291747138e-02
-8.920891677559332489e-02
-8.855765118505250222e-02
-8.783642653920589738e-02
-8.704531950278121544e-02
-8.618447878731953782e-02
-8.525412550088842800e-02
-8.425455342650120527e-02
-8.318612922830248557e-02
-8.204929257718424074e-02
-8.084455624149555764e-02
-7.957250602146920260e-02
-7.823380069536549353e-02
-7.682917183374883552e-02
-7.535942357344031783e-02
-7.382543228382369704e-02
-7.222814617301875906e-02
-7.056858481261436833e-02
-6.884783858452744876e-02
-6.706706804984903514e-02
-6.522750323961482022e-02
-6.333044286749053842e-02
-6.137725346449388053e-02
-5.936936843591000129e-02
-5.730828704067314483e-02
-5.519557329355562203e-02
-5.303285479059278301e-02
-5.082182145826685815e-02
-4.856422422705039543e-02
-4.626187362998351871e-02
-4.391663832708363191e-02
-4.153044355642347696e-02
-3.910526951284163527e-02
-3.664314965531859092e-02
-3.414616894411883624e-02
-3.161646200893675901e-02
-2.905621124930340624e-02
-2.646764486865919863e-02
-2.385303484353067452e-02
-2.121469482937488049e-02
-1.855497800470452818e-02
-1.587627485520405612e-02
-1.318101089964547439e-02
-1.047164435944118906e-02
-7.750663773817291144e-03
-5.020585562614068333e-03
-2.283951538811531193e-03
4.566736270194616306e-04
3.198704988120752452e-03
5.939539946460353423e-03
8.676560918777316209e-03
1.140713804136381931e-02
1.412863191064521982e-02
1.683839635818883823e-02
1.953378125549199568e-02
2.221213534783298207e-02
2.487080911324417859e-02
2.750715764417799650e-02
3.011854354894579616e-02
3.270233987002763715e-02
3.525593301627896747e-02
3.777672570603984870e-02
4.026213991810943804e-02
4.270961984750148294e-02
4.511663486287539188e-02
4.748068246249782104e-02
4.979929122556487481e-02
5.207002375569762948e-02
5.429047961339295014e-02
5.645829823420780991e-02
5.857116182941788513e-02
6.062679826591643728e-02
6.262298392207511777e-02
6.455754651631757934e-02
6.642836790513918788e-02
6.823338684730667625e-02
6.997060173100645708e-02
7.163807326068384607e-02
7.323392710036270847e-02
7.475635647024363173e-02
7.620362469339810041e-02
7.757406768940340591e-02
7.886609641180583608e-02
8.007819922631320697e-02
8.120894422668449575e-02
8.225698148529575482e-02
8.322104523543141785e-02
8.409995598238803605e-02
8.489262254053618617e-02
8.559804399353909687e-02
8.621531157498973919e-02
8.674361047095252575e-02
8.718222151837488887e-02
8.753052285157277013e-02
8.778799141799552286e-02
8.795420445762540396e-02
8.802884080544524925e-02
8.801168217416083239e-02
8.790261430099442774e-02
8.770162800069469800e-02
8.740882011571490806e-02
8.702439436171044429e-02
8.654866206662129025e-02
8.598204280169931268e-02
8.532506490295499457e-02
8.457836588159038660e-02
8.374269272212497839e-02
8.281890206699880908e-02
8.180796028658324226e-02
8.071094343363115209e-02
7.952903708131947580e-02
7.826353604416837195e-02
7.691584398122869315e-02
7.548747288107478248e-02
7.398004242824079979e-02
7.239527925089606075e-02
7.073501604965508338e-02
6.900119060756736145e-02
6.719584468146130862e-02
6.532112277493419550e-02
6.337927079343097514e-02
6.137263458197271537e-02
5.930365834623799876e-02
5.717488295783328817e-02
5.498894414470908987e-02
5.274857056783056886e-02
5.045658178533073829e-02
4.811588610551044420e-02
4.572947833018126129e-02
4.330043738997609026e-02
4.083192387338765300e-02
3.832717745141293181e-02
3.578951419982147331e-02
3.322232382118243954e-02
3.062906676891064689e-02
2.801327127571954720e-02
2.537853062870687806e-02
2.272849865238708508e-02
2.006688817928174023e-02
1.739746769261025020e-02
1.472405624763730922e-02
1.205052132731074255e-02
9.380774941370328621e-03
6.718769989840077395e-03
4.068496557517726001e-03
1.433978142942017846e-03
-1.180732174602199761e-03
-3.771555626372845305e-03
-6.334391700013843746e-03
-8.865122136130245550e-03
-1.135961497168424400e-02
-1.381372862624235739e-02
-1.622331602701894068e-02
-1.858422876860721384e-02
-2.089232130322256353e-02
-2.314345515722628435e-02
-2.533350316964651586e-02
-2.745835374836410811e-02
-2.951391513958909196e-02
-3.149611970621770535e-02
-3.340092821061668715e-02
-3.522433409736872023e-02
-3.696236777147402647e-02
-3.861110086749072051e-02
-4.016665050508831658e-02
-4.162518352646885078e-02
-4.298292071111496637e-02
-4.423614096332478818e-02
-4.538118546799540381e-02
-4.641446181013787753e-02
-4.733244805361248864e-02
-4.813169677460593654e-02
-4.880883904539247420e-02
-4.936058836088617896e-02
-4.978374452075905177e-02
-5.007519742299591792e-02
-5.023193082061609693e-02
-5.025102596275073108e-02
-5.012966522675422337e-02
-4.986513560862768785e-02
-4.945483215933303006e-02
-4.889626132771547617e-02
-4.818704421179774433e-02
-4.732491971462833569e-02
-4.630774760095140996e-02
-4.513351145106225815e-02
-4.380032150830263232e-02
-4.230641741675190276e-02
-4.065017084578319978e-02
-3.883008799824319568e-02
-3.684481199915192601e-02
-3.469312516191062207e-02
-3.237395112914832201e-02
-2.988635688544451913e-02
-2.722955463930481351e-02
-2.440290357188805437e-02
-2.140591145012609581e-02
-1.823823610200837192e-02
-1.489968675194845021e-02
-1.139022521428376122e-02
-7.709966943120517835e-03
-3.859181936865775653e-03
1.617045040478784501e-04
4.352111167590703988e-03
8.711300469915174427e-03
1.323837814551565017e-02
1.793229308865857546e-02
2.279183734679254142e-02
2.781564626650452621e-02
3.300219879242458076e-02
3.834981791930687500e-02
4.385667129737989833e-02
4.952077199085992698e-02
5.533997938938290534e-02
6.131200027195832236e-02
6.743439002283467543e-02
7.370455399857085699e-02
8.011974904539395648e-02
8.667708516577873890e-02
9.337352733304317420e-02
1.002058974525524004e-01
1.071708764680147224e-01
1.142650072169089093e-01
1.214846944343281054e-01
1.288262101342040333e-01
1.362856966339630604e-01
1.438591659723635896e-01
1.515425054465655008e-01
1.593314800365024653e-01
1.672217355979582210e-01
1.752088021800285722e-01
1.832880974639837790e-01
1.914549303203710584e-01
1.997045044810992764e-01
2.080319223231049119e-01
2.164321887600601513e-01
2.249002152385357056e-01
2.334308238348068443e-01
2.420187514484858360e-01
2.506586540890153869e-01
2.593451112509215783e-01
2.680726303737022143e-01
2.768356513820854903e-01
2.856285513022808198e-01
2.944456489498700202e-01
3.032812096847529726e-01
3.121294502286424688e-01
3.209845435404159453e-01
3.298406237446426248e-01
3.386917911085193245e-01
3.475321170623861811e-01
3.563556492589878277e-01
3.651564166665411948e-01
3.739284346906951995e-01
3.826657102913502695e-01
3.913622472609507574e-01
4.000120512369979009e-01
4.086091349976366249e-01
4.171475236661904562e-01
4.256212597459502200e-01
4.340244085334344915e-01
4.423510631406930571e-01
4.505953496885912180e-01
4.587514324418480172e-01
4.668135189178289624e-01
4.747758649640692052e-01
4.826327797997173041e-01
4.903786310159437001e-01
4.980078495305291786e-01
5.055149344918706822e-01
5.128944581276493331e-01
5.201410705335368645e-01
5.272495043973246531e-01
5.342145796539838898e-01
5.410312080671813018e-01
5.476943977329054025e-01
5.541992575009182520e-01
5.605410013098433009e-01
5.667149524317882658e-01
5.727165476225140051e-01
5.785413411732421851e-01
5.841850088603197655e-01
5.896433517890525833e-01
5.949123001281384493e-01
5.999879167312737183e-01
6.048664006425641393e-01
6.095440904825670803e-01
6.140174677118763746e-01
6.182831597692874936e-01
6.223379430817616020e-01
6.261787459434606795e-01
6.298026512613604799e-01
6.332068991649998368e-01
6.363888894781238870e-01
6.393461840501112325e-01
6.420765089452016294e-01
6.445777564877126498e-01
6.468479871615704369e-01
6.488854313626239989e-01
6.506884910023966739e-01
6.522557409620224345e-01
6.535859303953414079e-01
6.546779838802097018e-01
6.555310024172893435e-01
6.561442642757118193e-01
6.565172256851592447e-01
6.566495213740874970e-01
6.565409649539304393e-01
6.561915477092725713e-01
6.556014458745114126e-01
6.547710061562077577e-01
6.537007599034900807e-01
6.523914155252263924e-01
6.508438593958881802e-01
6.490591551706303974e-01
6.470385429507011787e-01
6.447834383004094061e-01
6.422954311169666308e-01
6.395762843547112553e-01
6.366279326053380094e-01
6.334524805358749955e-01
6.300522011863241012e-01
6.264295341289677355e-01
6.225870834914911667e-01
6.185276158462061913e-01
6.142540579677512325e-01
6.097694944617861879e-01
6.050771652673131440e-01
6.001804630353475556e-01
5.950829303867832820e-01
5.897882570524138890e-01
5.843002768981330197e-01
5.786229648384866309e-01
5.727604336417814190e-01
5.667169306301022003e-01
5.604968342776295298e-01
5.541046507425679835e-01
5.475450101463619212e-01
5.408226630759920273e-01
5.339424766526101873e-01
5.269094308430707363e-01
5.197286143193029506e-01
5.124052205820472938e-01
5.049445438434591038e-01
4.973519748754855474e-01
4.896329967943684469e-01
4.817931807853308435e-01
4.738381817715343614e-01
4.657737340314289654e-01
4.576056467686396845e-01
4.493397996385456450e-01
4.409821382357352881e-01
4.325386695465183728e-01
4.240154573706977348e-01
4.154186177167777383e-01
4.067543141748133362e-01
3.980287532710806153e-01
3.892481798087437661e-01
3.804188721986681010e-01
3.715471377845199763e-01
3.626393081662739326e-01
3.537017345261951329e-01
3.447407829613660102e-01
3.357628298267670841e-01
3.267742570928915402e-01
3.177814477218287581e-01
3.087907810656936869e-01
2.998086282912520439e-01
2.908413478345231451e-01
2.818952808890686224e-01
2.729767469316488060e-01
2.640920392888350121e-01
2.552474207481149060e-01
2.464491192169583345e-01
2.377033234332081302e-01
2.290161787301533136e-01
2.203937828594684789e-01
2.118421818752079522e-01
2.033673660819185769e-01
1.949752660498380030e-01
1.866717487000906783e-01
1.784626134626900174e-01
1.703535885100391778e-01
1.623503270685698885e-01
1.544584038110421442e-01
1.466833113319063187e-01
1.390304567080898890e-01
1.315051581474113163e-01
1.241126417267567339e-01
1.168580382220316266e-01
1.097463800318262683e-01
1.027825981965893309e-01
9.597151951502967682e-02
8.931786375935713007e-02
8.282624155063714189e-02
7.650114897707292749e-02
7.034697071229760457e-02
6.436797204183038190e-02
5.856829939180343420e-02
5.295197760508019158e-02
4.752290788426588586e-02
4.228486584252358349e-02
3.724149966285340840e-02
3.239632836639132207e-02
2.775274019012228394e-02
2.331399107437760743e-02
1.908320326031245906e-02
1.506336399750979674e-02
1.125732436172209236e-02
7.667798182677636881e-03
4.297361081777618941e-03
1.148449619407170691e-03
-1.776639448501801666e-03
-4.475749805123567862e-03
-6.946866099161109337e-03
-9.188114363685533775e-03
-1.119776232812987223e-02
-1.297421962425689135e-02
-1.451603788363190276e-02
-1.582191074703820019e-02
-1.689067374040367428e-02
-1.772130408357747156e-02
-1.831292035592924777e-02
-1.866478212129628333e-02
-1.877628940055748111e-02
-1.864698207401544600e-02
-1.827653918368391320e-02
-1.766477814215584863e-02
-1.681165384970579810e-02
-1.571725772133130208e-02
-1.438181662550672146e-02
-1.280569173647213427e-02
-1.098937730193658667e-02
-8.933499328124738445e-03
-6.638814184149747361e-03
-4.106207127726602471e-03
-1.336690754307083562e-03
1.668596628264917142e-03
4.908392697427557683e-03
8.381312883717254025e-03
1.208585220652447223e-02
1.602038717552622255e-02
2.018317775553259141e-02
2.457236939244891033e-02
2.918599509801146977e-02
3.402197759099878649e-02
3.907813149250004281e-02
4.435216557291605383e-02
4.984168504827726082e-02
5.554419392348010354e-02
6.145709738006587680e-02
6.757770420608846806e-02
7.390322926568231032e-02
8.043079600591780676e-02
8.715743899850922349e-02
9.408010651400053326e-02
1.011956631259808281e-01
1.085008923429787026e-01
1.159924992656169301e-01
1.236671132666655876e-01
1.315212906916566893e-01
1.395515175776780858e-01
1.477542123880502267e-01
1.561257287605947730e-01
1.646623582671610242e-01
1.733603331822259896e-01
1.822158292582787831e-01
1.912249685058040605e-01
2.003838219757048400e-01
2.096884125419798128e-01
2.191347176825984566e-01
2.287186722564373831e-01
2.384361712742700257e-01
2.482830726617907824e-01
2.582552000126763225e-01
2.683483453298184385e-01
2.785582717527411711e-01
2.888807162694362329e-01
2.993113924107445589e-01
3.098459938876917952e-01
3.204801933961473615e-01
3.312096500642371932e-01
3.420300120497938856e-01
3.529369143211291693e-01
3.639259850548756114e-01
3.749928472001852198e-01
3.861331209737408621e-01
3.973424263230597164e-01
4.086163853567300608e-01
4.199506247402657322e-01
4.313407780563540683e-01
4.427824881282518832e-01
4.542714093052117041e-01
4.658032097088209422e-01
4.773735734391838514e-01
4.889782027399964814e-01
5.006128201214699036e-01
5.122731704403041819e-01
5.239550229357743394e-01
5.356541732211466122e-01
5.473664451951334442e-01
5.590876931147431561e-01
5.708138030666648488e-01
5.825406952979998998e-01
5.942643254429811339e-01
6.059806866250481150e-01
6.176858109381939688e-01
6.293757710939243966e-01
6.410466819826374785e-01
6.526947021850026953e-01
6.643160354330763795e-01
6.759069320208215270e-01
6.874636901639649134e-01
6.989826573089430450e-01
7.104602313908954248e-01
7.218928620406541707e-01
7.332770517406487221e-01
7.446093569298004589e-01
7.558863890574836208e-01
7.671048155865594076e-01
7.782613609457690318e-01
7.893528074315216969e-01
8.003759960593788136e-01
8.113278273654600525e-01
8.222052621580178133e-01
8.330053222195812346e-01
8.437250909599295357e-01
8.543617140203345617e-01
8.649123998294756532e-01
8.753744201114310730e-01
8.857451103462989916e-01
8.960218701838629229e-01
9.062021638108936905e-01
9.162835202725873041e-01
9.262635337487691300e-01
9.361398637854507765e-01
9.459102354823351044e-01
9.555724396369740248e-01
9.651243328462026927e-01
9.745638375655585328e-01
9.838889421274150671e-01
9.930977007185148864e-01
1.002188233317694799e+00
1.011158725594534680e+00
1.020007428769707625e+00
1.028732659437862740e+00
1.037332799353792190e+00
1.045806295182742929e+00
1.054151658215692233e+00
1.062367464050405719e+00
1.070452352239185556e+00
1.078405025904114689e+00
1.086224251320691891e+00
1.093908857470736962e+00
1.101457735565433804e+00
1.108869838539423780e+00
1.116144180516837725e+00
1.123279836250141273e+00
1.130275940532732282e+00
1.137131687586160345e+00
1.143846330422921387e+00
1.150419180185673795e+00
1.156849605463848407e+00
1.163137031588513892e+00
1.169280939906416128e+00
1.175280865469754854e+00
1.181136402581405065e+00
1.186847195927028142e+00
1.192412940300931368e+00
1.197833387085379009e+00
1.203108337424172003e+00
1.208237642887931340e+00
1.213221204613935456e+00
1.218058972433178511e+00
1.222750943985476013e+00
1.227297163823521498e+00
1.231697722506705395e+00
1.235952755685561177e+00
1.240062443177665230e+00
1.244027008035810233e+00
1.247846715609280288e+00
1.251521872599033136e+00
1.255052826148165934e+00
1.258439962724523298e+00
1.261683707406847432e+00
1.264784522720744597e+00
1.267742907874145786e+00
1.270559397554189562e+00
1.273234561120521580e+00
1.275769001599546204e+00
1.278163354719216382e+00
1.280418287945188638e+00
1.282534499519022209e+00
1.284512717499077361e+00
1.286353698804779899e+00
1.288058228264888472e+00
1.289627117670391065e+00
1.291061204832654630e+00
1.292361352647405370e+00
1.293528448165161882e+00
1.294563401668662461e+00
1.295467145757876359e+00
1.296240634443108997e+00
1.296884842246778247e+00
1.297400763314343841e+00
1.297789410534903709e+00
1.298051814671979942e+00
1.298189023504906503e+00
1.298202100981356910e+00
1.298092126381399813e+00
1.297860193493544534e+00
1.297507409803218659e+00
1.297034895694036294e+00
1.296443783662291072e+00
1.295735217545036733e+00
1.294910351762129208e+00
1.293970350572571038e+00
1.292916387345514062e+00
1.291749643846233253e+00
1.290471309537384759e+00
1.289082580895852814e+00
1.287584660745461074e+00
1.285978757605836797e+00
1.284266085057656159e+00
1.282447861124569766e+00
1.280525307671950941e+00
1.278499649822804507e+00
1.276372115390928208e+00
1.274143934331599004e+00
1.271816338209923680e+00
1.269390559687037845e+00
1.266867832024310969e+00
1.264249388605675595e+00
1.261536462478247689e+00
1.258730285911336289e+00
1.255832089973922816e+00
1.252843104130764385e+00
1.249764555857132420e+00
1.246597670272316050e+00
1.243343669791895367e+00
1.240003773798851849e+00
1.236579198333572327e+00
1.233071155802712093e+00
1.229480854706964665e+00
1.225809499387733315e+00
1.222058289792662622e+00
1.218228421260026062e+00
1.214321084321930089e+00
1.210337464526267892e+00
1.206278742277361093e+00
1.202146092695234536e+00
1.197940685493423363e+00
1.193663684875206243e+00
1.189316249448160390e+00
1.184899532156944657e+00
1.180414680234114666e+00
1.175862835168893561e+00
1.171245132693691904e+00
1.166562702788235040e+00
1.161816669701109861e+00
1.157008151988524691e+00
1.152138262570107541e+00
1.147208108801503368e+00
1.142218792563546970e+00
1.137171410326467402e+00
1.132067053437246340e+00
1.126906808007779759e+00
1.121691755274226932e+00
1.116422971563762134e+00
1.111101528718343001e+00
1.105728494131665629e+00
1.100304931001760966e+00
1.094831898557210526e+00
1.089310452297028053e+00
1.083741644243859437e+00
1.078126523210085619e+00
1.072466135076509453e+00
1.066761523083184393e+00
1.061013728132006895e+00
1.055223789100670384e+00
1.049392743167488762e+00
1.043521626146746595e+00
1.037611472834048199e+00
1.031663317361242838e+00
1.025678193560440654e+00
1.019657135336637266e+00
1.013601177048456092e+00
1.007511353896499484e+00
1.001388702318794843e+00
9.952342603927940567e-01
9.890490682434139869e-01
9.828341684565450320e-01
9.765906064974910761e-01
9.703194311337387523e-01
9.640216948615246695e-01
9.576984543355659962e-01
9.513507708013946296e-01
9.449797105296448008e-01
9.385863452517398953e-01
9.321717525962873729e-01
9.257370165255981442e-01
9.192832277716672662e-01
9.128114842709728061e-01
9.063228915974443911e-01
8.998185633929227656e-01
8.932996217944575434e-01
8.867671978577675862e-01
8.802224319761671190e-01
8.736664742943073270e-01
8.671004851159828108e-01
8.605256353053798435e-01
8.539431066810247994e-01
8.473540924017228804e-01
8.407597973438396544e-01
8.341614384691328210e-01
8.275602451825104788e-01
8.209574596789656065e-01
8.143543372789698864e-01
8.077521467516538545e-01
8.011521706250236408e-01
7.945557054825477250e-01
7.879640622453913945e-01
7.813785664395914710e-01
7.748005584475001761e-01
7.682313937427740491e-01
7.616724431082572133e-01
7.551250928360491166e-01
7.485907449090958288e-01
7.420708171636636319e-01
7.355667434319670406e-01
7.290799736643974738e-01
7.226119740306453654e-01
7.161642269991169707e-01
7.097382313940313603e-01
7.033355024295848690e-01
6.969575717206106802e-01
6.906059861398040622e-01
6.842823123435540777e-01
6.779881308293508324e-01
6.717250363119977585e-01
6.654946427899823824e-01
6.592985791187850886e-01
6.531384899246326370e-01
6.470160354078260401e-01
6.409328911179930088e-01
6.348907477575752578e-01
6.288913106733369229e-01
6.229362998846117438e-01
6.170274495165425366e-01
6.111665074292560451e-01
6.053552350443820451e-01
5.995954065732045368e-01
5.938888087824485407e-01
5.882372404451562398e-01
5.826425118174588524e-01
5.771064440843081123e-01
5.716308687740492278e-01
5.662176271417600493e-01
5.608685695213415645e-01
5.555855546463414063e-01
5.503704489395461197e-01
5.452251257714094690e-01
5.401514646874214787e-01
5.351513506045624258e-01
5.302266729769796738e-01
5.253793249311657920e-01
5.206112023708139303e-01
5.159242030516800748e-01
5.113202256267830315e-01
5.068011686622544421e-01
5.023689296242975777e-01
4.980254038376691339e-01
4.937724834161463239e-01
4.896120561655529779e-01
4.855460044598133296e-01
4.815762040907377028e-01
4.777045230920881069e-01
4.739328205386558190e-01
4.702629453210343535e-01
4.666967348968600326e-01
4.632360140193175768e-01
4.598825934437231755e-01
4.566382686130957547e-01
4.535048183235709796e-01
4.504840033706618563e-01
4.475775651773171715e-01
4.447872244048197699e-01
4.421146795475665581e-01
4.395616055128356292e-01
4.371296521866725460e-01
4.348204429870698995e-01
4.326355734055993274e-01
4.305766095387780767e-01
4.286450866104019597e-01
4.268425074861529889e-01
4.251703411817999712e-01
4.236300213663477532e-01
4.222229448615176794e-01
4.209504701389711889e-01
4.198139158167127349e-01
4.188145591561165393e-01
4.179536345610843084e-01
4.172323320808227209e-01
4.166517959177545860e-01
4.162131229421399681e-01
4.159173612149428267e-01
4.157655085205291812e-01
4.157585109107854171e-01
4.158972612622724441e-01
4.161825978480235833e-01
4.166153029256021156e-01
4.171961013430860454e-01
4.179256591645804653e-01
4.188045823169349591e-01
4.198334152592760882e-01
4.210126396770527135e-01
4.223426732022043106e-01
4.238238681610887459e-01
4.254565103518522240e-01
4.272408178528243061e-01
4.291769398635914001e-01
4.312649555803590995e-01
4.335048742332358040e-01
4.358966294772480543e-01
4.384400842777241847e-01
4.411350294038570707e-01
4.439811774036270808e-01
4.469781658862450602e-01
4.501255558826533498e-01
4.534228306402079411e-01
4.568693952179858631e-01
4.604645754503795541e-01
4.642076177079933474e-01
4.680976880317281319e-01
4.721338716599834395e-01
4.763151725424675798e-01
4.806405129098057505e-01
4.851087329001617099e-01
4.897185902439272209e-01
4.944687600076506095e-01
4.993578343981561196e-01
5.043843226278695857e-01
5.095466508423109886e-01
5.148431621105455935e-01
5.202721164795500730e-01
5.258316910931334354e-01
5.315199803761962993e-01
5.373349962849693906e-01
5.432746686238231204e-01
5.493368454291679415e-01
5.555192934209410849e-01
5.618196985220403894e-01
5.682356664461154505e-01
5.747647233539130429e-01
5.814043165784326117e-01
5.881518154190320535e-01
5.950045120045243108e-01
6.019596222253132956e-01
6.090142867344112698e-01
6.161655720173420114e-01
6.234104715305810451e-01
6.307459069083072301e-01
6.381687292371450715e-01
6.456757203983889415e-01
6.532635944772848813e-01
6.609289992387806789e-01
6.686685176690454480e-01
6.764786695821253248e-01
6.843559132908769715e-01
6.922966473413472155e-01
7.002972123096695700e-01
7.083538926604520114e-01
7.164629186655930848e-01
7.246204683823630477e-01
7.328226696895723258e-01
7.410656023804940151e-01
7.493453003111987254e-01
7.576577536029139859e-01
7.659989108968813243e-01
7.743646816601683636e-01
7.827509385408416565e-01
7.911535197708002842e-01
7.995682316145334978e-01
8.079908508620168295e-01
8.164171273638821669e-01
8.248427866069445447e-01
8.332635323281289974e-01
8.416750491647821963e-01
8.500730053392422381e-01
8.584530553756931637e-01
8.668108428469235571e-01
8.751420031489647311e-01
8.834421663012761439e-01
8.917069597701596795e-01
8.999320113131379362e-01
9.081129518418600277e-01
9.162454183011894404e-01
9.243250565620121373e-01
9.323475243252740130e-01
9.403084940348483967e-01
9.482036557966255774e-01
9.560287203013564383e-01
9.637794217486677084e-01
9.714515207696992061e-01
9.790408073457935734e-01
9.865431037206258136e-01
9.939542673032002451e-01
1.001270193559101518e+00
1.008486818334164203e+00
1.015600123515648434e+00
1.022606134198961625e+00
1.029500927252340547e+00
1.036280631169689048e+00
1.042941429550748422e+00
1.049479563648940461e+00
1.055891335202874259e+00
1.062173109073525801e+00
1.068321315876289646e+00
1.074332454573188267e+00
1.080203095022928661e+00
1.085929880486300680e+00
1.091509530084616486e+00
1.096938841208865423e+00
1.102214691877277053e+00
1.107334043039087002e+00
1.112293940822295157e+00
1.117091518723283050e+00
1.121723999736183641e+00
1.126188698419981371e+00
1.130483022901358492e+00
1.134604476811345242e+00
1.138550661153931109e+00
1.142319276104811321e+00
1.145908122738575674e+00
1.149315104682594679e+00
1.152538229696083327e+00
1.155575611172742434e+00
1.158425469565564470e+00
1.161086133732385894e+00
1.163556042200903473e+00
1.165833744351894685e+00
1.167917901519508694e+00
1.169807288007537638e+00
1.171500792020690795e+00
1.172997416509941493e+00
1.174296279931143605e+00
1.175396616916141168e+00
1.176297778855751819e+00
1.176999234394023652e+00
1.177500569833284549e+00
1.177801489449609385e+00
1.177901815718361833e+00
1.177801489449609162e+00
1.177500569833284549e+00
1.176999234394022764e+00
1.176297778855751819e+00
1.175396616916141390e+00
1.174296279931143605e+00
1.172997416509942603e+00
1.171500792020691017e+00
1.169807288007537860e+00
1.167917901519508472e+00
1.165833744351893353e+00
1.163556042200901697e+00
1.161086133732384784e+00
1.158425469565563359e+00
1.155575611172741990e+00
1.152538229696083993e+00
1.149315104682594235e+00
1.145908122738575230e+00
1.142319276104811099e+00
1.138550661153930221e+00
1.134604476811345020e+00
1.130483022901357604e+00
1.126188698419981371e+00
1.121723999736180533e+00
1.117091518723282606e+00
1.112293940822294935e+00
1.107334043039086779e+00
1.102214691877278385e+00
1.096938841208866977e+00
1.091509530084617818e+00
1.085929880486297794e+00
1.080203095022925774e+00
1.074332454573185380e+00
1.068321315876287425e+00
1.062173109073527799e+00
1.055891335202875370e+00
1.049479563648942015e+00
1.042941429550750199e+00
1.036280631169689936e+00
1.029500927252343434e+00
1.022606134198957628e+00
1.015600123515645548e+00
1.008486818334160651e+00
1.001270193559098853e+00
9.939542673032019104e-01
9.865431037206225939e-01
9.790408073457943505e-01
9.714515207696989840e-01
9.637794217486673753e-01
9.560287203013602131e-01
9.482036557966279089e-01
9.403084940348493959e-01
9.323475243252736799e-01
9.243250565620081405e-01
9.162454183011877751e-01
9.081129518418549207e-01
8.999320113131343835e-01
8.917069597701590133e-01
8.834421663012802517e-01
8.751420031489692830e-01
8.668108428469230020e-01
8.584530553756938298e-01
8.500730053392415719e-01
8.416750491647773114e-01
8.332635323281302187e-01
8.248427866069429903e-01
8.164171273638792803e-01
8.079908508620122776e-01
7.995682316145288349e-01
7.911535197707986189e-01
7.827509385408436549e-01
7.743646816601709171e-01
7.659989108968843219e-01
7.576577536029157622e-01
7.493453003111996136e-01
7.410656023804895742e-01
7.328226696895685510e-01
7.246204683823592729e-01
7.164629186655884219e-01
7.083538926604515673e-01
7.002972123096712354e-01
6.922966473413496580e-01
6.843559132908783038e-01
6.764786695821276563e-01
6.686685176690421173e-01
6.609289992387766821e-01
6.532635944772809955e-01
6.456757203983832794e-01
6.381687292371437392e-01
6.307459069083086733e-01
6.234104715305842648e-01
6.161655720173411233e-01
6.090142867344093824e-01
6.019596222253115192e-01
5.950045120045290847e-01
5.881518154190306102e-01
5.814043165784312794e-01
5.747647233539081579e-01
5.682356664461130080e-01
5.618196985220367257e-01
5.555192934209354227e-01
5.493368454291666092e-01
5.432746686238233425e-01
5.373349962849724992e-01
5.315199803762012953e-01
5.258316910931319921e-01
5.202721164795488518e-01
5.148431621105428180e-01
5.095466508423066587e-01
5.043843226278699188e-01
4.993578343981517897e-01
4.944687600076482226e-01
4.897185902439250560e-01
4.851087329001608772e-01
4.806405129098118012e-01
4.763151725424689120e-01
4.721338716599867702e-01
4.680976880317313515e-01
4.642076177079955679e-01
4.604645754503803312e-01
4.568693952179851414e-01
4.534228306402061648e-01
4.501255558826504077e-01
4.469781658862426177e-01
4.439811774036291903e-01
4.411350294038607345e-01
4.384400842777259610e-01
4.358966294772508299e-01
4.335048742332360816e-01
4.312649555803571566e-01
4.291769398635881805e-01
4.272408178528217526e-01
4.254565103518525016e-01
4.238238681610884684e-01
4.223426732022019237e-01
4.210126396770538793e-01
4.198334152592757551e-01
4.188045823169345150e-01
4.179256591645824637e-01
4.171961013430850462e-01
4.166153029256022267e-01
4.161825978480208077e-01
4.158972612622716669e-01
4.157585109107844734e-01
4.157655085205269607e-01
4.159173612149451582e-01
4.162131229421404677e-01
4.166517959177553632e-01
4.172323320808239977e-01
4.179536345610870285e-01
4.188145591561151515e-01
4.198139158167111251e-01
4.209504701389711334e-01
4.222229448615157366e-01
4.236300213663480307e-01
4.251703411817988609e-01
4.268425074861521007e-01
4.286450866104034585e-01
4.305766095387804082e-01
4.326355734056008262e-01
4.348204429870716758e-01
4.371296521866736562e-01
4.395616055128345190e-01
4.421146795475665026e-01
4.447872244048202139e-01
4.475775651773166719e-01
4.504840033706591917e-01
4.535048183235715347e-01
4.566382686130970869e-01
4.598825934437237306e-01
4.632360140193172438e-01
4.666967348968619200e-01
4.702629453210358523e-01
4.739328205386566517e-01
4.777045230920889396e-01
4.815762040907370367e-01
4.855460044598129965e-01
4.896120561655533110e-01
4.937724834161474896e-01
4.980254038376675796e-01
5.023689296242987989e-01
5.068011686622546641e-01
5.113202256267858070e-01
5.159242030516811850e-01
5.206112023708133751e-01
5.253793249311676794e-01
5.302266729769804510e-01
5.351513506045624258e-01
5.401514646874218117e-01
5.452251257714073596e-01
5.503704489395471189e-01
5.555855546463426275e-01
5.608685695213424527e-01
5.662176271417609374e-01
5.716308687740492278e-01
5.771064440843092225e-01
5.826425118174589635e-01
5.882372404451569059e-01
5.938888087824498729e-01
5.995954065732035376e-01
6.053552350443829333e-01
6.111665074292568223e-01
6.170274495165433137e-01
6.229362998846130761e-01
6.288913106733382552e-01
6.348907477575763680e-01
6.409328911179941191e-01
6.470160354078274834e-01
6.531384899246334141e-01
6.592985791187844224e-01
6.654946427899833816e-01
6.717250363119972034e-01
6.779881308293512765e-01
6.842823123435546329e-01
6.906059861398033961e-01
6.969575717206113463e-01
7.033355024295849800e-01
7.097382313940314713e-01
7.161642269991179699e-01
7.226119740306442552e-01
7.290799736643995832e-01
7.355667434319673736e-01
7.420708171636658523e-01
7.485907449090973831e-01
7.551250928360464520e-01
7.616724431082577684e-01
7.682313937427747152e-01
7.748005584475013974e-01
7.813785664395940245e-01
7.879640622453908394e-01
7.945557054825483911e-01
8.011521706250246400e-01
8.077521467516550757e-01
8.143543372789716628e-01
8.209574596789652734e-01
8.275602451825117001e-01
8.341614384691333761e-01
8.407597973438416528e-01
8.473540924017244347e-01
8.539431066810234672e-01
8.605256353053811758e-01
8.671004851159833660e-01
8.736664742943086592e-01
8.802224319761685623e-01
8.867671978577664760e-01
8.932996217944579875e-01
8.998185633929235427e-01
9.063228915974457234e-01
9.128114842709740273e-01
9.192832277716668221e-01
9.257370165255986993e-01
9.321717525962885942e-01
9.385863452517406724e-01
9.449797105296462441e-01
9.513507708013939634e-01
9.576984543355677726e-01
9.640216948615242254e-01
9.703194311337387523e-01
9.765906064974909651e-01
9.828341684565449210e-01
9.890490682434136538e-01
9.952342603927946119e-01
1.001388702318795731e+00
1.007511353896500150e+00
1.013601177048454760e+00
1.019657135336636822e+00
1.025678193560440654e+00
1.031663317361244614e+00
1.037611472834047088e+00
1.043521626146745040e+00
1.049392743167489428e+00
1.055223789100669940e+00
1.061013728132008005e+00
1.066761523083182395e+00
1.072466135076508564e+00
1.078126523210086951e+00
1.083741644243860103e+00
1.089310452297029608e+00
1.094831898557208749e+00
1.100304931001760078e+00
1.105728494131665407e+00
1.111101528718342779e+00
1.116422971563763022e+00
1.121691755274226265e+00
1.126906808007779315e+00
1.132067053437247672e+00
1.137171410326468290e+00
1.142218792563546748e+00
1.147208108801502702e+00
1.152138262570106875e+00
1.157008151988524469e+00
1.161816669701110083e+00
1.166562702788235040e+00
1.171245132693690127e+00
1.175862835168892673e+00
1.180414680234114888e+00
1.184899532156946877e+00
1.189316249448162388e+00
1.193663684875207132e+00
1.197940685493424029e+00
1.202146092695233870e+00
1.206278742277359761e+00
1.210337464526267004e+00
1.214321084321929867e+00
1.218228421260024508e+00
1.222058289792662844e+00
1.225809499387733537e+00
1.229480854706965776e+00
1.233071155802711427e+00
1.236579198333572105e+00
1.240003773798852738e+00
1.243343669791893147e+00
1.246597670272315606e+00
1.249764555857129977e+00
1.252843104130763052e+00
1.255832089973922816e+00
1.258730285911335844e+00
1.261536462478248577e+00
1.264249388605675151e+00
1.266867832024311191e+00
1.269390559687039399e+00
1.271816338209924790e+00
1.274143934331599670e+00
1.276372115390926876e+00
1.278499649822802953e+00
1.280525307671950497e+00
1.282447861124570210e+00
1.284266085057658380e+00
1.285978757605835909e+00
1.287584660745462406e+00
1.289082580895852592e+00
1.290471309537385425e+00
1.291749643846232365e+00
1.292916387345513396e+00
1.293970350572572148e+00
1.294910351762129208e+00
1.295735217545037399e+00
1.296443783662291072e+00
1.297034895694036294e+00
1.297507409803219325e+00
1.297860193493544978e+00
1.298092126381400702e+00
1.298202100981357798e+00
1.298189023504908057e+00
1.298051814671979054e+00
1.297789410534902377e+00
1.297400763314341177e+00
1.296884842246776248e+00
1.296240634443108775e+00
1.295467145757876803e+00
1.294563401668662017e+00
1.293528448165162548e+00
1.292361352647405814e+00
1.291061204832654408e+00
1.289627117670390621e+00
1.288058228264886251e+00
1.286353698804779011e+00
1.284512717499076473e+00
1.282534499519022209e+00
1.280418287945188638e+00
1.278163354719214606e+00
1.275769001599546204e+00
1.273234561120522024e+00
1.270559397554190006e+00
1.267742907874147562e+00
1.264784522720743265e+00
1.261683707406845878e+00
1.258439962724522410e+00
1.255052826148165934e+00
1.251521872599032026e+00
1.247846715609278956e+00
1.244027008035809345e+00
1.240062443177665896e+00
1.235952755685560955e+00
1.231697722506705617e+00
1.227297163823519721e+00
1.222750943985475125e+00
1.218058972433177622e+00
1.213221204613933457e+00
1.208237642887930008e+00
1.203108337424170227e+00
1.197833387085379009e+00
1.192412940300930257e+00
1.186847195927029031e+00
1.181136402581405065e+00
1.175280865469751523e+00
1.169280939906417682e+00
1.163137031588511672e+00
1.156849605463851072e+00
1.150419180185674017e+00
1.143846330422917834e+00
1.137131687586161455e+00
1.130275940532730949e+00
1.123279836250143493e+00
1.116144180516838169e+00
1.108869838539420893e+00
1.101457735565432472e+00
1.093908857470736073e+00
1.086224251320695000e+00
1.078405025904115799e+00
1.070452352239182225e+00
1.062367464050403942e+00
1.054151658215690457e+00
1.045806295182746037e+00
1.037332799353793744e+00
1.028732659437862962e+00
1.020007428769706515e+00
1.011158725594532015e+00
1.002188233317696131e+00
9.930977007185148864e-01
9.838889421274132907e-01
9.745638375655576446e-01
9.651243328462005833e-01
9.555724396369758011e-01
9.459102354823361036e-01
9.361398637854485560e-01
9.262635337487687970e-01
9.162835202725847505e-01
9.062021638108945787e-01
8.960218701838653654e-01
8.857451103462967712e-01
8.753744201114292967e-01
8.649123998294747651e-01
8.543617140203361160e-01
8.437250909599313120e-01
8.330053222195794582e-01
8.222052621580180354e-01
8.113278273654589423e-01
8.003759960593799239e-01
7.893528074315219190e-01
7.782613609457655901e-01
7.671048155865584084e-01
7.558863890574820665e-01
7.446093569298015691e-01
7.332770517406492772e-01
7.218928620406527275e-01
7.104602313908953137e-01
6.989826573089417128e-01
6.874636901639682440e-01
6.759069320208224152e-01
6.643160354330720496e-01
6.526947021850015851e-01
6.410466819826343698e-01
6.293757710939269501e-01
6.176858109381958561e-01
6.059806866250438961e-01
5.942643254429815780e-01
5.825406952979979014e-01
5.708138030666684015e-01
5.590876931147448214e-01
5.473664451951312238e-01
5.356541732211465012e-01
5.239550229357708977e-01
5.122731704403064024e-01
5.006128201214697926e-01
4.889782027399940390e-01
4.773735734391850727e-01
4.658032097088192769e-01
4.542714093052148128e-01
4.427824881282552694e-01
4.313407780563531246e-01
4.199506247402651771e-01
4.086163853567273962e-01
3.973424263230611597e-01
3.861331209737434156e-01
3.749928472001860524e-01
3.639259850548759445e-01
3.529369143211286142e-01
3.420300120497963836e-01
3.312096500642399688e-01
3.204801933961455851e-01
3.098459938876911846e-01
2.993113924107420609e-01
2.888807162694375652e-01
2.785582717527430585e-01
2.683483453298149413e-01
2.582552000126745462e-01
2.482830726617893946e-01
2.384361712742711914e-01
2.287186722564380492e-01
2.191347176825973186e-01
2.096884125419796185e-01
2.003838219757038130e-01
1.912249685058039772e-01
1.822158292582782280e-01
1.733603331822233806e-01
1.646623582671594976e-01
1.561257287605933297e-01
1.477542123880510871e-01
1.395515175776793626e-01
1.315212906916558289e-01
1.236671132666666700e-01
1.159924992656167775e-01
1.085008923429814087e-01
1.011956631259829653e-01
9.408010651399929813e-02
8.715743899850907084e-02
8.043079600591693246e-02
7.390322926568365647e-02
6.757770420608948114e-02
6.145709738006664702e-02
5.554419392347902801e-02
4.984168504827577589e-02
4.435216557291733058e-02
3.907813149250065343e-02
3.402197759099873098e-02
2.918599509801186181e-02
2.457236939244819562e-02
2.018317775553309448e-02
1.602038717552618091e-02
1.208585220652402467e-02
8.381312883717118717e-03
4.908392697427165635e-03
1.668596628265683890e-03
-1.336690754306441714e-03
-4.106207127727148909e-03
-6.638814184150189715e-03
-8.933499328125473968e-03
-1.098937730193668208e-02
-1.280569173647204753e-02
-1.438181662550681340e-02
-1.571725772133139576e-02
-1.681165384970602361e-02
-1.766477814215600128e-02
-1.827653918368380564e-02
-1.864698207401560559e-02
-1.877628940055748805e-02
-1.866478212129641864e-02
-1.831292035592933798e-02
-1.772130408357745768e-02
-1.689067374040359795e-02
-1.582191074703806141e-02
-1.451603788363202766e-02
-1.297421962425702145e-02
-1.119776232813045856e-02
-9.188114363685460917e-03
-6.946866099160946273e-03
-4.475749805123788172e-03
-1.776639448502034119e-03
1.148449619406889666e-03
4.297361081778302422e-03
7.667798182678198932e-03
1.125732436172246879e-02
1.506336399750977245e-02
1.908320326031115455e-02
2.331399107437813478e-02
2.775274019012241578e-02
3.239632836639095431e-02
3.724149966285320024e-02
4.228486584252214020e-02
4.752290788426753732e-02
5.295197760508147528e-02
5.856829939180380196e-02
6.436797204183067334e-02
7.034697071229643883e-02
7.650114897707252504e-02
8.282624155063755822e-02
8.931786375935653333e-02
9.597151951502889966e-02
1.027825981965874991e-01
1.097463800318268790e-01
1.168580382220320707e-01
1.241126417267577470e-01
1.315051581474118436e-01
1.390304567080893061e-01
1.466833113319053472e-01
1.544584038110411450e-01
1.623503270685696664e-01
1.703535885100365688e-01
1.784626134626899341e-01
1.866717487000905673e-01
1.949752660498365597e-01
2.033673660819182161e-01
2.118421818752070362e-01
2.203937828594651760e-01
2.290161787301534801e-01
2.377033234332079359e-01
2.464491192169571410e-01
2.552474207481150725e-01
2.640920392888328472e-01
2.729767469316474182e-01
2.818952808890679562e-01
2.908413478345236447e-01
2.998086282912522660e-01
3.087907810656930763e-01
3.177814477218283695e-01
3.267742570928908741e-01
3.357628298267656963e-01
3.447407829613647889e-01
3.537017345261939671e-01
3.626393081662757645e-01
3.715471377845206424e-01
3.804188721986681565e-01
3.892481798087450984e-01
3.980287532710800047e-01
4.067543141748158342e-01
4.154186177167801253e-01
4.240154573706995667e-01
4.325386695465198716e-01
4.409821382357334008e-01
4.493397996385463666e-01
4.576056467686403506e-01
4.657737340314301311e-01
4.738381817715353606e-01
4.817931807853303439e-01
4.896329967943696682e-01
4.973519748754868797e-01
5.049445438434598810e-01
5.124052205820475159e-01
5.197286143193022845e-01
5.269094308430708473e-01
5.339424766526104094e-01
5.408226630759912501e-01
5.475450101463612551e-01
5.541046507425677614e-01
5.604968342776297519e-01
5.667169306301020892e-01
5.727604336417824182e-01
5.786229648384865198e-01
5.843002768981332418e-01
5.897882570524122237e-01
5.950829303867825049e-01
6.001804630353474446e-01
6.050771652673130330e-01
6.097694944617852997e-01
6.142540579677508994e-01
6.185276158462065244e-01
6.225870834914913887e-01
6.264295341289684016e-01
6.300522011863234351e-01
6.334524805358743293e-01
6.366279326053371213e-01
6.395762843547112553e-01
6.422954311169666308e-01
6.447834383004086289e-01
6.470385429507002906e-01
6.490591551706301754e-01
6.508438593958878471e-01
6.523914155252263924e-01
6.537007599034895255e-01
6.547710061562065365e-01
6.556014458745096363e-01
6.561915477092723492e-01
6.565409649539308834e-01
6.566495213740863868e-01
6.565172256851585786e-01
6.561442642757112642e-01
6.555310024172895655e-01
6.546779838802100349e-01
6.535859303953421851e-01
6.522557409620219904e-01
6.506884910023952306e-01
6.488854313626242210e-01
6.468479871615711030e-01
6.445777564877126498e-01
6.420765089452015184e-01
6.393461840501114546e-01
6.363888894781225547e-01
6.332068991649995038e-01
6.298026512613610350e-01
6.261787459434602354e-01
6.223379430817608249e-01
6.182831597692880488e-01
6.140174677118748203e-01
6.095440904825665251e-01
6.048664006425633621e-01
5.999879167312730521e-01
5.949123001281372281e-01
5.896433517890520282e-01
5.841850088603206537e-01
5.785413411732391875e-01
5.727165476225117846e-01
5.667149524317860454e-01
5.605410013098417465e-01
5.541992575009178079e-01
5.476943977329047364e-01
5.410312080671806356e-01
5.342145796539837788e-01
5.272495043973248752e-01
5.201410705335378637e-01
5.128944581276477788e-01
5.055149344918686838e-01
4.980078495305272357e-01
4.903786310159420347e-01
4.826327797997175262e-01
4.747758649640656525e-01
4.668135189178286293e-01
4.587514324418496825e-01
4.505953496885913845e-01
4.423510631406952776e-01
4.340244085334323265e-01
4.256212597459480551e-01
4.171475236661906227e-01
4.086091349976367915e-01
4.000120512369984005e-01
3.913622472609483149e-01
3.826657102913468833e-01
3.739284346906928680e-01
3.651564166665436373e-01
3.563556492589906588e-01
3.475321170623852929e-01
3.386917911085184363e-01
3.298406237446436240e-01
3.209845435404170555e-01
3.121294502286436900e-01
3.032812096847501970e-01
2.944456489498673557e-01
2.856285513022797651e-01
2.768356513820846576e-01
2.680726303737035465e-01
2.593451112509206347e-01
2.506586540890153314e-01
2.420187514484868629e-01
2.334308238348074827e-01
2.249002152385385367e-01
2.164321887600594851e-01
2.080319223231035797e-01
1.997045044810993597e-01
1.914549303203711139e-01
1.832880974639848337e-01
1.752088021800301820e-01
1.672217355979596642e-01
1.593314800365041306e-01
1.515425054465671384e-01
1.438591659723669203e-01
1.362856966339629494e-01
1.288262101342038113e-01
1.214846944343282303e-01
1.142650072169088954e-01
1.071708764680160686e-01
1.002058974525535107e-01
9.337352733304184194e-02
8.667708516577804501e-02
8.011974904539342912e-02
7.370455399857128720e-02
6.743439002283441175e-02
6.131200027195887747e-02
5.533997938938393230e-02
4.952077199085833104e-02
4.385667129737975956e-02
3.834981791930634765e-02
3.300219879242377585e-02
2.781564626650491479e-02
2.279183734679283285e-02
1.793229308865933874e-02
1.323837814551447056e-02
8.711300469913842159e-03
4.352111167590197449e-03
1.617045040475523221e-04
-3.859181936865921370e-03
-7.709966943120823146e-03
-1.139022521428530166e-02
-1.489968675194962289e-02
-1.823823610200920459e-02
-2.140591145012531171e-02
-2.440290357188851234e-02
-2.722955463930514658e-02
-2.988635688544475505e-02
-3.237395112914825263e-02
-3.469312516191048329e-02
-3.684481199915269622e-02
-3.883008799824304302e-02
-4.065017084578342876e-02
-4.230641741675229828e-02
-4.380032150830251436e-02
-4.513351145106252876e-02
-4.630774760095092424e-02
-4.732491971462830099e-02
-4.818704421179816066e-02
-4.889626132771532352e-02
-4.945483215933314802e-02
-4.986513560862759764e-02
-5.012966522675428582e-02
-5.025102596275074496e-02
-5.023193082061610387e-02
-5.007519742299595261e-02
-4.978374452075913503e-02
-4.936058836088621365e-02
-4.880883904539230767e-02
-4.813169677460608920e-02
-4.733244805361240537e-02
-4.641446181013815508e-02
-4.538118546799538994e-02
-4.423614096332430939e-02
-4.298292071111512597e-02
-4.162518352646889241e-02
-4.016665050508858026e-02
-3.861110086749070663e-02
-3.696236777147369340e-02
-3.522433409736936555e-02
-3.340092821061641654e-02
-3.149611970621844087e-02
-2.951391513958904339e-02
-2.745835374836345238e-02
-2.533350316964690097e-02
-2.314345515722594782e-02
-2.089232130322294517e-02
-1.858422876860740813e-02
-1.622331602701888864e-02
-1.381372862624282230e-02
-1.135961497168433768e-02
-8.865122136130441574e-03
-6.334391700013795173e-03
-3.771555626372248993e-03
-1.180732174602891048e-03
1.433978142942165298e-03
4.068496557517745082e-03
6.718769989840296837e-03
9.380774941370642606e-03
1.205052132731046673e-02
1.472405624763735259e-02
1.739746769261000733e-02
2.006688817928152513e-02
2.272849865238787959e-02
2.537853062870644438e-02
2.801327127571988027e-02
3.062906676891104241e-02
3.322232382118189137e-02
3.578951419982191740e-02
3.832717745141264037e-02
4.083192387338781260e-02
4.330043738997525760e-02
4.572947833018143476e-02
4.811588610551109646e-02
5.045658178533023175e-02
5.274857056783062437e-02
5.498894414470820169e-02
5.717488295783346164e-02
5.930365834623797794e-02
6.137263458197233373e-02
6.337927079343100289e-02
6.532112277493337671e-02
6.719584468146116984e-02
6.900119060756718103e-02
7.073501604965540257e-02
7.239527925089628280e-02
7.398004242824011978e-02
7.548747288107451880e-02
7.691584398122826294e-02
7.826353604416842746e-02
7.952903708132000316e-02
8.071094343363020840e-02
8.180796028658407493e-02
8.281890206699880908e-02
8.374269272212456205e-02
8.457836588159024782e-02
8.532506490295434232e-02
8.598204280170046454e-02
8.654866206662077677e-02
8.702439436170983367e-02
8.740882011571371457e-02
8.770162800069403186e-02
8.790261430099555184e-02
8.801168217416049933e-02
8.802884080544494394e-02
8.795420445762516803e-02
8.778799141799546735e-02
8.753052285157415791e-02
8.718222151837411171e-02
8.674361047095197064e-02
8.621531157498875386e-02
8.559804399353952709e-02
8.489262254053672740e-02
8.409995598238792502e-02
8.322104523543208399e-02
8.225698148529579645e-02
8.120894422668648027e-02
8.007819922631322085e-02
7.886609641180503116e-02
7.757406768940407205e-02
7.620362469339730938e-02
7.475635647024489461e-02
7.323392710036172315e-02
7.163807326068453996e-02
6.997060173100744240e-02
6.823338684730725912e-02
6.642836790513784173e-02
6.455754651631843977e-02
6.262298392207463205e-02
6.062679826591874793e-02
5.857116182941832228e-02
5.645829823420640131e-02
5.429047961339306116e-02
5.207002375569517311e-02
4.979929122556620014e-02
4.748068246249943780e-02
4.511663486287555841e-02
4.270961984750123314e-02
4.026213991810852211e-02
3.777672570604040381e-02
3.525593301627983484e-02
3.270233987002722081e-02
3.011854354894734700e-02
2.750715764417625483e-02
2.487080911324415777e-02
2.221213534783293350e-02
1.953378125549036851e-02
1.683839635818978539e-02
1.412863191064459185e-02
1.140713804136338043e-02
8.676560918776799261e-03
5.939539946459934487e-03
3.198704988121118045e-03
4.566736270188100251e-04
-2.283951538813196094e-03
-5.020585562614459513e-03
-7.750663773818937397e-03
-1.047164435944210326e-02
-1.318101089964734615e-02
-1.587627485520443776e-02
-1.855497800470559330e-02
-2.121469482937387782e-02
-2.385303484352997716e-02
-2.646764486866158561e-02
-2.905621124930454768e-02
-3.161646200893893782e-02
-3.414616894411857256e-02
-3.664314965531838969e-02
-3.910526951284283570e-02
-4.153044355642464269e-02
-4.391663832708472825e-02
-4.626187362998240155e-02
-4.856422422705053421e-02
-5.082182145826857900e-02
-5.303285479059156871e-02
-5.519557329355705838e-02
-5.730828704067304769e-02
-5.936936843591091029e-02
-6.137725346449392216e-02
-6.333044286749049678e-02
-6.522750323961473695e-02
-6.706706804984907677e-02
-6.884783858452730998e-02
-7.056858481261575611e-02
-7.222814617301764883e-02
-7.382543228382369704e-02
-7.535942357344048437e-02
-7.682917183374893266e-02
-7.823380069536783887e-02
-7.957250602146853646e-02
-8.084455624149451680e-02
-8.204929257718508728e-02
-8.318612922830120882e-02
-8.425455342650262081e-02
-8.525412550088690145e-02
-8.618447878731924638e-02
-8.704531950278115993e-02
-8.783642653920521737e-02
-8.855765118505351530e-02
-8.920891677559231181e-02
-8.979021827291686075e-02
-9.030162177671796631e-02
-9.074326396699231023e-02
-9.111535147985287686e-02
-9.141816021765053479e-02
-9.165203459477384851e-02
-9.181738672040617999e-02
-9.191469551965818219e-02
-9.194450579455490380e-02
-9.190742722629426098e-02
-9.180413332039402685e-02
-9.163536029622744439e-02
-9.140190592260699631e-02
-9.110462830105663101e-02
-9.074444459843514221e-02
-9.032232973066807447e-02
-8.983931499930537801e-02
-8.929648668268842793e-02
-8.869498458354632686e-02
-8.803600053481583365e-02
-8.732077686557852825e-02
-8.655060482894014195e-02
-8.572682299376860326e-02
-8.485081560218511731e-02
-8.392401089471172859e-02
-8.294787940502693080e-02
-8.192393222624530513e-02
-8.085371925066896226e-02
-7.973882738497399536e-02
-7.858087874275529461e-02
-7.738152881641943703e-02
-7.614246463034599066e-02
-7.486540287728567222e-02
-7.355208803993884548e-02
-7.220429081506087032e-02
-7.082380495984595681e-02
-6.941244690611779455e-02
-6.797205394514121979e-02
-6.650448062364838764e-02
-6.501159813013737687e-02
-6.349529204065064436e-02
-6.195746039066376415e-02
-6.040001174914468030e-02
-5.882486329662665880e-02
-5.723393890902452041e-02
-5.562916724899805848e-02
-5.401247986656631389e-02
-5.238580931067783608e-02
-5.075108725343326771e-02
-4.911024262857370537e-02
-4.746519978587736971e-02
-4.581787666304089346e-02
-4.417018297657673842e-02
-4.252401843328750680e-02
-4.088127096374297165e-02
-3.924381497924909340e-02
-3.761350965370597460e-02
-3.599219723170709456e-02
-3.438170136425171969e-02
-3.278382547332529817e-02
-3.120035114662431802e-02
-2.963303656364420918e-02
-2.808361495427440929e-02
-2.655379309107771049e-02
-2.504524981629635896e-02
-2.355963460466091106e-02
-2.209856616300887033e-02
-2.066363106764415591e-02
-1.925638244039820993e-02
-1.787833866422395765e-02
-1.653098213918386197e-02
-1.521575808324320163e-02
-1.393407335687190350e-02
-1.268729536623577382e-02
-1.147675097017614165e-02
-1.030372546757725438e-02
-9.169461587986352594e-03
-8.075158564868232733e-03
-7.021971235474973837e-03
-6.011009190320292829e-03
-5.043335968916163800e-03
-4.119968302097256826e-03
-3.241875401244652052e-03
-2.409978294663652539e-03
-1.625149211332891069e-03
-8.882110121945900345e-04
-1.999366691278119199e-04
4.389512083199332768e-04
1.027780798380219414e-03
1.565931444688859961e-03
2.052833986117508832e-03
2.487971038883702527e-03
2.870877231047680965e-03
3.201139389544662133e-03
3.478396679940076383e-03
3.702340699127387637e-03
3.872715521230694121e-03
3.989317697007435312e-03
4.051996207079028821e-03
4.060652369358539945e-03
4.015239701070512715e-03
3.915763735796723086e-03
3.762281796011747101e-03
3.554902721602941872e-03
3.293786554903188005e-03
2.979144182790614652e-03
2.611236936443968662e-03
2.190376149362735243e-03
1.716922674301736475e-03
1.191286359779649383e-03
6.139254868633621000e-04
-1.465383305559835037e-05
-6.938982987473112617e-04
-1.423208097125444865e-03
-2.201937617930973048e-03
-3.029396204314731104e-03
-3.904848938468191873e-03
-4.827517461472065341e-03
-5.796580826464372595e-03
-6.811176384256678942e-03
-7.870400829502310208e-03
-8.973310645813477315e-03
-1.011892366103785829e-02
-1.130622018784240533e-02
-1.253414327800739074e-02
-1.380160036633644796e-02
-1.510746421453447105e-02
-1.645057402230881011e-02
-1.782973656216738784e-02
-1.924372733691855075e-02
-2.069129175881720059e-02
-2.217114634928993300e-02
-2.368197995822221569e-02
-2.522245500169274096e-02
-2.679120871712951935e-02
-2.838685443477563519e-02
-3.000798286440085200e-02
-3.165316339617052499e-02
-3.332094541456742665e-02
-3.500985962429505743e-02
-3.671841938706172509e-02
-3.844512206812116667e-02
-4.018845039152760257e-02
-4.194687380294609413e-02
-4.371884983897569160e-02
-4.550282550185270891e-02
-4.729723863846217041e-02
-4.910051932255542206e-02
-5.091109123909737244e-02
-5.272737306964399295e-02
-5.454777987770036141e-02
-5.637072449294017185e-02
-5.819461890191462983e-02
-6.001787559309769426e-02
-6.183890898082827769e-02
-6.365613674236131336e-02
-6.546798117673005568e-02
-6.727287060638589833e-02
-6.906924065588125605e-02
-7.085553563410935951e-02
-7.263020985037030308e-02
-7.439172892996695485e-02
-7.613857111740249262e-02
-7.786922856618014310e-02
-7.958220861425151227e-02
-8.127603504419503300e-02
-8.294924932714901888e-02
-8.460041184963588978e-02
-8.622810312231973806e-02
-8.783092496985706044e-02
-8.940750170093036964e-02
-9.095648125762774427e-02
-9.247653634331200190e-02
-9.396636552816617360e-02
-9.542469433158436154e-02
-9.685027628064267480e-02
-9.824189394384633123e-02
-9.959835993941087984e-02
-1.009185179173324454e-01
-1.022012435145237680e-01
-1.034454452823157233e-01
-1.046500655856339168e-01
-1.058140814732024398e-01
-1.069365055180972329e-01
-1.080163866280656332e-01
-1.090528108249745609e-01
-1.100449019928222139e-01
-1.109918225937427672e-01
-1.118927743514676054e-01
-1.127469989017265278e-01
-1.135537784090817071e-01
-1.143124361497344504e-01
-1.150223370598401351e-01
-1.156828882489096266e-01
-1.162935394778900761e-01
-1.168537836015483000e-01
-1.173631569747809050e-01
-1.178212398225427365e-01
-1.182276565730594059e-01
-1.185820761540573032e-01
-1.188842122517361349e-01
-1.191338235322583483e-01
-1.193307138255367272e-01
-1.194747322711444126e-01
-1.195657734261775240e-01
-1.196037773349461208e-01
-1.195887289208840271e-01
-1.195206611770575633e-01
-1.193996487258492251e-01
-1.192258141300674285e-01
-1.189993245731942595e-01
-1.187203923381808801e-01
-1.183892746083624187e-01
-1.180062732300916212e-01
-1.175717344371748491e-01
-1.170860485372578474e-01
-1.165496495603193794e-01
-1.159630148694540536e-01
-1.153266647341771450e-01
-1.146411618664752163e-01
-1.139071109198857706e-01
-1.131251579519116229e-01
-1.122959898500715259e-01
-1.114203337219766138e-01
-1.104989562497866312e-01
-1.095326630094658332e-01
-1.085222977552897095e-01
-1.074687416700331188e-01
-1.063729125813808601e-01
-1.052357641450362147e-01
-1.040582849951018352e-01
-1.028414978623043430e-01
-1.015864586606499559e-01
-1.002942555431674959e-01
-9.896600791742135583e-02
-9.760286548106465732e-02
-9.620600712945948096e-02
-9.477663994402110714e-02
-9.331599805360893396e-02
-9.182534157975234812e-02
-9.030595545547723257e-02
-8.875914826947237102e-02
-8.718625107610221414e-02
-8.558861618222542156e-02
-8.396761591170351369e-02
-8.232464134855704829e-02
-8.066110105970047961e-02
-7.897841979824948844e-02
-7.727803718840066394e-02
-7.556140639289146699e-02
-7.382999276410019684e-02
-7.208527247983537167e-02
-7.032873116490570564e-02
-6.856186249956787437e-02
-6.678616681598142923e-02
-6.500314968379010405e-02
-6.321432048600965359e-02
-6.142119098637751490e-02
-5.962527388936224304e-02
-5.782808139402888237e-02
-5.603112374298646614e-02
-5.423590776763808491e-02
-5.244393543098808952e-02
-5.065670236926131387e-02
-4.887569643358860572e-02
-4.710239623305238765e-02
-4.533826968036994143e-02
-4.358477254150523728e-02
-4.184334699051810158e-02
-4.011542017095935664e-02
-3.840240276510414885e-02
-3.670568757238336366e-02
-3.502664809827232134e-02
-3.336663715503230404e-02
-3.172698547554744786e-02
-3.010900034165492345e-02
-2.851396422823982216e-02
-2.694313346441893492e-02
-2.539773691316890222e-02
-2.387897467064912377e-02
-2.238801678656946251e-02
-2.092600200689112913e-02
-1.949403654011475084e-02
-1.809319284849957368e-02
-1.672450846541610053e-02
-1.538898484012284074e-02
-1.408758621121823998e-02
-1.282123850994961595e-02
-1.159082829465360107e-02
-1.039720171746059615e-02
-9.241163524481375152e-03
-8.123476090618357570e-03
-7.044858791034065704e-03
-6.005985604009814530e-03
-5.007487265487759950e-03
-4.049947444311623873e-03
-3.133903471274714081e-03
-2.259845303712197662e-03
-1.428214833078766260e-03
-6.394052354909782881e-04
1.062396338000187040e-04
8.084258011521929660e-04
1.466909689631453254e-03
2.081498587635812608e-03
2.652051070296748345e-03
3.178477372883750651e-03
3.660739715522383191e-03
4.098852578570910850e-03
4.492882928008069821e-03
4.842950390277643916e-03
5.149227376035964664e-03
5.411939152310816029e-03
5.631363862625671755e-03
5.807832494685832847e-03
5.941728795266282802e-03
6.033489132001297432e-03
6.083602304882194597e-03
6.092609289159827725e-03
6.061102953834418203e-03
5.989727693608101755e-03
5.879179041104846959e-03
5.730203182622547846e-03
5.543596459221716670e-03
5.320204794794439716e-03
5.060923074322489293e-03
4.766694468736396191e-03
4.438509706650387715e-03
4.077406293286875254e-03
3.684467676964603595e-03
3.260822363585303384e-03
2.807642979597252224e-03
2.326145283983913591e-03
1.817587129871876339e-03
1.283267376410292954e-03
7.245247516339189953e-04
1.427366670724394652e-04
-4.606820150727941598e-04
-1.084280261309719488e-03
-1.726572191863258356e-03
-2.386038450325689547e-03
-3.061127616909344647e-03
-3.750257664209143745e-03
-4.451817454333970893e-03
-5.164168276199186149e-03
-5.885645421744517894e-03
-6.614559799763502709e-03
-7.349199586003864193e-03
-8.087831908135254683e-03
-8.828704564138888100e-03
-9.570047772622970739e-03
-1.031007595352804139e-02
-1.104698953762677308e-02
-1.177897680320662277e-02
-1.250421573824645610e-02
-1.322087592639235691e-02
-1.392712045496546924e-02
-1.462110784322812052e-02
-1.530099398907091603e-02
-1.596493413227159305e-02
-1.661108483242312514e-02
-1.723760595961257649e-02
-1.784266269589195042e-02
-1.842442754556687309e-02
-1.898108235228947172e-02
-1.951082032091931012e-02
-2.001184804211342261e-02
-2.048238751755635662e-02
-2.092067818374676938e-02
-2.132497893223585933e-02
-2.169357012418370728e-02
-2.202475559712033584e-02
-2.231686466175160019e-02
-2.256825408667704341e-02
-2.277731006885092002e-02
-2.294245018764517335e-02
-2.306212534035093770e-02
-2.313482165696559983e-02
-2.315906266467433750e-02
-2.313341005660475569e-02
-2.305646693419729359e-02
-2.292687953809209242e-02
-2.274333774420696577e-02
-2.250457785985233300e-02
-2.220938406935411141e-02
-2.185659010672224428e-02
-2.144508088870989912e-02
-2.097379410631312197e-02
-2.044172177271672691e-02
-1.984791172574957088e-02
-1.919146908297886603e-02
-1.847155764752808627e-02
-1.768740126285061470e-02
-1.683828511463286715e-02
-1.592355697809676868e-02
-1.494262840902509104e-02
-1.389497587682476942e-02
-1.278014183807641910e-02
-1.159773574899221338e-02
-1.034743501564317630e-02
-9.028985878152581690e-03
-7.642204233285508630e-03
-6.186976391460749514e-03
-4.663259751161469291e-03
-3.071083428519451319e-03
-1.410548797253149966e-03
3.181700348119514965e-04
2.114825822798330202e-03
3.979097855023538965e-03
5.910591697281634971e-03
7.908839011886055481e-03
9.973297452218997383e-03
1.210335063332617506e-02
1.429830817915288266e-02
1.655740584683054045e-02
1.887980572838225679e-02
2.126459653017907098e-02
2.371079393029379423e-02
2.621734101391525601e-02
2.878310878686009960e-02
3.140689676709794431e-02
3.408743365421282312e-02
3.682337807653016104e-02
3.961331941564688597e-02
4.245577870795601283e-02
4.534920962267192934e-02
4.829199951585402828e-02
5.128247055968310902e-02
5.431888094636020542e-02
5.739942616573404099e-02
6.052224035576728861e-02
6.368539772488290840e-02
6.688691404505084370e-02
7.012474821452896467e-02
7.339680388897466823e-02
7.670093117956806872e-02
8.003492841685545811e-02
8.339654397868109803e-02
8.678347818075769771e-02
9.019338522821418458e-02
9.362387522631743231e-02
9.707251624873011742e-02
1.005368364612825582e-01
1.040143262994437934e-01
1.075024406974353086e-01
1.109986013668992355e-01
1.145001991230596705e-01
1.180045962560706402e-01
1.215091289453853612e-01
1.250111097148107475e-01
1.285078299257810253e-01
1.319965623065892102e-01
1.354745635149173233e-01
1.389390767312704833e-01
1.423873342806743492e-01
1.458165602800204075e-01
1.492239733084277653e-01
1.526067890978967390e-01
1.559622232415212029e-01
1.592874939165405956e-01
1.625798246193388141e-01
1.658364469097094451e-01
1.690546031614001965e-01
1.722315493161800659e-01
1.753645576656580052e-01
1.784509194577874880e-01
1.814879479662026285e-01
1.844729808564388174e-01
1.874033831511650039e-01
1.902765498664852617e-01
1.930899087193634345e-01
1.958409228052349349e-01
1.985270932529234200e-01
2.011459618540707150e-01
2.036951136642036198e-01
2.061721795725183770e-01
2.085748388376896800e-01
2.109008215867824443e-01
2.131479112745740256e-01
2.153139471005499073e-01
2.173968263808233603e-01
2.193945068466239823e-01
2.213050090196556352e-01
2.231264182835054344e-01
2.248568871779381140e-01
2.264946373617378883e-01
2.280379618391248364e-01
2.294852268268794959e-01
2.308348737032583364e-01
2.320854208607017188e-01
2.332354654892072332e-01
2.342836852882421161e-01
2.352288401051981781e-01
2.360697734984015805e-01
2.368054142228291359e-01
2.374347776367045637e-01
2.379569670272804749e-01
2.383711748541372799e-01
2.386766839084843439e-01
2.388728683869545399e-01
2.389591948785642350e-01
2.389352232635136297e-01
2.388006075226358216e-01
2.385550964564281673e-01
2.381985343126089838e-01
2.377308613213374722e-01
2.371521141372529562e-01
2.364624261876294431e-01
2.356620279260432382e-01
2.347512469910136290e-01
2.337305082692372193e-01
2.326003338630847905e-01
2.313613429621414475e-01
2.300142516187372310e-01
2.285598724273869564e-01
2.269991141083146924e-01
2.253329809952275276e-01
2.235625724276457948e-01
2.216890820482245728e-01
2.197137970055517975e-01
2.176380970630504008e-01
2.154634536147121415e-01
2.131914286084491406e-01
2.108236733780212979e-01
2.083619273845156439e-01
2.058080168685160194e-01
2.031638534141728680e-01
2.004314324264603597e-01
1.976128315230513965e-01
1.947102088422665855e-01
1.917258012687126645e-01
1.886619225782626696e-01
1.855209615041527038e-01
1.823053797260139608e-01
1.790177097838079046e-01
1.756605529186315018e-01
1.722365768425169197e-01
1.687485134393644226e-01
1.651991563992550038e-01
1.615913587884659774e-01
1.579280305575421484e-01
1.542121359898970812e-01
1.504466910934313117e-01
1.466347609377504912e-01
1.427794569395935964e-01
1.388839340991976368e-01
1.349513881902496548e-01
1.309850529063276148e-01
1.269881969665292709e-01
1.229641211832697006e-01
1.189161554950857180e-01
1.148476559674324049e-01
1.107620017644437155e-01
1.066625920946391304e-01
1.025528431336614199e-01
9.843618492705000222e-02
9.431605827616809656e-02
9.019591161034763716e-02
8.607919784837408939e-02
8.196937125240853772e-02
7.786988427748506303e-02
7.378418441969614161e-02
6.971571106616773761e-02
6.566789237770986887e-02
6.164414204116452911e-02
5.764785630871267774e-02
5.368241074784699945e-02
4.975115728837183060e-02
4.585742097721628302e-02
4.200449704133499967e-02
3.819564783477812780e-02
3.443409984338209606e-02
3.072304072164121908e-02
2.706561636463258869e-02
2.346492801785209775e-02
1.992402942772999314e-02
1.644592403561720428e-02
1.303356221791011904e-02
9.689838574981336078e-03
6.417589271490241332e-03
3.219589430647876865e-03
9.855058485963574810e-05
-2.942881814785785338e-03
-5.902130827880058134e-03
-8.776690390610138170e-03
-1.156412761600557337e-02
-1.426208502640967032e-02
-1.686828271606177418e-02
-1.938052044187018805e-02
-2.179667964040017669e-02
-2.411472536928228536e-02
-2.633270817128975302e-02
-2.844876585940446859e-02
-3.046112522130611441e-02
-3.236810364177927779e-02
-3.416811064162636469e-02
-3.585964933178303199e-02
-3.744131778138072575e-02
-3.891181029863412938e-02
-4.026991862350273732e-02
-4.151453303114218535e-02
-4.264464334533517309e-02
-4.365933986104856418e-02
-4.455781417552759360e-02
-4.533935992726387948e-02
-4.600337344239500970e-02
-4.654935428810810794e-02
-4.697690573275647291e-02
-4.728573511248809064e-02
-4.747565410423802701e-02
-4.754657890509291635e-02
-4.749853031806822168e-02
-4.733163374448544347e-02
-4.704611908317856556e-02
-4.664232053688031898e-02
-4.612067632623049335e-02
-4.548172831189865178e-02
-4.472612152546845410e-02
-4.385460360975011740e-02
-4.286802416930311777e-02
-4.176733403206878137e-02
-4.055358442298807181e-02
-3.922792605073467664e-02
-3.779160810856538322e-02
-3.624597719055742961e-02
-3.459247612445810749e-02
-3.283264272247080756e-02
-3.096810845143183749e-02
-2.900059702382099674e-02
-2.693192291115777820e-02
-2.476398978143796309e-02
-2.249878886222385355e-02
-2.013839723120537661e-02
-1.768497603598833887e-02
-1.514076864495899483e-02
-1.250809876197602269e-02
-9.789368294888545555e-03
-6.987055601819242706e-03
-4.103713112974038263e-03
-1.141965286179717071e-03
1.895493627126598746e-03
5.005901860287941679e-03
8.186432458547922286e-03
1.143419565612902034e-02
1.474624131476016606e-02
1.811956133949016792e-02
2.155109227122015830e-02
2.503771778818549010e-02
2.857627129207855263e-02
3.216353860692058170e-02
3.579626053375389166e-02
3.947113561135649762e-02
4.318482281869903683e-02
4.693394432028351326e-02
5.071508823481189754e-02
5.452481142460943730e-02
5.835964230339497905e-02
6.221608365980027533e-02
6.609061549421661741e-02
6.997969786642387058e-02
7.387977375152583737e-02
7.778727190174503092e-02
8.169860971153765361e-02
8.561019608368300449e-02
8.951843429381808881e-02
9.341972485105198842e-02
9.731046835226690728e-02
1.011870683277120153e-01
1.050459340755717924e-01
1.088834834831750864e-01
1.126961458325637100e-01
1.164803645881725969e-01
1.202326001643837239e-01
1.239493326707697129e-01
1.276270646329142888e-01
1.312623236865995968e-01
1.348516652434492979e-01
1.383916751257982802e-01
1.418789721689926731e-01
1.453102107890456018e-01
1.486820835138094044e-01
1.519913234758122622e-01
1.552347068649451156e-01
1.584090553392556167e-01
1.615112383921540329e-01
1.645381756743693746e-01
1.674868392690770647e-01
1.703542559186503880e-01
1.731375092015200179e-01
1.758337416578005241e-01
1.784401568621479250e-01
1.809540214427305671e-01
1.833726670448634077e-01
1.856934922382091069e-01
1.879139643664155257e-01
1.900316213379711905e-01
1.920440733574368120e-01
1.939490045958942865e-01
1.957441747998544257e-01
1.974274208376698425e-01
1.989966581827100067e-01
2.004498823325443491e-01
2.017851701634695016e-01
2.030006812197543697e-01
2.040946589370490061e-01
2.050654317994664022e-01
2.059114144298777593e-01
2.066311086130643015e-01
2.072231042513613952e-01
2.076860802525847538e-01
2.080188053499484047e-01
2.082201388538975628e-01
2.082890313356939027e-01
2.082245252427415705e-01
2.080257554456404756e-01
2.076919497170448825e-01
2.072224291424217268e-01
2.066166084628854038e-01
2.058739963503167236e-01
2.049941956150326539e-01
2.039769033463195158e-01
2.028219103106781440e-01
2.015291036559555826e-01
2.000984635018091540e-01
1.985300627626516712e-01
1.968240703895226817e-01
1.949807483421201471e-01
1.930004521370326243e-01
1.908836301930652846e-01
1.886308236200176514e-01
1.862426654763544853e-01
1.837198804940135544e-01
1.810632842620321370e-01
1.782737825909884444e-01
1.753523707714037261e-01
1.723001327748665545e-01
1.691182403988040761e-01
1.658079523558973478e-01
1.623706133091459280e-01
1.588076528536034315e-01
1.551205844458699024e-01
1.513110042823887225e-01
1.473805901277023267e-01
1.433311000937639856e-01
1.391643713714597053e-01
1.348823189155574365e-01
1.304869340841899317e-01
1.259802832341936352e-01
1.213645062734176050e-01
1.166418151713093931e-01
1.118144924290545988e-01
1.068848895104229368e-01
1.018554252347842332e-01
9.672858413339019412e-02
9.150691477036390631e-02
8.619302802965478350e-02
8.078959536926016982e-02
7.529934704407841017e-02
6.972507029868449391e-02
6.406960753137877496e-02
5.833585443085779337e-02
5.252675808681507574e-02
4.664531507584270681e-02
4.069456952398552846e-02
3.467761114718814763e-02
2.859757327119397813e-02
2.245763083193120721e-02
1.626099835804854440e-02
1.001092793664301595e-02
3.710707163704002332e-03
-2.636342919482288771e-03
-9.026869902665976553e-03
-1.545749209432231014e-02
-2.192480061949221570e-02
-2.842536152639485447e-02
-3.495571790056476585e-02
-4.151239198523531959e-02
-4.809188730669612666e-02
-5.469069080333655714e-02
-6.130527495724794745e-02
-6.793209992693868826e-02
-7.456761568016104236e-02
-8.120826412550302686e-02
-8.785048124156684402e-02
-9.449069920264352440e-02
-1.011253484995328911e-01
-1.077508600545695056e-01
-1.143636673295022194e-01
-1.209602084252865972e-01
-1.275369281725440285e-01
-1.340902802116520076e-01
-1.406167290613819232e-01
-1.471127521750045519e-01
-1.535748419828306399e-01
-1.599995079201422254e-01
-1.663832784395074260e-01
-1.727227030064842628e-01
-1.790143540777136555e-01
-1.852548290604675851e-01
-1.914407522527072081e-01
-1.975687767626455316e-01
-2.036355864070569510e-01
-2.096378975872518480e-01
-2.155724611420223313e-01
-2.214360641765826809e-01
-2.272255318666769053e-01
-2.329377292371274943e-01
-2.385695624811796645e-01
-2.441179828235492122e-01
-2.495799839917509366e-01
-2.549526080588928045e-01
-2.602329450451896231e-01
-2.654181348348409464e-01
-2.705053689024703445e-01
-2.754918917598171979e-01
-2.803750024945692032e-01
-2.851520562514626156e-01
-2.898204656799165391e-01
-2.943777023476082944e-01
-2.988212981194397488e-01
-3.031488465012318612e-01
-3.073580039477422088e-01
-3.114464911343222120e-01
-3.154120941918225896e-01
-3.192526659041935999e-01
-3.229661268682966768e-01
-3.265504666155006341e-01
-3.300037446945947028e-01
-3.333240917156057859e-01
-3.365097103541067614e-01
-3.395588763156239254e-01
-3.424699392597808090e-01
-3.452413236838086652e-01
-3.478715297650893379e-01
-3.503591341624305300e-01
-3.527027907757157577e-01
-3.549012314637058907e-01
-3.569532667196718689e-01
-3.588577863046213956e-01
-3.606137598379066667e-01
-3.622202373449237567e-01
-3.636763497617962471e-01
-3.649813093967534949e-01
-3.661344103481199985e-01
-3.671350288787014748e-01
-3.679826237464538519e-01
-3.686767364913146605e-01
-3.692169916780794203e-01
-3.696030970952452477e-01
-3.698348439097391971e-01
-3.699121067774817639e-01
