-4.202862810689143913e+00
-4.202575005678676590e+00
-4.201711701403358035e+00
-4.200273230065850960e+00
-4.198260145118784870e+00
-4.195673220937242931e+00
-4.192513452360514314e+00
-4.188782054103587171e+00
-4.184480460038716210e+00
-4.179610322347639517e+00
-4.174173510545092114e+00
-4.168172110374317008e+00
-4.161608422575429067e+00
-4.154484961527524334e+00
-4.146804453765565945e+00
-4.138569836373153343e+00
-4.129784255252360481e+00
-4.120451063271954872e+00
-4.110573818295349291e+00
-4.100156281089784471e+00
-4.089202413118290913e+00
-4.077716374216046269e+00
-4.065702520152906452e+00
-4.053165400083867276e+00
-4.040109753889405297e+00
-4.026540509407602997e+00
-4.012462779560192594e+00
-3.997881859374572855e+00
-3.982803222904046869e+00
-3.967232520048534994e+00
-3.951175573278137509e+00
-3.934638374261921090e+00
-3.917627080404466167e+00
-3.900148011292675854e+00
-3.882207645055500755e+00
-3.863812614639205112e+00
-3.844969704000972044e+00
-3.825685844223557730e+00
-3.805968109595414983e+00
-3.785823713407577173e+00
-3.765260004105330349e+00
-3.744284460942742143e+00
-3.722904689790332622e+00
-3.701128418837658529e+00
-3.678963494237871501e+00
-3.656417875697387299e+00
-3.633499632013862612e+00
-3.610216936565687096e+00
-3.586578062756237806e+00
-3.562591379403401426e+00
-3.538265346156864499e+00
-3.513608508741697722e+00
-3.488629494313651325e+00
-3.463337006711173061e+00
-3.437739821697505249e+00
-3.411846782180821602e+00
-3.385666793415730957e+00
-3.359208818189542090e+00
-3.332481871996665568e+00
-3.305495018204508639e+00
-3.278257363214244435e+00
-3.250778051619826137e+00
-3.223066261368547902e+00
-3.195131198926570271e+00
-3.166982094452638563e+00
-3.138628196983386243e+00
-3.110078769633429108e+00
-3.081343084813572997e+00
-3.052430419470310685e+00
-3.023350050349875140e+00
-2.994111249289946652e+00
-2.964723278542221507e+00
-2.935195386128919282e+00
-2.905536801236256128e+00
-2.875756729647983789e+00
-2.845864349221904455e+00
-2.815868805412329312e+00
-2.785779206841348721e+00
-2.755604620921786374e+00
-2.725354069534563717e+00
-2.695036524763241736e+00
-2.664660904688426868e+00
-2.634236069244577649e+00
-2.603770816141885547e+00
-2.573273876855592945e+00
-2.542753912685275175e+00
-2.512219510886374962e+00
-2.481679180876334989e+00
-2.451141350517513473e+00
-2.420614362479059256e+00
-2.390106470679810968e+00
-2.359625836814218669e+00
-2.329180526963257059e+00
-2.298778508292132816e+00
-2.268427645836591733e+00
-2.238135699379523391e+00
-2.207910320419465666e+00
-2.177759049232547817e+00
-2.147689312029344322e+00
-2.117708418207977950e+00
-2.087823557704802546e+00
-2.058041798443798864e+00
-2.028370083885898900e+00
-1.998815230679180432e+00
-1.969383926410920083e+00
-1.940082727462379308e+00
-1.910918056967052525e+00
-1.881896202873107438e+00
-1.853023316110584462e+00
-1.824305408863892808e+00
-1.795748352950006677e+00
-1.767357878302713958e+00
-1.739139571563163233e+00
-1.711098874776874723e+00
-1.683241084197281578e+00
-1.655571349195825714e+00
-1.628094671278468075e+00
-1.600815903208476110e+00
-1.573739748235198244e+00
-1.546870759428492725e+00
-1.520213339118379636e+00
-1.493771738439385155e+00
-1.467550056979028961e+00
-1.441552242529719141e+00
-1.415782090880573829e+00
-1.390243246026828583e+00
-1.364939199845143447e+00
-1.339873292507440139e+00
-1.315048712672633346e+00
-1.290468497840679074e+00
-1.266135534803196405e+00
-1.242052560189375043e+00
-1.218222161105858570e+00
-1.194646775869150135e+00
-1.171328694871599740e+00
-1.148270061322195223e+00
-1.125472872509178268e+00
-1.102938980710619354e+00
-1.080670094410874915e+00
-1.058667779555144683e+00
-1.036933460884937874e+00
-1.015468423352613891e+00
-9.942738160843832551e-01
-9.733506415904304987e-01
-9.526997821181732995e-01
-9.323219766498693772e-01
-9.122178350391491053e-01
-8.923878373863252111e-01
-8.728323359495793188e-01
-8.535515571185096073e-01
-8.345456034477353180e-01
-8.158144557482874815e-01
-7.973579752344532867e-01
-7.791759057237160890e-01
-7.612678758874313889e-01
-7.436334015498251571e-01
-7.262718880329004367e-01
-7.091826325448328250e-01
-6.923648266093712644e-01
-6.758175585338229707e-01
-6.595398159131095062e-01
-6.435304881674371869e-01
-6.277883691110878184e-01
-6.123121595498279834e-01
-5.971004699044668573e-01
-5.821518228580422338e-01
-5.674646560241717319e-01
-5.530373246340726245e-01
-5.388681042397766019e-01
-5.249551934310806578e-01
-5.112967165637761768e-01
-4.978907264967156743e-01
-4.847352073353058399e-01
-4.718280771790103190e-01
-4.591671908704933469e-01
-4.467503427440318031e-01
-4.345752693708717640e-01
-4.226396522992190707e-01
-4.109411207865778515e-01
-3.994772545222002313e-01
-3.882455863374254523e-01
-3.772436049017218185e-01
-3.664687574023025585e-01
-3.559184522051882515e-01
-3.455900614956670669e-01
-3.354809238961129481e-01
-3.255883470591847129e-01
-3.159096102344702839e-01
-3.064419668066705738e-01
-2.971826468034968194e-01
-2.881288593714645963e-01
-2.792777952178527312e-01
-2.706266290171199240e-01
-2.621725217801500474e-01
-2.539126231847166348e-01
-2.458440738656561542e-01
-2.379640076632502099e-01
-2.302695538284083854e-01
-2.227578391832790994e-01
-2.154259902359876300e-01
-2.082711352482528033e-01
-2.012904062546965467e-01
-1.944809410327199561e-01
-1.878398850218798155e-01
-1.813643931917664764e-01
-1.750516318574388552e-01
-1.688987804415394978e-01
-1.629030331822792221e-01
-1.570616007865297814e-01
-1.513717120547725947e-01
-1.458306153116100123e-01
-1.404355800581797431e-01
-1.351838982864818350e-01
-1.300728858774982677e-01
-1.250998839127437923e-01
-1.202622599274440901e-01
-1.155574091051038144e-01
-1.109827554132784555e-01
-1.065357526804303345e-01
-1.022138856138142954e-01
-9.801467074375913580e-02
-9.393565738340574345e-02
-8.997442837859637166e-02
-8.612860095260375937e-02
-8.239582741461387583e-02
-7.877379582597877905e-02
-7.526023060878075932e-02
-7.185289309712665495e-02
-6.854958203163877273e-02
-6.534813399767074038e-02
-6.224642380782759860e-02
-5.924236482941639542e-02
-5.633390925751586426e-02
-5.351904833439165288e-02
-5.079581251604070591e-02
-4.816227158669368624e-02
-4.561653472214751565e-02
-4.315675050284981107e-02
-4.078110687769592735e-02
-3.848783107954534266e-02
-3.627518949350133637e-02
-3.414148747903865411e-02
-3.208506914710217844e-02
-3.010431709333326322e-02
-2.819765208861684663e-02
-2.636353272817502577e-02
-2.460045504046267859e-02
-2.290695205715216620e-02
-2.128159334552017293e-02
-1.972298450457731639e-02
-1.822976662630568234e-02
-1.680061572339042186e-02
-1.543424212485537857e-02
-1.412938984102893140e-02
-1.288483589928726171e-02
-1.169938965203469981e-02
-1.057189205839684579e-02
-9.501214941114393894e-03
-8.486260220134760057e-03
-7.525959124408841336e-03
-6.619271383406611503e-03
-5.765184399869893728e-03
-4.962712405325242319e-03
-4.210895599880780556e-03
-3.508799277830706737e-03
-2.855512940590500173e-03
-2.250149398480625566e-03
-1.691843862873590888e-03
-1.179753030209841104e-03
-7.130541593818569626e-04
-2.909441439743216257e-04
8.736141916356604531e-05
4.226291635504317648e-04
7.156088874610113185e-04
9.670344876398897019e-04
1.177624890925887263e-03
1.348084982393727392e-03
1.479106528639308540e-03
1.571369094857682017e-03
1.625540954387326952e-03
1.642279989416877382e-03
1.622234581581148000e-03
1.566044491195974463e-03
1.474341723914717774e-03
1.347751383616625775e-03
1.186892510369509830e-03
9.923789023412298710e-04
7.648199205694330982e-04
5.048212755308072869e-04
2.129857944883116819e-04
-1.100858313673770683e-04
-4.637943209330501124e-04
-8.475410992717360634e-04
-1.260727616628299318e-03
-1.702754691212369359e-03
-2.173021897742048042e-03
-2.670926875955771142e-03
-3.195864874435237410e-03
-3.747228113231628951e-03
-4.324405277015073989e-03
-4.926780991350469124e-03
-5.553735472976985450e-03
-6.204643845049867892e-03
-6.878875967019270656e-03
-7.575795930324889793e-03
-8.294761729799877970e-03
-9.035124914579332686e-03
-9.796230402866167031e-03
-1.057741606189987679e-02
-1.137801258419407664e-02
-1.219734326277869402e-02
-1.303472382417620798e-02
-1.388946229277670912e-02
-1.476085888661656138e-02
-1.564820594451798302e-02
-1.655078788450820709e-02
-1.746788119339135609e-02
-1.839875444730136242e-02
-1.934266836302651546e-02
-2.029887587985258063e-02
-2.126662227162702881e-02
-2.224514528871301272e-02
-2.323367532945640190e-02
-2.423143564075273468e-02
-2.523764254725945066e-02
-2.625150570876839257e-02
-2.727222840520578118e-02
-2.829900784870261615e-02
-2.933103552213323084e-02
-3.036749754349295921e-02
-3.140757505544982536e-02
-3.245044463937121759e-02
-3.349527875309970398e-02
-3.454124619171970029e-02
-3.558751257052502476e-02
-3.663324082937780002e-02
-3.767759175761116464e-02
-3.871972453861505237e-02
-3.975879731320865196e-02
-4.079396776088910215e-02
-4.182439369802029572e-02
-4.284923369200198395e-02
-4.386764769044919354e-02
-4.487879766438561402e-02
-4.588184826443975073e-02
-4.687596748902312510e-02
-4.786032736344823790e-02
-4.883410462893576776e-02
-4.979648144044951374e-02
-5.074664607228634994e-02
-5.168379363034066726e-02
-5.260712676995697029e-02
-5.351585641827498463e-02
-5.440920249997262259e-02
-5.528639466530868574e-02
-5.614667301935824528e-02
-5.698928885134439681e-02
-5.781350536296561704e-02
-5.861859839462028876e-02
-5.940385714843599702e-02
-6.016858490701934570e-02
-6.091209974683818584e-02
-6.163373524517230806e-02
-6.233284117956548742e-02
-6.300878421872579960e-02
-6.366094860383722520e-02
-6.428873681925446892e-02
-6.489157025156803982e-02
-6.546888983604595702e-02
-6.602015668946939475e-02
-6.654485272840693355e-02
-6.704248127197733054e-02
-6.751256762819014823e-02
-6.795465966295610727e-02
-6.836832835089461102e-02
-6.875316830708665117e-02
-6.910879829893940007e-02
-6.943486173736690414e-02
-6.973102714650551703e-02
-6.999698861121737836e-02
-7.023246620166402610e-02
-7.043720634068195707e-02
-7.061098231432424988e-02
-7.075359442348232164e-02
-7.086487044306866157e-02
-7.094466588907838434e-02
-7.099286429214474170e-02
-7.100937744398805318e-02
-7.099414561628783482e-02
-7.094713775155062074e-02
-7.086835162557458823e-02
-7.075781398115288390e-02
-7.061558066829390357e-02
-7.044173657695107504e-02
-7.023639589650729209e-02
-6.999970198893451512e-02
-6.973182741020170217e-02
-6.943297386587159170e-02
-6.910337213643069632e-02
-6.874328197229379045e-02
-6.835299195844773967e-02
-6.793281934874838279e-02
-6.748310986991520877e-02
-6.700423749530605433e-02
-6.649660418859598687e-02
-6.596063961751624793e-02
-6.539680083784578379e-02
-6.480557194789200726e-02
-6.418746371372288650e-02
-6.354301316545520051e-02
-6.287278316493939700e-02
-6.217736194521270021e-02
-6.145736262212789236e-02
-6.071342267860320441e-02
-5.994620342196491092e-02
-5.915638941489560765e-02
-5.834468788052447896e-02
-5.751182808223614940e-02
-5.665856067879704305e-02
-5.578565705543801073e-02
-5.489390863155095557e-02
-5.398412614569297885e-02
-5.305713891861966319e-02
-5.211379409508742899e-02
-5.115495586520373006e-02
-5.018150466611711463e-02
-4.919433636487099276e-02
-4.819436142326381095e-02
-4.718250404558241989e-02
-4.615970131009694555e-02
-4.512690228522314717e-02
-4.408506713127872956e-02
-4.303516618877913785e-02
-4.197817905423219947e-02
-4.091509364440761715e-02
-3.984690525007614226e-02
-3.877461558021504107e-02
-3.769923179770561655e-02
-3.662176554754101310e-02
-3.554323197858715727e-02
-3.446464875993916765e-02
-3.338703509292682836e-02
-3.231141071982757129e-02
-3.123879493034971075e-02
-3.017020556695358333e-02
-2.910665803007925559e-02
-2.804916428435148823e-02
-2.699873186683087942e-02
-2.595636289838234440e-02
-2.492305309922296028e-02
-2.389979081127815985e-02
-2.288755601746098739e-02
-2.188731939174427127e-02
-2.090004132637205206e-02
-1.992667099194063429e-02
-1.896814539855574272e-02
-1.802538847001991518e-02
-1.709931013048509446e-02
-1.619080540456104694e-02
-1.530075353185095591e-02
-1.443001709687146382e-02
-1.357944117529834641e-02
-1.274985249745999583e-02
-1.194205862998173190e-02
-1.115684717646651773e-02
-1.039498499807340985e-02
-9.657217454834757589e-03
-8.944267685028435555e-03
-8.256835824531447154e-03
-7.595598413773767266e-03
-6.961207664370985815e-03
-6.354290832270376166e-03
-5.775449599820191987e-03
-5.225259483774948380e-03
-4.704269269869571640e-03
-4.213000474568157072e-03
-3.751946834560345237e-03
-3.321573808301179001e-03
-2.922318187779014698e-03
-2.554587576377127106e-03
-2.218760059971043933e-03
-1.915183826277189888e-03
-1.644176831134014707e-03
-1.406026495657925618e-03
-1.200989434588947691e-03
-1.029291216103190784e-03
-8.911261533373158322e-04
-7.866571278337501638e-04
-7.160154450800478715e-04
-6.793007222809684109e-04
-6.765808084659066107e-04
-7.078917369979422641e-04
-7.732377105163727032e-04
-8.725911183079509276e-04
-1.005892586066117061e-03
-1.173051057962549298e-03
-1.373943910919216659e-03
-1.608417100933500279e-03
-1.876285341275465458e-03
-2.177332312338151575e-03
-2.511310902890253986e-03
-2.877943482444490601e-03
-3.276922204420393194e-03
-3.707909339748127753e-03
-4.170537640526153153e-03
-4.664410733311009048e-03
-5.189103541588250407e-03
-5.744162736938783140e-03
-6.329107218386183752e-03
-6.943428619378397282e-03
-7.586591841826610325e-03
-8.258035616597983117e-03
-8.957173089826169637e-03
-9.683392434378587654e-03
-1.043605748579182896e-02
-1.121450840195934925e-02
-1.201806234583016608e-02
-1.284601419035534889e-02
-1.369763724489017967e-02
-1.457218400224306529e-02
-1.546888690553472646e-02
-1.638695888567754180e-02
-1.732559540696467643e-02
-1.828397280477626549e-02
-1.926125160632586111e-02
-2.025657614168231355e-02
-2.126907565922635246e-02
-2.229786520621253668e-02
-2.334204652180580167e-02
-2.440070894160378812e-02
-2.547293031265165236e-02
-2.655777791793898640e-02
-2.765430940936561277e-02
-2.876157374815091483e-02
-2.987861215165541623e-02
-3.100445904557817475e-02
-3.213814302048958321e-02
-3.327868779165406993e-02
-3.442511316109584524e-02
-3.557643598086237396e-02
-3.673167111643339811e-02
-3.788983240923583101e-02
-3.904993363721436656e-02
-4.021098947242332522e-02
-4.137201643460151901e-02
-4.253203383970272089e-02
-4.369006474236002829e-02
-4.484513687127012621e-02
-4.599628355649366257e-02
-4.714254464767988345e-02
-4.828296742223141258e-02
-4.941660748244360718e-02
-5.054252963713043445e-02
-5.165980878828324574e-02
-5.276753076737861897e-02
-5.386479319401834415e-02
-5.495070630010297219e-02
-5.602439374131206601e-02
-5.708499339122356103e-02
-5.813165811724044230e-02
-5.916355653751834143e-02
-6.017987375811077733e-02
-6.117981208956851935e-02
-6.216259174168054652e-02
-6.312745149866895444e-02
-6.407364936767269425e-02
-6.500046320707006386e-02
-6.590719132966496585e-02
-6.679315308144948005e-02
-6.765768939521804581e-02
-6.850016331848619855e-02
-6.931996051520059043e-02
-7.011648974075303242e-02
-7.088918328984655792e-02
-7.163749741678844540e-02
-7.236091272782030348e-02
-7.305893454512812912e-02
-7.373109324220458727e-02
-7.437694455027042684e-02
-7.499606983549901573e-02
-7.558807634681195819e-02
-7.615259743406035953e-02
-7.668929273642803579e-02
-7.719784834093561254e-02
-7.767797691095466861e-02
-7.812941778467519249e-02
-7.855193704350683925e-02
-7.894532755042488192e-02
-7.930940895830988768e-02
-7.964402768835940338e-02
-7.994905687868902877e-02
-8.022439630327229954e-02
-8.046997226139872283e-02
-8.068573743786858210e-02
-8.087167073417293739e-02
-8.102777707093919424e-02
-8.115408716195798844e-02
-8.125065726013573630e-02
-8.131756887575199155e-02
-8.135492846742972683e-02
-8.136286710625624530e-02
-8.134154011352742741e-02
-8.129112667261011171e-02
-8.121182941545569689e-02
-8.110387398431333217e-02
-8.096750856923436157e-02
-8.080300342197303809e-02
-8.061065034692189990e-02
-8.039076216974531952e-02
-8.014367218439422125e-02
-7.986973357921711703e-02
-7.956931884289686341e-02
-7.924281915097161622e-02
-7.889064373371575123e-02
-7.851321922617718330e-02
-7.811098900118949862e-02
-7.768441248619209483e-02
-7.723396446471281207e-02
-7.676013436337959794e-02
-7.626342552534787211e-02
-7.574435447104137242e-02
-7.520345014711883602e-02
-7.464125316459106763e-02
-7.405831502702521496e-02
-7.345519734978050996e-02
-7.283247107123229369e-02
-7.219071565694659687e-02
-7.153051829777511139e-02
-7.085247310284810418e-02
-7.015718028844131204e-02
-6.944524536370670631e-02
-6.871727831424791211e-02
-6.797389278453146166e-02
-6.721570526011923230e-02
-6.644333425070943211e-02
-6.565739947497055418e-02
-6.485852104815008345e-02
-6.404731867343151086e-02
-6.322441083734316181e-02
-6.239041401365053030e-02
-6.154594186942360934e-02
-6.069160448203065467e-02
-5.982800756355894506e-02
-5.895575169479798372e-02
-5.807543156959205088e-02
-5.718763525046635654e-02
-5.629294343640977444e-02
-5.539192874369248953e-02
-5.448515500056787253e-02
-5.357317656317698434e-02
-5.265653761509361819e-02
-5.173577154610157353e-02
-5.081140028616772802e-02
-4.988393368779640152e-02
-4.895386892101558085e-02
-4.802168988771520625e-02
-4.708786665602567034e-02
-4.615285491541232243e-02
-4.521709545312540407e-02
-4.428101365262729350e-02
-4.334501901459040379e-02
-4.240950470102698711e-02
-4.147484710309490979e-02
-4.054140543308367567e-02
-3.960952134106484473e-02
-3.867951855665806293e-02
-3.775170255633260308e-02
-3.682636025663706819e-02
-3.590375973371724705e-02
-3.498414996945117816e-02
-3.406776062449996118e-02
-3.315480183853763280e-02
-3.224546405789618236e-02
-3.133991789082433282e-02
-3.043831399052970843e-02
-2.954078296613978083e-02
-2.864743532168084750e-02
-2.775836142314868499e-02
-2.687363149370185916e-02
-2.599329563698234841e-02
-2.511738388853423931e-02
-2.424590629525058202e-02
-2.337885302275762717e-02
-2.251619449060069528e-02
-2.165788153506990887e-02
-2.080384559947151893e-02
-1.995399895161106829e-02
-1.910823492823168768e-02
-1.826642820611181633e-02
-1.742843509949810674e-02
-1.659409388351772846e-02
-1.576322514318135096e-02
-1.493563214756116891e-02
-1.411110124869474104e-02
-1.328940230473750657e-02
-1.247028912686011168e-02
-1.165349994935189343e-02
-1.083875792237226285e-02
-1.002577162675729119e-02
-9.214235610267485291e-03
-8.403830944634232969e-03
-7.594225802737450751e-03
-6.785076055223676454e-03
-5.976025885849247515e-03
-5.166708424811441124e-03
-4.356746399308430821e-03
-3.545752800544454183e-03
-2.733331566384050639e-03
-1.919078278830584766e-03
-1.102580875492804695e-03
-2.834203741837746163e-04
5.388283902225234415e-04
1.364596017562646688e-03
2.194317783687853209e-03
3.028432872215422889e-03
3.867383597655983142e-03
4.711614620858643396e-03
5.561572157720707024e-03
6.417703182125712377e-03
7.280454624074639627e-03
8.150272563985679411e-03
9.027601424146089459e-03
9.912883158298366540e-03
1.080655644035351595e-02
1.170905583881110858e-02
1.262081106411657404e-02
1.354224607497939679e-02
1.447377833040042541e-02
1.541581797477588681e-02
1.636876704222542389e-02
1.733301866698958027e-02
1.830895630087535364e-02
1.929695293872348005e-02
2.029737035286592606e-02
2.131055835258509681e-02
2.233685397904058845e-02
2.337658086315672762e-02
2.443004844491750149e-02
2.549755128210902042e-02
2.657936835846666165e-02
2.767576240728424758e-02
2.878697925135686661e-02
2.991324716010530793e-02
3.105477622472335025e-02
3.221175775216147258e-02
3.338436367874459548e-02
3.457274600420347926e-02
3.577703624687169487e-02
3.699734492078527587e-02
3.823376103539227744e-02
3.948635161856173942e-02
4.075516126355097773e-02
4.204021170057085921e-02
4.334150139355703868e-02
4.465900516273327292e-02
4.599267383351757915e-02
4.734243391230797543e-02
4.870818728963701577e-02
5.008981097117311265e-02
5.148715683700465923e-02
5.290005142961308471e-02
5.432829577092329609e-02
5.577166520876636335e-02
5.722990929308043040e-02
5.870275168212631817e-02
6.018989007896906329e-02
6.169099619844831128e-02
6.320571576481522069e-02
6.473366854019206584e-02
6.627444838397084093e-02
6.782762334323291786e-02
6.939273577424308337e-02
7.096930249503179133e-02
7.255681496904838046e-02
7.415473951983266032e-02
7.576251757661944808e-02
7.737956595075602684e-02
7.900527714277631730e-02
8.063901967994881181e-02
8.228013848406820485e-02
8.392795526924858029e-02
8.558176896941371847e-02
8.724085619517817081e-02
8.890447171975791874e-02
9.057184899352144214e-02
9.224220068677406459e-02
9.391471926031300099e-02
9.558857756327950039e-02
9.726292945779860255e-02
9.893691046985780835e-02
1.006096384658589082e-01
1.022802143542430875e-01
1.039477228115533586e-01
1.056112330322909326e-01
1.072697995018682127e-01
1.089224627919567756e-01
1.105682503774955278e-01
1.122061774745876511e-01
1.138352478985186905e-01
1.154544549410684018e-01
1.170627822663039413e-01
1.186592048239846486e-01
1.202426897797180538e-01
1.218121974609677610e-01
1.233666823179993821e-01
1.249050938988393311e-01
1.264263778372924363e-01
1.279294768530576942e-01
1.294133317629658220e-01
1.308768825356303456e-01
1.323190691883053827e-01
1.337388330265112391e-01
1.351351175552786277e-01
1.365068695645124397e-01
1.378530401856507270e-01
1.391725859522477404e-01
1.404644698634206490e-01
1.417276624490832193e-01
1.429611428359043312e-01
1.441638998128987326e-01
1.453349328701609711e-01
1.464732533632203404e-01
1.475778854155150310e-01
1.486478670764107834e-01
1.496822513423942125e-01
1.506801071978366990e-01
1.516405206478492751e-01
1.525625957421646861e-01
1.534454555889982752e-01
1.542882433578196544e-01
1.550901232700097609e-01
1.558502815763598559e-01
1.565679275203907261e-01
1.572422942864912521e-01
1.578726399318647333e-01
1.584582483013155518e-01
1.589984299238944021e-01
1.594925228904596481e-01
1.599398937112109231e-01
1.603399381522845613e-01
1.606920820505093883e-01
1.609957821054425198e-01
1.612505266478270194e-01
1.614558363836391397e-01
1.616112651129029132e-01
1.617164004224882212e-01
1.617708643521223733e-01
1.617743140328679607e-01
1.617264422973631877e-01
1.616269782611174100e-01
1.614756878742131530e-01
1.612723744427701500e-01
1.610168791195678017e-01
1.607090813632472970e-01
1.603488993655421690e-01
1.599362904460243928e-01
1.594712514138702242e-01
1.589538188961966414e-01
1.583840696325390929e-01
1.577621207350779209e-01
1.570881299142545817e-01
1.563622956694454003e-01
1.555848574444086696e-01
1.547560957472295107e-01
1.538763322345494677e-01
1.529459297598764200e-01
1.519652923858221538e-01
1.509348653601424728e-01
1.498551350554867267e-01
1.487266288728014141e-01
1.475499151083717320e-01
1.463256027845067919e-01
1.450543414439242340e-01
1.437368209079108727e-01
1.423737709983821098e-01
1.409659612239891613e-01
1.395142004304590344e-01
1.380193364153899649e-01
1.364822555077542798e-01
1.349038821123985932e-01
1.332851782198589130e-01
1.316271428818480138e-01
1.299308116527990720e-01
1.281972559978852011e-01
1.264275826679656656e-01
1.246229330419423159e-01
1.227844824370339927e-01
1.209134393875217345e-01
1.190110448925271874e-01
1.170785716334332843e-01
1.151173231615797987e-01
1.131286330568863491e-01
1.111138640580997261e-01
1.090744071653669545e-01
1.070116807158847244e-01
1.049271294063354454e-01
1.028222234260257745e-01
1.006984572916808790e-01
9.855734893389954399e-02
9.640043862227042071e-02
9.422928791898192713e-02
9.204547847555624718e-02
8.985061114889864031e-02
8.764630464548113509e-02
8.543419448673984784e-02
8.321593182138099787e-02
8.099318226073948246e-02
7.876762461420480643e-02
7.654094978164963092e-02
7.431485945930119130e-02
7.209106492106175101e-02
6.987128577094593729e-02
6.765724868542831449e-02
6.545068614677429508e-02
6.325333516843659187e-02
6.106693601360678458e-02
5.889323090801235061e-02
5.673396274806467854e-02
5.459087380545236956e-02
5.246570442929182621e-02
5.036019174694190276e-02
4.827606836458363249e-02
4.621506106868516345e-02
4.417888952944088593e-02
4.216926500730541066e-02
4.018788906370981961e-02
3.823645227706092692e-02
3.631663296511360162e-02
3.443009591479419262e-02
3.257849112056049323e-02
3.076345253235252333e-02
2.898659681420178921e-02
2.724952211454151341e-02
2.555380684925115040e-02
2.390100849846292161e-02
2.229266241813477462e-02
2.073028066738808253e-02
1.921535085258839828e-02
1.774933498913231628e-02
1.633366838188950870e-02
1.496975852522534380e-02
1.365898402351686108e-02
1.240269353305349306e-02
1.120220472618829559e-02
1.005880327859536190e-02
8.973741880456298503e-03
7.948239272383136184e-03
6.983479306860305297e-03
6.080610035960731970e-03
5.240742826074239885e-03
4.464951500352616100e-03
3.754271509556980808e-03
3.109699131963199973e-03
2.532190702954895383e-03
2.022661874906635671e-03
1.581986907932798458e-03
1.210997992047220962e-03
9.104846012526552268e-04
6.811928800476019100e-04
5.238250628107044525e-04
4.390389264916545482e-04
4.274472770077561586e-04
4.896174697157102546e-04
6.260709642965612762e-04
8.372829143613346511e-04
1.123681792054005571e-03
1.485649047897032605e-03
1.923518806093354972e-03
2.437577595468087398e-03
3.028064116199565177e-03
3.695169042461548484e-03
4.439034861062722548e-03
5.259755746140760795e-03
6.157377469937513718e-03
7.131897349647232931e-03
8.183264230301736872e-03
9.311378503623740296e-03
1.051609216274902552e-02
1.179720889268926626e-02
1.315448419637076788e-02
1.458762555606441143e-02
1.609629261843516929e-02
1.768009747192225700e-02
1.933860484460789286e-02
2.107133244985539069e-02
2.287775130959411249e-02
2.475728612242563895e-02
2.670931566496390769e-02
2.873317322599745413e-02
3.082814707301994098e-02
3.299348095066069464e-02
3.522837461051803176e-02
3.753198438459425662e-02
3.990342372527260623e-02
4.234176390293595271e-02
4.484603460462418395e-02
4.741522462540685018e-02
5.004828257481815090e-02
5.274411761054960401e-02
5.550160019871119843e-02
5.831956289996959725e-02
6.119680118083929699e-02
6.413207424939072754e-02
6.712410591462297793e-02
7.017158546872731550e-02
7.327316859145602268e-02
7.642747827579207676e-02
7.963310577410485924e-02
8.288861156396266916e-02
8.619252633275274744e-02
8.954335198026375231e-02
9.293956263835743969e-02
9.637960570685248640e-02
9.986190290474397657e-02
1.033848513358549409e-01
1.069468245680224028e-01
1.105461737249130577e-01
1.141812285895432849e-01
1.178502987186036965e-01
1.215516745666412879e-01
1.252836286191928716e-01
1.290444165339295624e-01
1.328322782888814169e-01
1.366454393368213005e-01
1.404821117648612505e-01
1.443404954583461242e-01
1.482187792681051164e-01
1.521151421801411607e-01
1.560277544868340083e-01
1.599547789587403290e-01
1.638943720160770112e-01
1.678446848989794682e-01
1.718038648356352283e-01
1.757700562074072381e-01
1.797414017100464889e-01
1.837160435101355960e-01
1.876921243958881713e-01
1.916677889214446207e-01
1.956411845438362218e-01
1.996104627517636954e-01
2.035737801853924334e-01
2.075292997463385469e-01
2.114751916970644130e-01
2.154096347489023733e-01
2.193308171379444449e-01
2.232369376880479206e-01
2.271262068602285800e-01
2.309968477877207549e-01
2.348470972960209902e-01
2.386752069072150539e-01
2.424794438279495590e-01
2.462580919203882779e-01
2.500094526555401986e-01
2.537318460483507510e-01
2.574236115739756969e-01
2.610831090646756891e-01
2.647087195867852127e-01
2.682988462972381027e-01
2.718519152791509796e-01
2.753663763559807132e-01
2.788407038838119911e-01
2.822733975213289614e-01
2.856629829770632178e-01
2.890080127335391547e-01
2.923070667479341078e-01
2.955587531289279313e-01
2.987617087894116619e-01
3.019146001204832674e-01
3.050161234113525910e-01
3.080650057045101753e-01
3.110600051641241870e-01
3.139999116504868515e-01
3.168835472224857952e-01
3.197097666143576822e-01
3.224774576865790943e-01
3.251855418507972884e-01
3.278329744687089597e-01
3.304187451901028916e-01
3.329418784398065490e-01
3.354014335254319468e-01
3.377965050748195641e-01
3.401262232680112851e-01
3.423897540792606442e-01
3.445862994930204981e-01
3.467150976939830098e-01
3.487754232313114433e-01
3.507665871571684635e-01
3.526879371397125817e-01
3.545388575507353313e-01
3.563187695281253009e-01
3.580271310133819052e-01
3.596634367644058194e-01
3.612272183438149931e-01
3.627180440830675701e-01
3.641355190226623351e-01
3.654792848287397589e-01
3.667490196863882335e-01
3.679444381700036071e-01
3.690652910910578455e-01
3.701113653236345891e-01
3.710824836081339506e-01
3.719785043335284702e-01
3.727993212985914462e-01
3.735448634525261880e-01
3.742150946154262359e-01
3.748100131790312872e-01
3.753296517882251382e-01
3.757740770037678035e-01
3.761433889467314384e-01
3.764377209251422718e-01
3.766572390433362560e-01
3.768021417945321971e-01
3.768726596371513859e-01
3.768690545554073124e-01
3.767916196047099153e-01
3.766406784424147225e-01
3.764165848444813722e-01
3.761197222085739811e-01
3.757505030441888882e-01
3.753093684503441829e-01
3.747967875814243177e-01
3.742132571017258713e-01
3.735593006292916574e-01
3.728354681696020578e-01
3.720423355396915155e-01
3.711805037832819343e-01
3.702505985774929287e-01
3.692532696317075147e-01
3.681891900791759431e-01
3.670590558619170052e-01
3.658635851095048963e-01
3.646035175122901428e-01
3.632796136896316863e-01
3.618926545537028971e-01
3.604434406694195792e-01
3.589327916110505168e-01
3.573615453160577382e-01
3.557305574367032874e-01
3.540407006899642384e-01
3.522928642062830296e-01
3.504879528776815301e-01
3.486268867057411014e-01
3.467106001499764556e-01
3.447400414770832588e-01
3.427161721115693505e-01
3.406399659882393682e-01
3.385124089070086217e-01
3.363344978905224991e-01
3.341072405450141725e-01
3.318316544248685052e-01
3.295087664013091611e-01
3.271396120356384052e-01
3.247252349169897911e-01
3.222666862091547180e-01
3.197650237929374750e-01
3.172213118276245858e-01
3.146366201111175376e-01
3.120120234887577282e-01
3.093486012693431597e-01
3.066474366486736658e-01
3.039096161409472474e-01
3.011362290182970636e-01
2.983283667587807164e-01
2.954871225253553058e-01
2.926135905406531679e-01
2.897088657010480350e-01
2.867740429665060486e-01
2.838102168788099178e-01
2.808184810656136898e-01
2.777999277546290835e-01
2.747556472981221298e-01
2.716867277079021425e-01
2.685942542009677192e-01
2.654793087559502718e-01
2.623429696805027467e-01
2.591863111897500516e-01
2.560104029959157090e-01
2.528163099092256005e-01
2.496050914501683482e-01
2.463778014731977106e-01
2.431354878019282850e-01
2.398791918758784725e-01
2.366099484088058091e-01
2.333287850586469592e-01
2.300367221090909853e-01
2.267347721627845925e-01
2.234239398461592696e-01
2.201052215258672007e-01
2.167796050367954974e-01
2.134480694216198959e-01
2.101115846818470967e-01
2.067711115402890432e-01
2.034276012149024149e-01
2.000819952039097904e-01
1.967352250821182702e-01
1.933882123083441318e-01
1.900418680438298868e-01
1.866970929815509050e-01
1.833547771862858167e-01
1.800157999453199098e-01
1.766810296296548177e-01
1.733513235655725904e-01
1.700275279164143727e-01
1.667104775744086553e-01
1.634009960623938884e-01
1.600998954452655942e-01
1.568079762509763664e-01
1.535260274009113413e-01
1.502548261494525694e-01
1.469951380325514312e-01
1.437477168251095616e-01
1.405133045069812125e-01
1.372926312373941860e-01
1.340864153375864176e-01
1.308953632814560120e-01
1.277201696940165054e-01
1.245615173574431689e-01
1.214200772245111748e-01
1.182965084391936483e-01
1.151914583642233425e-01
1.121055626153895646e-01
1.090394451023573297e-01
1.059937180757979380e-01
1.029689821806018812e-01
9.996582651496696559e-02
9.698482869513952442e-02
9.402655492559462702e-02
9.109156007443948433e-02
8.818038775382616712e-02
8.529357040515594957e-02
8.243162938887373115e-02
7.959507507863229636e-02
7.678440695962626683e-02
7.400011373088857813e-02
7.124267341134282727e-02
6.851255344941667436e-02
6.581021083601568122e-02
6.313609222066737803e-02
6.049063403221412172e-02
5.787426259314087940e-02
5.528739425736570873e-02
5.273043552703617770e-02
5.020378318456875794e-02
4.770782442389533140e-02
4.524293698362564370e-02
4.280948928194483472e-02
4.040784055308833944e-02
3.803834098524981611e-02
3.570133185974791457e-02
3.339714570236916591e-02
3.112610638143254935e-02
2.888852931327359763e-02
2.668472156384575286e-02
2.451498200219111648e-02
2.237960144431486512e-02
2.027886279740440112e-02
1.821304120427068296e-02
1.618240418790501886e-02
1.418721179604906166e-02
1.222771674567066369e-02
1.030416456725864738e-02
8.416793748841001899e-03
6.565835879642406558e-03
4.751515793294233680e-03
2.974051710531611104e-03
1.233655381290457709e-03
-4.694677738520877663e-04
-2.135118522960686993e-03
-3.763103682814038231e-03
-5.353235979810747752e-03
-6.905333911770037553e-03
-8.419221610670792749e-03
-9.894728706366550525e-03
-1.133169019133154626e-02
-1.272994628645746085e-02
-1.408934230794025265e-02
-1.540972853529787821e-02
-1.669096008051568908e-02
-1.793289675837960589e-02
-1.913540391371935934e-02
-2.029834751547021643e-02
-2.142160358793823022e-02
-2.250504852865524777e-02
-2.354856376346047692e-02
-2.455203466844184043e-02
-2.551535044886532599e-02
-2.643840401936627463e-02
-2.732109188540503969e-02
-2.816331402598198225e-02
-2.896497377762125708e-02
-2.972597771961456303e-02
-3.044623556051854335e-02
-3.112566002591494671e-02
-3.176416674741054658e-02
-3.236167415288785515e-02
-3.291810335799551235e-02
-3.343337805886802822e-02
-3.390742442607391771e-02
-3.434017099978572962e-02
-3.473154858616758767e-02
-3.508149015496741380e-02
-3.538993073832557429e-02
-3.565680733077372655e-02
-3.588205879043859792e-02
-3.606562574144382693e-02
-3.620745047750038165e-02
-3.630747686670309643e-02
-3.636565025751097024e-02
-3.638191738593728186e-02
-3.635622628393953004e-02
-3.628852618901908661e-02
-3.617876745504305241e-02
-3.602690146428974560e-02
-3.583288054073356654e-02
-3.559665786458806463e-02
-3.531818738811728225e-02
-3.499742375272808792e-02
-3.463432220738628387e-02
-3.422883852834631563e-02
-3.378092894024956050e-02
-3.329055003860751510e-02
-3.275765871369112209e-02
-3.218221207587908250e-02
-3.156416738248225828e-02
-3.090348193563313001e-02
-3.020011313378361678e-02
-2.945401822127754338e-02
-2.866515434247955685e-02
-2.783347844649969316e-02
-2.695894722380993286e-02
-2.604151704466897005e-02
-2.508114389941274586e-02
-2.407778334065471815e-02
-2.303139042748149345e-02
-2.194191970149939053e-02
-2.080932501546255836e-02
-1.963355966397745817e-02
-1.841457621580453591e-02
-1.715232649915562901e-02
-1.584676155918668394e-02
-1.449783161797545128e-02
-1.310548603704198012e-02
-1.166967328251436453e-02
-1.019034089300144275e-02
-8.667435450269517228e-03
-7.100902552804669310e-03
-5.490686792343435485e-03
-3.836731733465714722e-03
-2.138979896331785757e-03
-3.973727426558187892e-04
1.388149331889812488e-03
3.217647020466535279e-03
5.091182077826536534e-03
7.008817351501592241e-03
8.970616762786084997e-03
1.097664530253440740e-02
1.302696901999877976e-02
1.512165500769256654e-02
1.726077138220934171e-02
1.944438726089785241e-02
2.167257273430921172e-02
2.394539883432901528e-02
2.626293749790736820e-02
2.862526152630702481e-02
3.103244453978797057e-02
3.348456092764401371e-02
3.598168579351550267e-02
3.852389489591381833e-02
4.111126458386295257e-02
4.374387172761475678e-02
4.642179364434961819e-02
4.914510801881423474e-02
5.191389281882791834e-02
5.472822620560034712e-02
5.758818643882233912e-02
6.049385177645746209e-02
6.344530036921547378e-02
6.644261014964950030e-02
6.948585871584359031e-02
7.257512320967626773e-02
7.571048018961171189e-02
7.889200549801377027e-02
8.211977412295964895e-02
8.539386005454592532e-02
8.871433613568824317e-02
9.208127390740068752e-02
9.549474344858178976e-02
9.895481321030255573e-02
1.024615498446261597e-01
1.060150180279882531e-01
1.096152802791546393e-01
1.132623967718143915e-01
1.169564251418393624e-01
1.206974202892640569e-01
1.244854341750588206e-01
1.283205156127373570e-01
1.322027100548980871e-01
1.361320593747619712e-01
1.401086016427883774e-01
1.441323708984947050e-01
1.482033969175450550e-01
1.523217049742349172e-01
1.564873155994909171e-01
1.607002443344933140e-01
1.649605014800748504e-01
1.692680918420173264e-01
1.736230144723916180e-01
1.780252624071096967e-01
1.824748223998219898e-01
1.869716746194904078e-01
1.915157925100934300e-01
1.961071423142614067e-01
2.007456829289506195e-01
2.054313655899379087e-01
2.101641335876789363e-01
2.149439219808316204e-01
2.197706573076979586e-01
2.246442572957779715e-01
2.295646305696821821e-01
2.345316763576410501e-01
2.395452842142983818e-01
2.446053336535430334e-01
2.497116939622122112e-01
2.548642238284608563e-01
2.600627710641338908e-01
2.653071723081094069e-01
2.705972527300483654e-01
2.759328257348455660e-01
2.813136926680374073e-01
2.867396425224948420e-01
2.922104516466709767e-01
2.977258834547004129e-01
3.032856881386725711e-01
3.088896023833582749e-01
3.145373490837255481e-01
3.202286370655407777e-01
3.259631608093692123e-01
3.317406001783006486e-01
3.375606201497066694e-01
3.434228705513730495e-01
3.493269858022986507e-01
3.552725846585179648e-01
3.612592699642402927e-01
3.672866284086485078e-01
3.733542302886888598e-01
3.794616292781535227e-01
3.856083622034071068e-01
3.917939488260580583e-01
3.980178916329072392e-01
4.042796756335054753e-01
4.105787681656193899e-01
4.169146187089340927e-01
4.232866587073116360e-01
4.296943013998865690e-01
4.361369416613724570e-01
4.426139558517981909e-01
4.491247016760510635e-01
4.556685180534714164e-01
4.622447249978098860e-01
4.688526235078505078e-01
4.754914954689458129e-01
4.821606035657632905e-01
4.888591912065100020e-01
4.955864824588814832e-01
5.023416819980295323e-01
5.091239750667326813e-01
5.159325274481001422e-01
5.227664854509452841e-01
5.296249759081264052e-01
5.365071061880508640e-01
5.434119642195267552e-01
5.503386185302024947e-01
5.572861182987488560e-01
5.642534934209753050e-01
5.712397545900715912e-01
5.782438933910901691e-01
5.852648824098631852e-01
5.923016753564649406e-01
5.993532072033460611e-01
6.064183943382870368e-01
6.134961347322320790e-01
6.205853081221258671e-01
6.276847762088224592e-01
6.347933828701344261e-01
6.419099543890834925e-01
6.490332996973913193e-01
6.561622106342483995e-01
6.632954622203569572e-01
6.704318129472741639e-01
6.775700050820586684e-01
6.847087649871468340e-01
6.918468034554799972e-01
6.989828160607997054e-01
7.061154835230486482e-01
7.132434720888278790e-01
7.203654339418392727e-01
7.274800075505755137e-01
7.345858181905065010e-01
7.416814783165407432e-01
7.487655880343463410e-01
7.558367355654141972e-01
7.628934977453503130e-01
7.699344404883246007e-01
7.769581193288970233e-01
7.839630799296076757e-01
7.909478586209028883e-01
7.979109829627153427e-01
8.048509722623844453e-01
8.117663382128348371e-01
8.186555854402496335e-01
8.255172121124804141e-01
8.323497105498022242e-01
8.391515678469285699e-01
8.459212665059655523e-01
8.526572850799657433e-01
8.593580988266854570e-01
8.660221803722063516e-01
8.726480003840207944e-01
8.792340282531586615e-01
8.857787327850270565e-01
8.922805828984182730e-01
8.987380483323857971e-01
9.051496003604514451e-01
9.115137125117188654e-01
9.178288612984801809e-01
9.240935269497636551e-01
9.303061941504091603e-01
9.364653527851405368e-01
9.425694986871515635e-01
9.486171343907379150e-01
9.546067698873748064e-01
9.605369233848082278e-01
9.664061220685939979e-01
9.722129028655305261e-01
9.779558132085044431e-01
9.836334118021419215e-01
9.892442693887663063e-01
9.947869695140594271e-01
1.000260109291910560e+00
1.005662300167888379e+00
1.010992168680720615e+00
1.016248357221277043e+00
1.021429524788444843e+00
1.026534347741342001e+00
1.031561520547292998e+00
1.036509756524980785e+00
1.041377788582213082e+00
1.046164369947738093e+00
1.050868274896509025e+00
1.055488299467847613e+00
1.060023262175935344e+00
1.064472004712053721e+00
1.068833392638020685e+00
1.073106316070249200e+00
1.077289690353891327e+00
1.081382456726492469e+00
1.085383582970616434e+00
1.089292064054910414e+00
1.093106922763052546e+00
1.096827210310085343e+00
1.100452006945541239e+00
1.103980422542967244e+00
1.107411597175197882e+00
1.110744701674996060e+00
1.113978938180500089e+00
1.117113540665038096e+00
1.120147775450811567e+00
1.123080941705995484e+00
1.125912371924826516e+00
1.128641432390225630e+00
1.131267523618504800e+00
1.133790080785800791e+00
1.136208574135786353e+00
1.138522509368289581e+00
1.140731428008465054e+00
1.142834907756105745e+00
1.144832562814811272e+00
1.146724044200651438e+00
1.148509040029981332e+00
1.150187275786164420e+00
1.151758514564890312e+00
1.153222557298877682e+00
1.154579242958138519e+00
1.155828448727355573e+00
1.156970090167368070e+00
1.158004121347946835e+00
1.158930534959591530e+00
1.159749362402405115e+00
1.160460673851865687e+00
1.161064578301399752e+00
1.161561223581613067e+00
1.161950796356105320e+00
1.162233522061604019e+00
1.162409664982758439e+00
1.162479527992290373e+00
1.162443452573161951e+00
1.162301818667051512e+00
1.162055044528695902e+00
1.161703586556678491e+00
1.161247939100733317e+00
1.160688634245605089e+00
1.160026241571605610e+00
1.159261367891966765e+00
1.158394656967096648e+00
1.157426789195940442e+00
1.156358481284586182e+00
1.155190485892310326e+00
1.153923591255290759e+00
1.152558620788205923e+00
1.151096432663962332e+00
1.149537919371828920e+00
1.147884007254251104e+00
1.146135656022673865e+00
1.144293858252651841e+00
1.142359638858631454e+00
1.140334054548720166e+00
1.138218193259848743e+00
1.136013173573702018e+00
1.133720144113816497e+00
1.131340282924287566e+00
1.128874796830510840e+00
1.126324920782414862e+00
1.123691917180663191e+00
1.120977075186281313e+00
1.118181710014269914e+00
1.115307162211631287e+00
1.112354796920413502e+00
1.109326003126266835e+00
1.106222192893069112e+00
1.103044800584218166e+00
1.099795282071116098e+00
1.096475113929481271e+00
1.093085792624050701e+00
1.089628833682299902e+00
1.086105770857809460e+00
1.082518155283881622e+00
1.078867554618048397e+00
1.075155552178136187e+00
1.071383746070521781e+00
1.067553748311248718e+00
1.063667183940658401e+00
1.059725690132214737e+00
1.055730915296205552e+00
1.051684518178999550e+00
1.047588166958546063e+00
1.043443538336785048e+00
1.039252316629707407e+00
1.035016192855705564e+00
1.030736863822976135e+00
1.026416031216587976e+00
1.022055400685997650e+00
1.017656680933662905e+00
1.013221582805449605e+00
1.008751818383563315e+00
1.004249100082659885e+00
9.997151397498447167e-01
9.951516477692532447e-01
9.905603321718920995e-01
9.859428987200749006e-01
9.813010451864480066e-01
9.766364701704028928e-01
9.719508625489251541e-01
9.672459054662012612e-01
9.625232745203787799e-01
9.577846369289120254e-01
9.530316507044250818e-01
9.482659638416897074e-01
9.434892135117891598e-01
9.387030252888554083e-01
9.339090123547281186e-01
9.291087747466895141e-01
9.243038986072209529e-01
9.194959554503107091e-01
9.146865014428831042e-01
9.098770767019814798e-01
9.050692046081481035e-01
9.002643911355263651e-01
8.954641242298566617e-01
8.906698730531195096e-01
8.858830875434938745e-01
8.811051977015810222e-01
8.763376130392805941e-01
8.715817220198216475e-01
8.668388915175399001e-01
8.621104662978099631e-01
8.573977685174491992e-01
8.527020972459279369e-01
8.480247280077118921e-01
8.433669123460136863e-01
8.387298774082495578e-01
8.341148255534065470e-01
8.295229339816138081e-01
8.249553543860925764e-01
8.204132126276885151e-01
8.158976084321606370e-01
8.114096151103716847e-01
8.069502793015252973e-01
8.025206207395435554e-01
7.981216320426954836e-01
7.937542785265201406e-01
7.894194980401040285e-01
7.851182008257484579e-01
7.808512694020213196e-01
7.766195584701722776e-01
7.724238948438710839e-01
7.682650774022438123e-01
7.641438770660887725e-01
7.600610367971737391e-01
7.560172716205263432e-01
7.520132686695426560e-01
7.480496872537694131e-01
7.441271589491503802e-01
7.402462877105807637e-01
7.364076500064834496e-01
7.326117949752357639e-01
7.288592446031072480e-01
7.251504939234774127e-01
7.214860112370283796e-01
7.178662383525599155e-01
7.142915908481114462e-01
7.107624583520388839e-01
7.072792048436489232e-01
7.038421689730103292e-01
7.004516643995410963e-01
6.971079801489163952e-01
6.938113809878891924e-01
6.905621078165263826e-01
6.873603780774266703e-01
6.842063861813871828e-01
6.811003039490535205e-01
6.780422810680046819e-01
6.750324455647503941e-01
6.720709042911224840e-01
6.691577434244407874e-01
6.662930289809432249e-01
6.634768073418763068e-01
6.607091057916446575e-01
6.579899330674251479e-01
6.553192799196460028e-01
6.526971196826804045e-01
6.501234088551508528e-01
6.475980876891914706e-01
6.451210807880337628e-01
6.426922977112455859e-01
6.403116335869879494e-01
6.379789697306015306e-01
6.356941742688788644e-01
6.334571027693280953e-01
6.312675988737647126e-01
6.291254949355384873e-01
6.270306126597406937e-01
6.249827637456679685e-01
6.229817505258637977e-01
6.210273666335318632e-01
6.191193976106385000e-01
6.172576215796939936e-01
6.154418098800300552e-01
6.136717277095872225e-01
6.119471347642181369e-01
6.102677858738068117e-01
6.086334316345735074e-01
6.070438190368662168e-01
6.054986920877996059e-01
6.039977924084927174e-01
6.025408599207261462e-01
6.011276333390265236e-01
5.997578508382220841e-01
5.984312506232249973e-01
5.971475715073215618e-01
5.959065534809029341e-01
5.947079382700631855e-01
5.935514698844670534e-01
5.924368951539402683e-01
5.913639642532032559e-01
5.903324312142198549e-01
5.893420544256334770e-01
5.883925971187586867e-01
5.874838278396444791e-01
5.866155209067039911e-01
5.857874568534550130e-01
5.849994228559050047e-01
5.842512131441331968e-01
5.835426293976734291e-01
5.828734811242475278e-01
5.822435860215033898e-01
5.816527703213513201e-01
5.811008691165675533e-01
5.805877266693131311e-01
5.801131967012601587e-01
5.796771426650271231e-01
5.792794379966382801e-01
5.789199663487503145e-01
5.785986218044150142e-01
5.783153090711431465e-01
5.780699436550817971e-01
5.778624520151276478e-01
5.776927716968033311e-01
5.775608514457807319e-01
5.774666513009157898e-01
5.774101426667135328e-01
5.773913083651359690e-01
5.774101426667134218e-01
5.774666513009159008e-01
5.775608514457807319e-01
5.776927716968032200e-01
5.778624520151277588e-01
5.780699436550820192e-01
5.783153090711432576e-01
5.785986218044151252e-01
5.789199663487505365e-01
5.792794379966377250e-01
5.796771426650269010e-01
5.801131967012599366e-01
5.805877266693125760e-01
5.811008691165673312e-01
5.816527703213513201e-01
5.822435860215033898e-01
5.828734811242478608e-01
5.835426293976733181e-01
5.842512131441333079e-01
5.849994228559043385e-01
5.857874568534554571e-01
5.866155209067034360e-01
5.874838278396447011e-01
5.883925971187586867e-01
5.893420544256329219e-01
5.903324312142197439e-01
5.913639642532033669e-01
5.924368951539411565e-01
5.935514698844673864e-01
5.947079382700628525e-01
5.959065534809029341e-01
5.971475715073215618e-01
5.984312506232241091e-01
5.997578508382223061e-01
6.011276333390265236e-01
6.025408599207267013e-01
6.039977924084927174e-01
6.054986920878008272e-01
6.070438190368673270e-01
6.086334316345738404e-01
6.102677858738067007e-01
6.119471347642181369e-01
6.136717277095866674e-01
6.154418098800295001e-01
6.172576215796939936e-01
6.191193976106375008e-01
6.210273666335324183e-01
6.229817505258641308e-01
6.249827637456681906e-01
6.270306126597410268e-01
6.291254949355395976e-01
6.312675988737659338e-01
6.334571027693287615e-01
6.356941742688777541e-01
6.379789697306003093e-01
6.403116335869871723e-01
6.426922977112455859e-01
6.451210807880330966e-01
6.475980876891922478e-01
6.501234088551509638e-01
6.526971196826811816e-01
6.553192799196472240e-01
6.579899330674259250e-01
6.607091057916444354e-01
6.634768073418756407e-01
6.662930289809430029e-01
6.691577434244404543e-01
6.720709042911227060e-01
6.750324455647506161e-01
6.780422810680034607e-01
6.811003039490555189e-01
6.842063861813897363e-01
6.873603780774278915e-01
6.905621078165284921e-01
6.938113809878886373e-01
6.971079801489157290e-01
7.004516643995396530e-01
7.038421689730097741e-01
7.072792048436480350e-01
7.107624583520383288e-01
7.142915908481145548e-01
7.178662383525623580e-01
7.214860112370298229e-01
7.251504939234779679e-01
7.288592446031045835e-01
7.326117949752357639e-01
7.364076500064827835e-01
7.402462877105785433e-01
7.441271589491517124e-01
7.480496872537689690e-01
7.520132686695455426e-01
7.560172716205260102e-01
7.600610367971747383e-01
7.641438770660889945e-01
7.682650774022449225e-01
7.724238948438714170e-01
7.766195584701723886e-01
7.808512694020218747e-01
7.851182008257471256e-01
7.894194980401029182e-01
7.937542785265198075e-01
7.981216320426971489e-01
8.025206207395458868e-01
8.069502793015277398e-01
8.114096151103739052e-01
8.158976084321604150e-01
8.204132126276886261e-01
8.249553543860913551e-01
8.295229339816131420e-01
8.341148255534053257e-01
8.387298774082494468e-01
8.433669123460150185e-01
8.480247280077107819e-01
8.527020972459282699e-01
8.573977685174510865e-01
8.621104662978116284e-01
8.668388915175410103e-01
8.715817220198235349e-01
8.763376130392829255e-01
8.811051977015802450e-01
8.858830875434932084e-01
8.906698730531193986e-01
8.954641242298564396e-01
9.002643911355256989e-01
9.050692046081479925e-01
9.098770767019843664e-01
9.146865014428841034e-01
9.194959554503131516e-01
9.243038986072221741e-01
9.291087747466874047e-01
9.339090123547285627e-01
9.387030252888528548e-01
9.434892135117908252e-01
9.482659638416914838e-01
9.530316507044217511e-01
9.577846369289146899e-01
9.625232745203782248e-01
9.672459054662020383e-01
9.719508625489258202e-01
9.766364701704005613e-01
9.813010451864500050e-01
9.859428987200739014e-01
9.905603321718914334e-01
9.951516477692551321e-01
9.997151397498441616e-01
1.004249100082660773e+00
1.008751818383564425e+00
1.013221582805451604e+00
1.017656680933663349e+00
1.022055400685999649e+00
1.026416031216587754e+00
1.030736863822976135e+00
1.035016192855706896e+00
1.039252316629705852e+00
1.043443538336785714e+00
1.047588166958545397e+00
1.051684518178999550e+00
1.055730915296207328e+00
1.059725690132216513e+00
1.063667183940659955e+00
1.067553748311250494e+00
1.071383746070522003e+00
1.075155552178135743e+00
1.078867554618049729e+00
1.082518155283882066e+00
1.086105770857809460e+00
1.089628833682297682e+00
1.093085792624050034e+00
1.096475113929483491e+00
1.099795282071116320e+00
1.103044800584219276e+00
1.106222192893070222e+00
1.109326003126267945e+00
1.112354796920414168e+00
1.115307162211631731e+00
1.118181710014268582e+00
1.120977075186281979e+00
1.123691917180663635e+00
1.126324920782414418e+00
1.128874796830509730e+00
1.131340282924288898e+00
1.133720144113815387e+00
1.136013173573704904e+00
1.138218193259849187e+00
1.140334054548720388e+00
1.142359638858632120e+00
1.144293858252651397e+00
1.146135656022673643e+00
1.147884007254250882e+00
1.149537919371827144e+00
1.151096432663965219e+00
1.152558620788205923e+00
1.153923591255292092e+00
1.155190485892310770e+00
1.156358481284586848e+00
1.157426789195940664e+00
1.158394656967095759e+00
1.159261367891967431e+00
1.160026241571606054e+00
1.160688634245604867e+00
1.161247939100735760e+00
1.161703586556680268e+00
1.162055044528696346e+00
1.162301818667051734e+00
1.162443452573163283e+00
1.162479527992290596e+00
1.162409664982758439e+00
1.162233522061604685e+00
1.161950796356105764e+00
1.161561223581613955e+00
1.161064578301398420e+00
1.160460673851863467e+00
1.159749362402404671e+00
1.158930534959592418e+00
1.158004121347949056e+00
1.156970090167368514e+00
1.155828448727354019e+00
1.154579242958139185e+00
1.153222557298878126e+00
1.151758514564890534e+00
1.150187275786166641e+00
1.148509040029979555e+00
1.146724044200652104e+00
1.144832562814811494e+00
1.142834907756105300e+00
1.140731428008465054e+00
1.138522509368290692e+00
1.136208574135786797e+00
1.133790080785802123e+00
1.131267523618505688e+00
1.128641432390225852e+00
1.125912371924825850e+00
1.123080941705994817e+00
1.120147775450809791e+00
1.117113540665038318e+00
1.113978938180500533e+00
1.110744701674994506e+00
1.107411597175199214e+00
1.103980422542967466e+00
1.100452006945543459e+00
1.096827210310085565e+00
1.093106922763054101e+00
1.089292064054909970e+00
1.085383582970615768e+00
1.081382456726492247e+00
1.077289690353892881e+00
1.073106316070247868e+00
1.068833392638020019e+00
1.064472004712053721e+00
1.060023262175934677e+00
1.055488299467846502e+00
1.050868274896507248e+00
1.046164369947739203e+00
1.041377788582212638e+00
1.036509756524979897e+00
1.031561520547292554e+00
1.026534347741341335e+00
1.021429524788443954e+00
1.016248357221276377e+00
1.010992168680723058e+00
1.005662300167886825e+00
1.000260109291909005e+00
9.947869695140575397e-01
9.892442693887667504e-01
9.836334118021434758e-01
9.779558132085034439e-01
9.722129028655284166e-01
9.664061220685915554e-01
9.605369233848086719e-01
9.546067698873762497e-01
9.486171343907386921e-01
9.425694986871498982e-01
9.364653527851390935e-01
9.303061941504103816e-01
9.240935269497647653e-01
9.178288612984787376e-01
9.115137125117169781e-01
9.051496003604516671e-01
8.987380483323871294e-01
8.922805828984188281e-01
8.857787327850262793e-01
8.792340282531593276e-01
8.726480003840194621e-01
8.660221803722075729e-01
8.593580988266864562e-01
8.526572850799655212e-01
8.459212665059636649e-01
8.391515678469276818e-01
8.323497105498035564e-01
8.255172121124816353e-01
8.186555854402486343e-01
8.117663382128338379e-01
8.048509722623852225e-01
7.979109829627163419e-01
7.909478586209048867e-01
7.839630799296067876e-01
7.769581193288966903e-01
7.699344404883233794e-01
7.628934977453508681e-01
7.558367355654155295e-01
7.487655880343460080e-01
7.416814783165408542e-01
7.345858181905060569e-01
7.274800075505772901e-01
7.203654339418414931e-01
7.132434720888275459e-01
7.061154835230479820e-01
6.989828160607992613e-01
6.918468034554807744e-01
6.847087649871472781e-01
6.775700050820578912e-01
6.704318129472732757e-01
6.632954622203567352e-01
6.561622106342505090e-01
6.490332996973928736e-01
6.419099543890819382e-01
6.347933828701333159e-01
6.276847762088220151e-01
6.205853081221262002e-01
6.134961347322317460e-01
6.064183943382851494e-01
5.993532072033445068e-01
5.923016753564626091e-01
5.852648824098632963e-01
5.782438933910905021e-01
5.712397545900702589e-01
5.642534934209749720e-01
5.572861182987470796e-01
5.503386185302022726e-01
5.434119642195273103e-01
5.365071061880483105e-01
5.296249759081261832e-01
5.227664854509447290e-01
5.159325274480998091e-01
5.091239750667337916e-01
5.023416819980280890e-01
4.955864824588820383e-01
4.888591912065082257e-01
4.821606035657634570e-01
4.754914954689469231e-01
4.688526235078487314e-01
4.622447249978081651e-01
4.556685180534696955e-01
4.491247016760523958e-01
4.426139558517990791e-01
4.361369416613710692e-01
4.296943013998856253e-01
4.232866587073100817e-01
4.169146187089355915e-01
4.105787681656204446e-01
4.042796756335044761e-01
3.980178916329071837e-01
3.917939488260575032e-01
3.856083622034083280e-01
3.794616292781547440e-01
3.733542302886873610e-01
3.672866284086480082e-01
3.612592699642404037e-01
3.552725846585192415e-01
3.493269858022997054e-01
3.434228705513714397e-01
3.375606201497062253e-01
3.317406001783004266e-01
3.259631608093701560e-01
3.202286370655417214e-01
3.145373490837241603e-01
3.088896023833568316e-01
3.032856881386724046e-01
2.977258834547012456e-01
2.922104516466711432e-01
2.867396425224937317e-01
2.813136926680356864e-01
2.759328257348452884e-01
2.705972527300485875e-01
2.653071723081095734e-01
2.600627710641326695e-01
2.548642238284603567e-01
2.497116939622111009e-01
2.446053336535428668e-01
2.395452842142987704e-01
2.345316763576396069e-01
2.295646305696822931e-01
2.246442572957770278e-01
2.197706573076992909e-01
2.149439219808319534e-01
2.101641335876770489e-01
2.054313655899380198e-01
2.007456829289494815e-01
1.961071423142624337e-01
1.915157925100937353e-01
1.869716746194889367e-01
1.824748223998221841e-01
1.780252624071089751e-01
1.736230144723928670e-01
1.692680918420172431e-01
1.649605014800734903e-01
1.607002443344925646e-01
1.564873155994902787e-01
1.523217049742363605e-01
1.482033969175457211e-01
1.441323708984934282e-01
1.401086016427879888e-01
1.361320593747609442e-01
1.322027100548993639e-01
1.283205156127379121e-01
1.244854341750586818e-01
1.206974202892639042e-01
1.169564251418384049e-01
1.132623967718149743e-01
1.096152802791547365e-01
1.060150180279875870e-01
1.024615498446257572e-01
9.895481321030159816e-02
9.549474344858245589e-02
9.208127390740108997e-02
8.871433613568754928e-02
8.539386005454555062e-02
8.211977412295870526e-02
7.889200549801397844e-02
7.571048018961257231e-02
7.257512320967565711e-02
6.948585871584331275e-02
6.644261014964907008e-02
6.344530036921562643e-02
6.049385177645758005e-02
5.758818643882174237e-02
5.472822620560054141e-02
5.191389281882736323e-02
4.914510801881468577e-02
4.642179364434970840e-02
4.374387172761375064e-02
4.111126458386291788e-02
3.852389489591351301e-02
3.598168579351601615e-02
3.348456092764409697e-02
3.103244453978766526e-02
2.862526152630716358e-02
2.626293749790702126e-02
2.394539883432940386e-02
2.167257273430953091e-02
1.944438726089736669e-02
1.726077138220930007e-02
1.512165500769231674e-02
1.302696901999911283e-02
1.097664530253487924e-02
8.970616762785862952e-03
7.008817351501633874e-03
5.091182077826342245e-03
3.217647020466896102e-03
1.388149331890006777e-03
-3.973727426556522557e-04
-2.138979896331619224e-03
-3.836731733465964522e-03
-5.490686792343102418e-03
-7.100902552804447265e-03
-8.667435450269253550e-03
-1.019034089300129009e-02
-1.166967328251447555e-02
-1.310548603704167481e-02
-1.449783161797482678e-02
-1.584676155918703089e-02
-1.715232649915549024e-02
-1.841457621580441101e-02
-1.963355966397743735e-02
-2.080932501546239183e-02
-2.194191970149906440e-02
-2.303139042748163917e-02
-2.407778334065446835e-02
-2.508114389941178829e-02
-2.604151704466906719e-02
-2.695894722380946795e-02
-2.783347844649979030e-02
-2.866515434247946664e-02
-2.945401822127696051e-02
-3.020011313378372780e-02
-3.090348193563315082e-02
-3.156416738248278564e-02
-3.218221207587945026e-02
-3.275765871369078208e-02
-3.329055003860754286e-02
-3.378092894024939397e-02
-3.422883852834620461e-02
-3.463432220738665163e-02
-3.499742375272787975e-02
-3.531818738811709490e-02
-3.559665786458823811e-02
-3.583288054073372614e-02
-3.602690146428980805e-02
-3.617876745504278874e-02
-3.628852618901903804e-02
-3.635622628393907901e-02
-3.638191738593736513e-02
-3.636565025751086616e-02
-3.630747686670392216e-02
-3.620745047750024287e-02
-3.606562574144292488e-02
-3.588205879043904201e-02
-3.565680733077349063e-02
-3.538993073832635838e-02
-3.508149015496719869e-02
-3.473154858616635254e-02
-3.434017099978618065e-02
-3.390742442607355689e-02
-3.343337805886873598e-02
-3.291810335799577603e-02
-3.236167415288686983e-02
-3.176416674741031759e-02
-3.112566002591485304e-02
-3.044623556051921989e-02
-2.972597771961465671e-02
-2.896497377762016420e-02
-2.816331402598160061e-02
-2.732109188540466499e-02
-2.643840401936690260e-02
-2.551535044886562437e-02
-2.455203466844159757e-02
-2.354856376346023059e-02
-2.250504852865456776e-02
-2.142160358793808450e-02
-2.029834751547056337e-02
-1.913540391371913035e-02
-1.793289675837907160e-02
-1.669096008051457886e-02
-1.540972853529711320e-02
-1.408934230794055796e-02
-1.272994628645641307e-02
-1.133169019133135197e-02
-9.894728706365599896e-03
-8.419221610669970490e-03
-6.905333911770648175e-03
-5.353235979809915085e-03
-3.763103682814201295e-03
-2.135118522959840448e-03
-4.694677738513938769e-04
1.233655381290249542e-03
2.974051710532256421e-03
4.751515793293872858e-03
6.565835879642586970e-03
8.416793748841751299e-03
1.030416456725829349e-02
1.222771674567126043e-02
1.418721179604893329e-02
1.618240418790546642e-02
1.821304120427127277e-02
2.027886279740410622e-02
2.237960144431526410e-02
2.451498200219099158e-02
2.668472156384624205e-02
2.888852931327385090e-02
3.112610638143216077e-02
3.339714570237045654e-02
3.570133185974776885e-02
3.803834098525037816e-02
4.040784055308809658e-02
4.280948928194454328e-02
4.524293698362642779e-02
4.770782442389510936e-02
5.020378318456925754e-02
5.273043552703574055e-02
5.528739425736514668e-02
5.787426259314180227e-02
6.049063403221434376e-02
6.313609222066787763e-02
6.581021083601608368e-02
6.851255344941659109e-02
7.124267341134356279e-02
7.400011373088859201e-02
7.678440695962654439e-02
7.959507507863196329e-02
8.243162938887312052e-02
8.529357040515607447e-02
8.818038775382604222e-02
9.109156007444008107e-02
9.402655492559429395e-02
9.698482869513849747e-02
9.996582651496713212e-02
1.029689821806025890e-01
1.059937180757984376e-01
1.090394451023573158e-01
1.121055626153887319e-01
1.151914583642233425e-01
1.182965084391939675e-01
1.214200772245117022e-01
1.245615173574437934e-01
1.277201696940161446e-01
1.308953632814564005e-01
1.340864153375860290e-01
1.372926312373944358e-01
1.405133045069811848e-01
1.437477168251090898e-01
1.469951380325520696e-01
1.502548261494527360e-01
1.535260274009113690e-01
1.568079762509769215e-01
1.600998954452654000e-01
1.634009960623949431e-01
1.667104775744093770e-01
1.700275279164150111e-01
1.733513235655729789e-01
1.766810296296540406e-01
1.800157999453202984e-01
1.833547771862859554e-01
1.866970929815514046e-01
1.900418680438299424e-01
1.933882123083440208e-01
1.967352250821191584e-01
2.000819952039104566e-01
2.034276012149032198e-01
2.067711115402889044e-01
2.101115846818468191e-01
2.134480694216201735e-01
2.167796050367955529e-01
2.201052215258669509e-01
2.234239398461586590e-01
2.267347721627840373e-01
2.300367221090914849e-01
2.333287850586471812e-01
2.366099484088067528e-01
2.398791918758786113e-01
2.431354878019279520e-01
2.463778014731976829e-01
2.496050914501680429e-01
2.528163099092256005e-01
2.560104029959154870e-01
2.591863111897493854e-01
2.623429696805024691e-01
2.654793087559508269e-01
2.685942542009683298e-01
2.716867277079018095e-01
2.747556472981218523e-01
2.777999277546297496e-01
2.808184810656135233e-01
2.838102168788096402e-01
2.867740429665057711e-01
2.897088657010469803e-01
2.926135905406526128e-01
2.954871225253554168e-01
2.983283667587807719e-01
3.011362290182961754e-01
3.039096161409461372e-01
3.066474366486731107e-01
3.093486012693430487e-01
3.120120234887581723e-01
3.146366201111165939e-01
3.172213118276242527e-01
3.197650237929370309e-01
3.222666862091545514e-01
3.247252349169891250e-01
3.271396120356376835e-01
3.295087664013082174e-01
3.318316544248680056e-01
3.341072405450133953e-01
3.363344978905227212e-01
3.385124089070089548e-01
3.406399659882388131e-01
3.427161721115690174e-01
3.447400414770830923e-01
3.467106001499765666e-01
3.486268867057412124e-01
3.504879528776814746e-01
3.522928642062828075e-01
3.540407006899640163e-01
3.557305574367031209e-01
3.573615453160579603e-01
3.589327916110506278e-01
3.604434406694195236e-01
3.618926545537036743e-01
3.632796136896319084e-01
3.646035175122900318e-01
3.658635851095050628e-01
3.670590558619170052e-01
3.681891900791751659e-01
3.692532696317076812e-01
3.702505985774930952e-01
3.711805037832821008e-01
3.720423355396907938e-01
3.728354681696018358e-01
3.735593006292924345e-01
3.742132571017254272e-01
3.747967875814244287e-01
3.753093684503432947e-01
3.757505030441889993e-01
3.761197222085747027e-01
3.764165848444803730e-01
3.766406784424152776e-01
3.767916196047093047e-01
3.768690545554076454e-01
3.768726596371517745e-01
3.768021417945327523e-01
3.766572390433364781e-01
3.764377209251415501e-01
3.761433889467307723e-01
3.757740770037678590e-01
3.753296517882247496e-01
3.748100131790307321e-01
3.742150946154250146e-01
3.735448634525261880e-01
3.727993212985915017e-01
3.719785043335280816e-01
3.710824836081351163e-01
3.701113653236340895e-01
3.690652910910583451e-01
3.679444381700041622e-01
3.667490196863881224e-01
3.654792848287402030e-01
3.641355190226610583e-01
3.627180440830667929e-01
3.612272183438156592e-01
3.596634367644047092e-01
3.580271310133815721e-01
3.563187695281249123e-01
3.545388575507353868e-01
3.526879371397130258e-01
3.507665871571681859e-01
3.487754232313124425e-01
3.467150976939820661e-01
3.445862994930199430e-01
3.423897540792608107e-01
3.401262232680106190e-01
3.377965050748195641e-01
3.354014335254317247e-01
3.329418784398066600e-01
3.304187451901037798e-01
3.278329744687097369e-01
3.251855418507983431e-01
3.224774576865784836e-01
3.197097666143573491e-01
3.168835472224860172e-01
3.139999116504871846e-01
3.110600051641246311e-01
3.080650057045098977e-01
3.050161234113513697e-01
3.019146001204827123e-01
2.987617087894116619e-01
2.955587531289289305e-01
2.923070667479335527e-01
2.890080127335390436e-01
2.856629829770637174e-01
2.822733975213279067e-01
2.788407038838125462e-01
2.753663763559802691e-01
2.718519152791504245e-01
2.682988462972384358e-01
2.647087195867854348e-01
2.610831090646765773e-01
2.574236115739747532e-01
2.537318460483496962e-01
2.500094526555394769e-01
2.462580919203880281e-01
2.424794438279495312e-01
2.386752069072144988e-01
2.348470972960194914e-01
2.309968477877196447e-01
2.271262068602276363e-01
2.232369376880490031e-01
2.193308171379436955e-01
2.154096347489024010e-01
2.114751916970641354e-01
2.075292997463386580e-01
2.035737801853929885e-01
1.996104627517625019e-01
1.956411845438365549e-01
1.916677889214441211e-01
1.876921243958871166e-01
1.837160435101359568e-01
1.797414017100458783e-01
1.757700562074089867e-01
1.718038648356354225e-01
1.678446848989778306e-01
1.638943720160780104e-01
1.599547789587399405e-01
1.560277544868350352e-01
1.521151421801409387e-01
1.482187792681047556e-01
1.443404954583464295e-01
1.404821117648613893e-01
1.366454393368222164e-01
1.328322782888816389e-01
1.290444165339284244e-01
1.252836286191935933e-01
1.215516745666405801e-01
1.178502987186049178e-01
1.141812285895431323e-01
1.105461737249115728e-01
1.069468245680227775e-01
1.033848513358548993e-01
9.986190290474455944e-02
9.637960570685243089e-02
9.293956263835656539e-02
8.954335198026491804e-02
8.619252633275238662e-02
8.288861156396380714e-02
7.963310577410449842e-02
7.642747827579116082e-02
7.327316859145656391e-02
7.017158546872703795e-02
6.712410591462364406e-02
6.413207424939085244e-02
6.119680118083918596e-02
5.831956289996997889e-02
5.550160019871119149e-02
5.274411761054992320e-02
5.004828257481825499e-02
4.741522462540606608e-02
4.484603460462477376e-02
4.234176390293580006e-02
3.990342372527272419e-02
3.753198438459409703e-02
3.522837461051769870e-02
3.299348095066065994e-02
3.082814707301985424e-02
2.873317322599789475e-02
2.670931566496382789e-02
2.475728612242501098e-02
2.287775130959431025e-02
2.107133244985524498e-02
1.933860484460778878e-02
1.768009747192252415e-02
1.609629261843490908e-02
1.458762555606453459e-02
1.315448419637061002e-02
1.179720889268964963e-02
1.051609216274878959e-02
9.311378503623349984e-03
8.183264230301912079e-03
7.131897349647178287e-03
6.157377469937766121e-03
5.259755746140555230e-03
4.439034861062529994e-03
3.695169042461664277e-03
3.028064116199617652e-03
2.437577595468142476e-03
1.923518806093312038e-03
1.485649047896835931e-03
1.123681792054077562e-03
8.372829143613392047e-04
6.260709642966141852e-04
4.896174697156948589e-04
4.274472770076873118e-04
4.390389264916916279e-04
5.238250628107573616e-04
6.811928800475033560e-04
9.104846012527362167e-04
1.210997992047338490e-03
1.581986907932669655e-03
2.022661874906629600e-03
2.532190702954704997e-03
3.109699131963416813e-03
3.754271509557220634e-03
4.464951500352489465e-03
5.240742826074203456e-03
6.080610035960440536e-03
6.983479306860365145e-03
7.948239272383327003e-03
8.973741880455868292e-03
1.005880327859522486e-02
1.120220472618792956e-02
1.240269353305380011e-02
1.365898402351725313e-02
1.496975852522506971e-02
1.633366838188962666e-02
1.774933498913204913e-02
1.921535085258868278e-02
2.073028066738841907e-02
2.229266241813456298e-02
2.390100849846288691e-02
2.555380684925103590e-02
2.724952211454118034e-02
2.898659681420215350e-02
3.076345253235223884e-02
3.257849112056059732e-02
3.443009591479433140e-02
3.631663296511313671e-02
3.823645227706175265e-02
4.018788906370977798e-02
4.216926500730527189e-02
4.417888952944017122e-02
4.621506106868528141e-02
4.827606836458427780e-02
5.036019174694175704e-02
5.246570442929179845e-02
5.459087380545168955e-02
5.673396274806503936e-02
5.889323090801289878e-02
6.106693601360652784e-02
6.325333516843624493e-02
6.545068614677355956e-02
6.765724868542864756e-02
6.987128577094610382e-02
7.209106492106137631e-02
7.431485945930121906e-02
7.654094978164886764e-02
7.876762461420541706e-02
8.099318226073995430e-02
8.321593182138084521e-02
8.543419448673934824e-02
8.764630464548021915e-02
8.985061114889907052e-02
9.204547847555753781e-02
9.422928791898153855e-02
9.640043862227044846e-02
9.855734893389868356e-02
1.006984572916812121e-01
1.028222234260270929e-01
1.049271294063350429e-01
1.070116807158843358e-01
1.090744071653660802e-01
1.111138640581001147e-01
1.131286330568870291e-01
1.151173231615789522e-01
1.170785716334329374e-01
1.190110448925267572e-01
1.209134393875228169e-01
1.227844824370345200e-01
1.246229330419417469e-01
1.264275826679651937e-01
1.281972559978846460e-01
1.299308116527996548e-01
1.316271428818484857e-01
1.332851782198584412e-01
1.349038821123984266e-01
1.364822555077543353e-01
1.380193364153893820e-01
1.395142004304590344e-01
1.409659612239892168e-01
1.423737709983818600e-01
1.437368209079112336e-01
1.450543414439232071e-01
1.463256027845068474e-01
1.475499151083714822e-01
1.487266288728013863e-01
1.498551350554863104e-01
1.509348653601426393e-01
1.519652923858226534e-01
1.529459297598767253e-01
1.538763322345493567e-01
1.547560957472291499e-01
1.555848574444088916e-01
1.563622956694448729e-01
1.570881299142542764e-01
1.577621207350778376e-01
1.583840696325386210e-01
1.589538188961969467e-01
1.594712514138698078e-01
1.599362904460245038e-01
1.603488993655416972e-01
1.607090813632472970e-01
1.610168791195684401e-01
1.612723744427693451e-01
1.614756878742127644e-01
1.616269782611167438e-01
1.617264422973627436e-01
1.617743140328687101e-01
1.617708643521224843e-01
1.617164004224888041e-01
1.616112651129024691e-01
1.614558363836388344e-01
1.612505266478270194e-01
1.609957821054423532e-01
1.606920820505093050e-01
1.603399381522833955e-01
1.599398937112111452e-01
1.594925228904592596e-01
1.589984299238947629e-01
1.584582483013149412e-01
1.578726399318644835e-01
1.572422942864916962e-01
1.565679275203914478e-01
1.558502815763593286e-01
1.550901232700095389e-01
1.542882433578186274e-01
1.534454555889985528e-01
1.525625957421651024e-01
1.516405206478492751e-01
1.506801071978368378e-01
1.496822513423929635e-01
1.486478670764113941e-01
1.475778854155150865e-01
1.464732533632202016e-01
1.453349328701616650e-01
1.441638998128990101e-01
1.429611428359048586e-01
1.417276624490818593e-01
1.404644698634196498e-01
1.391725859522481012e-01
1.378530401856503107e-01
1.365068695645122454e-01
1.351351175552788220e-01
1.337388330265101843e-01
1.323190691883057712e-01
1.308768825356294851e-01
1.294133317629656832e-01
1.279294768530578885e-01
1.264263778372916869e-01
1.249050938988397613e-01
1.233666823179998262e-01
1.218121974609674835e-01
1.202426897797182759e-01
1.186592048239838298e-01
1.170627822663044687e-01
1.154544549410684295e-01
1.138352478985189542e-01
1.122061774745876372e-01
1.105682503774943620e-01
1.089224627919566368e-01
1.072697995018677131e-01
1.056112330322909465e-01
1.039477228115541080e-01
1.022802143542422826e-01
1.006096384658598103e-01
9.893691046985761406e-02
9.726292945779925481e-02
9.558857756327950039e-02
9.391471926031226547e-02
9.224220068677392581e-02
9.057184899352038743e-02
8.890447171975844609e-02
8.724085619517779611e-02
8.558176896941344092e-02
8.392795526924903826e-02
8.228013848406819097e-02
8.063901967994945019e-02
7.900527714277645608e-02
7.737956595075526356e-02
7.576251757661978115e-02
7.415473951983195255e-02
7.255681496904931027e-02
7.096930249503147214e-02
6.939273577424263928e-02
6.782762334323290399e-02
6.627444838397081317e-02
6.473366854019246830e-02
6.320571576481529008e-02
6.169099619844783250e-02
6.018989007896949350e-02
5.870275168212618633e-02
5.722990929308102021e-02
5.577166520876601641e-02
5.432829577092283813e-02
5.290005142961357737e-02
5.148715683700470780e-02
5.008981097117404940e-02
4.870818728963662719e-02
4.734243391230757297e-02
4.599267383351767630e-02
4.465900516273341170e-02
4.334150139355740644e-02
4.204021170057087309e-02
4.075516126355029078e-02
3.948635161856176717e-02
3.823376103539244397e-02
3.699734492078549097e-02
3.577703624687152140e-02
3.457274600420318089e-02
3.338436367874470651e-02
3.221175775216129911e-02
3.105477622472374577e-02
2.991324716010505466e-02
2.878697925135659599e-02
2.767576240728430309e-02
2.657936835846673451e-02
2.549755128210911062e-02
2.443004844491752231e-02
2.337658086315613434e-02
2.233685397904085906e-02
2.131055835258525988e-02
2.029737035286638402e-02
1.929695293872328576e-02
1.830895630087482628e-02
1.733301866698959415e-02
1.636876704222522613e-02
1.541581797477619559e-02
1.447377833040027970e-02
1.354224607497909842e-02
1.262081106411671108e-02
1.170905583881102184e-02
1.080655644035395657e-02
9.912883158298139291e-03
9.027601424145737311e-03
8.150272563985802576e-03
7.280454624074606668e-03
6.417703182125984729e-03
5.561572157720545695e-03
4.711614620858476862e-03
3.867383597655914187e-03
3.028432872215368245e-03
2.194317783688135102e-03
1.364596017562504440e-03
5.388283902221721600e-04
-2.834203741835733883e-04
-1.102580875492868012e-03
-1.919078278830260373e-03
-2.733331566384157325e-03
-3.545752800544592093e-03
-4.356746399308298115e-03
-5.166708424811537401e-03
-5.976025885848854600e-03
-6.785076055223717220e-03
-7.594225802737728306e-03
-8.403830944634144498e-03
-9.214235610267518251e-03
-1.002577162675667363e-02
-1.083875792237233571e-02
-1.165349994935223517e-02
-1.247028912686018974e-02
-1.328940230473760371e-02
-1.411110124869431603e-02
-1.493563214756138749e-02
-1.576322514318155912e-02
-1.659409388351738499e-02
-1.742843509949794367e-02
-1.826642820611153184e-02
-1.910823492823204156e-02
-1.995399895161146728e-02
-2.080384559947139056e-02
-2.165788153506989500e-02
-2.251619449060015057e-02
-2.337885302275772431e-02
-2.424590629525056121e-02
-2.511738388853430870e-02
-2.599329563698250453e-02
-2.687363149370152610e-02
-2.775836142314885152e-02
-2.864743532168111811e-02
-2.954078296613942001e-02
-3.043831399052936149e-02
-3.133991789082393731e-02
-3.224546405789656400e-02
-3.315480183853802831e-02
-3.406776062449971137e-02
-3.498414996945100469e-02
-3.590375973371665030e-02
-3.682636025663706125e-02
-3.775170255633251981e-02
-3.867951855665802824e-02
-3.960952134106476841e-02
-4.054140543308325934e-02
-4.147484710309527062e-02
-4.240950470102728548e-02
-4.334501901459034134e-02
-4.428101365262725186e-02
-4.521709545312511264e-02
-4.615285491541274571e-02
-4.708786665602616994e-02
-4.802168988771522012e-02
-4.895386892101574045e-02
-4.988393368779561049e-02
-5.081140028616795701e-02
-5.173577154610187884e-02
-5.265653761509360431e-02
-5.357317656317696353e-02
-5.448515500056734517e-02
-5.539192874369237157e-02
-5.629294343640992709e-02
-5.718763525046587776e-02
-5.807543156959222436e-02
-5.895575169479773392e-02
-5.982800756355917404e-02
-6.069160448203107794e-02
-6.154594186942354689e-02
-6.239041401365046091e-02
-6.322441083734334222e-02
-6.404731867343149698e-02
-6.485852104815029162e-02
-6.565739947497069295e-02
-6.644333425070954313e-02
-6.721570526011863556e-02
-6.797389278453161432e-02
-6.871727831424831456e-02
-6.944524536370616508e-02
-7.015718028844177001e-02
-7.085247310284788214e-02
-7.153051829777547221e-02
-7.219071565694705483e-02
-7.283247107123186348e-02
-7.345519734978032955e-02
-7.405831502702515945e-02
-7.464125316459084558e-02
-7.520345014711912746e-02
-7.574435447104137242e-02
-7.626342552534769170e-02
-7.676013436337938978e-02
-7.723396446471289534e-02
-7.768441248619221973e-02
-7.811098900118960964e-02
-7.851321922617732207e-02
-7.889064373371559857e-02
-7.924281915097179663e-02
-7.956931884289718260e-02
-7.986973357921683947e-02
-8.014367218439395757e-02
-8.039076216974525013e-02
-8.061065034692160847e-02
-8.080300342197330177e-02
-8.096750856923434769e-02
-8.110387398431324890e-02
-8.121182941545551648e-02
-8.129112667260995906e-02
-8.134154011352702496e-02
-8.136286710625649510e-02
-8.135492846742983786e-02
-8.131756887575211645e-02
-8.125065726013572243e-02
-8.115408716195796068e-02
-8.102777707093949955e-02
-8.087167073417303453e-02
-8.068573743786885966e-02
-8.046997226139881998e-02
-8.022439630327224402e-02
-7.994905687868905653e-02
-7.964402768835920909e-02
-7.930940895831024851e-02
-7.894532755042479866e-02
-7.855193704350657558e-02
-7.812941778467523413e-02
-7.767797691095465473e-02
-7.719784834093608439e-02
-7.668929273642788313e-02
-7.615259743406072035e-02
-7.558807634681197207e-02
-7.499606983549889083e-02
-7.437694455027080154e-02
-7.373109324220449012e-02
-7.305893454512825402e-02
-7.236091272782031736e-02
-7.163749741678844540e-02
-7.088918328984705752e-02
-7.011648974075274099e-02
-6.931996051520063207e-02
-6.850016331848593487e-02
-6.765768939521796255e-02
-6.679315308144979924e-02
-6.590719132966460503e-02
-6.500046320707014713e-02
-6.407364936767281915e-02
-6.312745149866871852e-02
-6.216259174168100449e-02
-6.117981208956829037e-02
-6.017987375811090223e-02
-5.916355653751836224e-02
-5.813165811724038678e-02
-5.708499339122409533e-02
-5.602439374131182315e-02
-5.495070630010310403e-02
-5.386479319401836496e-02
-5.276753076737853571e-02
-5.165980878828348166e-02
-5.054252963713003199e-02
-4.941660748244330187e-02
-4.828296742223169707e-02
-4.714254464767985570e-02
-4.599628355649368339e-02
-4.484513687126967518e-02
-4.369006474235952175e-02
-4.253203383970284579e-02
-4.137201643460181738e-02
-4.021098947242324195e-02
-3.904993363721456084e-02
-3.788983240923590734e-02
-3.673167111643386301e-02
-3.557643598086250580e-02
-3.442511316109584524e-02
-3.327868779165405605e-02
-3.213814302048954158e-02
-3.100445904557803251e-02
-2.987861215165563133e-02
-2.876157374815156015e-02
-2.765430940936564400e-02
-2.655777791793888579e-02
-2.547293031265147889e-02
-2.440070894160425649e-02
-2.334204652180556575e-02
-2.229786520621287321e-02
-2.126907565922608878e-02
-2.025657614168220946e-02
-1.926125160632588887e-02
-1.828397280477615100e-02
-1.732559540696431213e-02
-1.638695888567722955e-02
-1.546888690553464320e-02
-1.457218400224319713e-02
-1.369763724488991773e-02
-1.284601419035488398e-02
-1.201806234582974281e-02
-1.121450840195905088e-02
-1.043605748579219672e-02
-9.683392434378447142e-03
-8.957173089825912898e-03
-8.258035616597686479e-03
-7.586591841826815022e-03
-6.943428619377964468e-03
-6.329107218385942625e-03
-5.744162736938672117e-03
-5.189103541588150660e-03
-4.664410733311268389e-03
-4.170537640526137541e-03
-3.707909339748042318e-03
-3.276922204420254416e-03
-2.877943482444526163e-03
-2.511310902890304293e-03
-2.177332312338179331e-03
-1.876285341275297190e-03
-1.608417100933660741e-03
-1.373943910919195842e-03
-1.173051057962783486e-03
-1.005892586066085836e-03
-8.725911183079613359e-04
-7.732377105164438269e-04
-7.078917369978884877e-04
-6.765808084660297761e-04
-6.793007222811852513e-04
-7.160154450801658327e-04
-7.866571278338594514e-04
-8.911261533375344074e-04
-1.029291216103254969e-03
-1.200989434588906057e-03
-1.406026495657771228e-03
-1.644176831134054606e-03
-1.915183826277453566e-03
-2.218760059971005769e-03
-2.554587576377267619e-03
-2.922318187778950513e-03
-3.321573808301210226e-03
-3.751946834560532587e-03
-4.213000474568471057e-03
-4.704269269869982770e-03
-5.225259483774936237e-03
-5.775449599820342908e-03
-6.354290832270464637e-03
-6.961207664370689177e-03
-7.595598413773859206e-03
-8.256835824531686546e-03
-8.944267685028903930e-03
-9.657217454834698608e-03
-1.039498499807316179e-02
-1.115684717646674845e-02
-1.194205862998175618e-02
-1.274985249746019185e-02
-1.357944117529786762e-02
-1.443001709687121055e-02
-1.530075353185111377e-02
-1.619080540456135225e-02
-1.709931013048530263e-02
-1.802538847001971395e-02
-1.896814539855523618e-02
-1.992667099194070715e-02
-2.090004132637254125e-02
-2.188731939174475352e-02
-2.288755601746080004e-02
-2.389979081127770189e-02
-2.492305309922264456e-02
-2.595636289838285093e-02
-2.699873186683107024e-02
-2.804916428435107190e-02
-2.910665803007862068e-02
-3.017020556695316005e-02
-3.123879493034964830e-02
-3.231141071982802926e-02
-3.338703509292650917e-02
-3.446464875993920235e-02
-3.554323197858683808e-02
-3.662176554754097840e-02
-3.769923179770617166e-02
-3.877461558021481902e-02
-3.984690525007624634e-02
-4.091509364440731877e-02
-4.197817905423187335e-02
-4.303516618877951949e-02
-4.408506713127852139e-02
-4.512690228522341085e-02
-4.615970131009668881e-02
-4.718250404558228805e-02
-4.819436142326420647e-02
-4.919433636487087480e-02
-5.018150466611744076e-02
-5.115495586520332760e-02
-5.211379409508720001e-02
-5.305713891862011422e-02
-5.398412614569279844e-02
-5.489390863155146905e-02
-5.578565705543778175e-02
-5.665856067879694591e-02
-5.751182808223677390e-02
-5.834468788052427773e-02
-5.915638941489619745e-02
-5.994620342196583379e-02
-6.071342267860305175e-02
-6.145736262212860013e-02
-6.217736194521238102e-02
-6.287278316493966068e-02
-6.354301316545582501e-02
-6.418746371372266446e-02
-6.480557194789252073e-02
-6.539680083784520093e-02
-6.596063961751710836e-02
-6.649660418859727751e-02
-6.700423749530641515e-02
-6.748310986991631899e-02
-6.793281934874770278e-02
-6.835299195844729558e-02
-6.874328197229473414e-02
-6.910337213643086285e-02
-6.943297386587239661e-02
-6.973182741020168829e-02
-6.999970198893384898e-02
-7.023639589650708392e-02
-7.044173657695088075e-02
-7.061558066829479174e-02
-7.075781398115255083e-02
-7.086835162557417189e-02
-7.094713775155048197e-02
-7.099414561628872300e-02
-7.100937744398838625e-02
-7.099286429214415883e-02
-7.094466588907843985e-02
-7.086487044306907790e-02
-7.075359442348280736e-02
-7.061098231432563765e-02
-7.043720634068229014e-02
-7.023246620166374854e-02
-6.999698861121739224e-02
-6.973102714650554479e-02
-6.943486173736790334e-02
-6.910879829893931681e-02
-6.875316830708663729e-02
-6.836832835089515226e-02
-6.795465966295674565e-02
-6.751256762818957924e-02
-6.704248127197698359e-02
-6.654485272840648946e-02
-6.602015668946936700e-02
-6.546888983604604029e-02
-6.489157025156774838e-02
-6.428873681925431627e-02
-6.366094860383642029e-02
-6.300878421872514734e-02
-6.233284117956532089e-02
-6.163373524517237745e-02
-6.091209974683865769e-02
-6.016858490702002571e-02
-5.940385714843698928e-02
-5.861859839462017774e-02
-5.781350536296515907e-02
-5.698928885134320332e-02
-5.614667301935843263e-02
-5.528639466530910207e-02
-5.440920249997330260e-02
-5.351585641827472095e-02
-5.260712676995631110e-02
-5.168379363034041052e-02
-5.074664607228583646e-02
-4.979648144044948599e-02
-4.883410462893505999e-02
-4.786032736344701666e-02
-4.687596748902409655e-02
-4.588184826444083320e-02
-4.487879766438501727e-02
-4.386764769044804863e-02
-4.284923369200016596e-02
-4.182439369802085083e-02
-4.079396776088885235e-02
-3.975879731320931809e-02
-3.871972453861518421e-02
-3.767759175761072749e-02
-3.663324082937759185e-02
-3.558751257052439332e-02
-3.454124619171913824e-02
-3.349527875309953051e-02
-3.245044463937046819e-02
-3.140757505545032496e-02
-3.036749754349193572e-02
-2.933103552213219001e-02
-2.829900784870191532e-02
-2.727222840520453565e-02
-2.625150570876913850e-02
-2.523764254725981496e-02
-2.423143564075318224e-02
-2.323367532945723804e-02
-2.224514528871302313e-02
-2.126662227162724045e-02
-2.029887587985289982e-02
-1.934266836302665077e-02
-1.839875444730151854e-02
-1.746788119339109588e-02
-1.655078788450882812e-02
-1.564820594451781302e-02
-1.476085888661628903e-02
-1.388946229277663105e-02
-1.303472382417556613e-02
-1.219734326277884147e-02
-1.137801258419417899e-02
-1.057741606189985598e-02
-9.796230402866317952e-03
-9.035124914578793187e-03
-8.294761729799645517e-03
-7.575795930324686830e-03
-6.878875967019547344e-03
-6.204643845050133305e-03
-5.553735472977138973e-03
-4.926780991350628719e-03
-4.324405277015087867e-03
-3.747228113231544384e-03
-3.195864874435155878e-03
-2.670926875955578587e-03
-2.173021897742349884e-03
-1.702754691212443085e-03
-1.260727616628605496e-03
-8.475410992718696371e-04
-4.637943209327578115e-04
-1.100858313674837538e-04
2.129857944883021409e-04
5.048212755306945299e-04
7.648199205695961622e-04
9.923789023411249202e-04
1.186892510369776110e-03
1.347751383616831340e-03
1.474341723914952829e-03
1.566044491196209518e-03
1.622234581581258155e-03
1.642279989416788044e-03
1.625540954387246287e-03
1.571369094857673343e-03
1.479106528639289458e-03
1.348084982393709177e-03
1.177624890925897672e-03
9.670344876399495498e-04
7.156088874609228476e-04
4.226291635503537023e-04
8.736141916333099028e-05
-2.909441439742886659e-04
-7.130541593816730819e-04
-1.179753030210035393e-03
-1.691843862873479865e-03
-2.250149398480682812e-03
-2.855512940590313690e-03
-3.508799277830946563e-03
-4.210895599881179542e-03
-4.962712405325316045e-03
-5.765184399870025567e-03
-6.619271383406638391e-03
-7.525959124408917664e-03
-8.486260220135049756e-03
-9.501214941114482365e-03
-1.057189205839688395e-02
-1.169938965203444828e-02
-1.288483589928717671e-02
-1.412938984102939111e-02
-1.543424212485525020e-02
-1.680061572339105677e-02
-1.822976662630550887e-02
-1.972298450457761476e-02
-2.128159334552079743e-02
-2.290695205715243335e-02
-2.460045504046297696e-02
-2.636353272817463025e-02
-2.819765208861697153e-02
-3.010431709333384609e-02
-3.208506914710229641e-02
-3.414148747903871656e-02
-3.627518949350135719e-02
-3.848783107954568961e-02
-4.078110687769659348e-02
-4.315675050284956127e-02
-4.561653472214723809e-02
-4.816227158669332542e-02
-5.079581251604081693e-02
-5.351904833439301984e-02
-5.633390925751531608e-02
-5.924236482941663828e-02
-6.224642380782677287e-02
-6.534813399767064324e-02
-6.854958203164013275e-02
-7.185289309712676598e-02
-7.526023060878081483e-02
-7.877379582597850149e-02
-8.239582741461443094e-02
-8.612860095260356508e-02
-8.997442837859569165e-02
-9.393565738340511895e-02
-9.801467074375863620e-02
-1.022138856138142399e-01
-1.065357526804311394e-01
-1.109827554132781502e-01
-1.155574091051041891e-01
-1.202622599274436599e-01
-1.250998839127445972e-01
-1.300728858774997665e-01
-1.351838982864820016e-01
-1.404355800581814084e-01
-1.458306153116093462e-01
-1.513717120547737049e-01
-1.570616007865307528e-01
-1.629030331822798328e-01
-1.688987804415411631e-01
-1.750516318574393271e-01
-1.813643931917671981e-01
-1.878398850218810090e-01
-1.944809410327197619e-01
-2.012904062546982398e-01
-2.082711352482529144e-01
-2.154259902359902390e-01
-2.227578391832851779e-01
-2.302695538284098564e-01
-2.379640076632520418e-01
-2.458440738656559876e-01
-2.539126231847192994e-01
-2.621725217801554875e-01
-2.706266290171213118e-01
-2.792777952178527867e-01
-2.881288593714635970e-01
-2.971826468034993729e-01
-3.064419668066760694e-01
-3.159096102344716162e-01
-3.255883470591852680e-01
-3.354809238961159457e-01
-3.455900614956723405e-01
-3.559184522051944688e-01
-3.664687574023024474e-01
-3.772436049017203197e-01
-3.882455863374272287e-01
-3.994772545222042837e-01
-4.109411207865861226e-01
-4.226396522992194038e-01
-4.345752693708740955e-01
-4.467503427440268071e-01
-4.591671908704990646e-01
-4.718280771790196448e-01
-4.847352073353087265e-01
-4.978907264967177837e-01
-5.112967165637739564e-01
-5.249551934310866530e-01
-5.388681042397799326e-01
-5.530373246340732907e-01
-5.674646560241713988e-01
-5.821518228580380150e-01
-5.971004699044709652e-01
-6.123121595498346448e-01
-6.277883691110894837e-01
-6.435304881674422939e-01
-6.595398159131015126e-01
-6.758175585338260793e-01
-6.923648266093793691e-01
-7.091826325448334911e-01
-7.262718880329047666e-01
-7.436334015498179406e-01
-7.612678758874402707e-01
-7.791759057237229724e-01
-7.973579752344512883e-01
-8.158144557482897019e-01
-8.345456034477320983e-01
-8.535515571185171568e-01
-8.728323359495839817e-01
-8.923878373863205482e-01
-9.122178350391504376e-01
-9.323219766498619387e-01
-9.526997821181774073e-01
-9.733506415904403797e-01
-9.942738160843742623e-01
-1.015468423352617666e+00
-1.036933460884935432e+00
-1.058667779555156896e+00
-1.080670094410881577e+00
-1.102938980710616024e+00
-1.125472872509175382e+00
-1.148270061322189450e+00
-1.171328694871608622e+00
-1.194646775869157462e+00
-1.218222161105857237e+00
-1.242052560189372379e+00
-1.266135534803192630e+00
-1.290468497840678852e+00
-1.315048712672646891e+00
-1.339873292507437696e+00
-1.364939199845141005e+00
-1.390243246026828361e+00
-1.415782090880576494e+00
-1.441552242529730909e+00
-1.467550056979022521e+00
-1.493771738439381602e+00
-1.520213339118375862e+00
-1.546870759428496722e+00
-1.573739748235209124e+00
-1.600815903208474111e+00
-1.628094671278472738e+00
-1.655571349195827935e+00
-1.683241084197288462e+00
-1.711098874776877388e+00
-1.739139571563162567e+00
-1.767357878302722840e+00
-1.795748352950006232e+00
-1.824305408863895694e+00
-1.853023316110588903e+00
-1.881896202873105661e+00
-1.910918056967062517e+00
-1.940082727462373535e+00
-1.969383926410927188e+00
-1.998815230679193755e+00
-2.028370083885894903e+00
-2.058041798443809967e+00
-2.087823557704795441e+00
-2.117708418207986387e+00
-2.147689312029362085e+00
-2.177759049232551813e+00
-2.207910320419474548e+00
-2.238135699379521615e+00
-2.268427645836595730e+00
-2.298778508292146139e+00
-2.329180526963257947e+00
-2.359625836814224442e+00
-2.390106470679808748e+00
-2.420614362479063253e+00
-2.451141350517534345e+00
-2.481679180876331881e+00
-2.512219510886389617e+00
-2.542753912685272510e+00
-2.573273876855602271e+00
-2.603770816141902422e+00
-2.634236069244581646e+00
-2.664660904688428644e+00
-2.695036524763240848e+00
-2.725354069534566825e+00
-2.755604620921798809e+00
-2.785779206841351829e+00
-2.815868805412327092e+00
-2.845864349221905787e+00
-2.875756729647987342e+00
-2.905536801236274780e+00
-2.935195386128919282e+00
-2.964723278542219287e+00
-2.994111249289944876e+00
-3.023350050349876028e+00
-3.052430419470327561e+00
-3.081343084813574329e+00
-3.110078769633434437e+00
-3.138628196983377361e+00
-3.166982094452649221e+00
-3.195131198926583593e+00
-3.223066261368550123e+00
-3.250778051619827025e+00
-3.278257363214239550e+00
-3.305495018204513968e+00
-3.332481871996667788e+00
-3.359208818189542090e+00
-3.385666793415728737e+00
-3.411846782180813165e+00
-3.437739821697514131e+00
-3.463337006711183719e+00
-3.488629494313656210e+00
-3.513608508741704828e+00
-3.538265346156858726e+00
-3.562591379403411640e+00
-3.586578062756244023e+00
-3.610216936565688872e+00
-3.633499632013865277e+00
-3.656417875697377529e+00
-3.678963494237875498e+00
-3.701128418837661638e+00
-3.722904689790329957e+00
-3.744284460942745696e+00
-3.765260004105327241e+00
-3.785823713407582058e+00
-3.805968109595420756e+00
-3.825685844223554177e+00
-3.844969704000972932e+00
-3.863812614639200671e+00
-3.882207645055504752e+00
-3.900148011292683403e+00
-3.917627080404463502e+00
-3.934638374261925531e+00
-3.951175573278133513e+00
-3.967232520048540323e+00
-3.982803222904052642e+00
-3.997881859374571523e+00
-4.012462779560191706e+00
-4.026540509407602109e+00
-4.040109753889409738e+00
-4.053165400083871717e+00
-4.065702520152906452e+00
-4.077716374216048045e+00
-4.089202413118289137e+00
-4.100156281089788024e+00
-4.110573818295351955e+00
-4.120451063271953984e+00
-4.129784255252361369e+00
-4.138569836373148902e+00
-4.146804453765565945e+00
-4.154484961527526110e+00
-4.161608422575429067e+00
-4.168172110374319672e+00
-4.174173510545089449e+00
-4.179610322347639517e+00
-4.184480460038717098e+00
-4.188782054103586283e+00
-4.192513452360514314e+00
-4.195673220937242931e+00
-4.198260145118784870e+00
-4.200273230065850960e+00
-4.201711701403357146e+00
-4.202575005678676590e+00
-4.202862810689143913e+00
