-2.058245765637585212e+00
-2.058087009426234015e+00
-2.057610798337818903e+00
-2.056817304979212224e+00
-2.055706816928342562e+00
-2.054279736583999760e+00
-2.052536580955664824e+00
-2.050477981393564963e+00
-2.048104683259078129e+00
-2.045417545535713533e+00
-2.042417540380961238e+00
-2.039105752619237322e+00
-2.035483379176322494e+00
-2.031551728455610384e+00
-2.027312219656613124e+00
-2.022766382036144339e+00
-2.017915854112666274e+00
-2.012762382814331286e+00
-2.007307822571261280e+00
-2.001554134352656167e+00
-1.995503384649371714e+00
-1.989157744402618500e+00
-1.982519487879470521e+00
-1.975590991495941529e+00
-1.968374732588363818e+00
-1.960873288133877068e+00
-1.953089333420882978e+00
-1.945025640670269063e+00
-1.936685077608363725e+00
-1.928070605992489028e+00
-1.919185280090092371e+00
-1.910032245112437632e+00
-1.900614735603856742e+00
-1.890936073787600646e+00
-1.880999667869368563e+00
-1.870809010315682031e+00
-1.860367676011520643e+00
-1.849679320540412286e+00
-1.838747678265065799e+00
-1.827576560452263577e+00
-1.816169853346133678e+00
-1.804531516207208863e+00
-1.792665579318542424e+00
-1.780576141960120928e+00
-1.768267370355253165e+00
-1.755743495573650392e+00
-1.743008811425397875e+00
-1.730067672382081145e+00
-1.716924491255981566e+00
-1.703583737177760904e+00
-1.690049933301811969e+00
-1.676327654591565963e+00
-1.662421525556724733e+00
-1.648336218031013711e+00
-1.634076448814856919e+00
-1.619646977421854928e+00
-1.605052603751314200e+00
-1.590298165760371862e+00
-1.575388537125026245e+00
-1.560328624891533789e+00
-1.545123367119611402e+00
-1.529777730518867118e+00
-1.514296708079911458e+00
-1.498685316701574788e+00
-1.482948594815680199e+00
-1.467091600010790975e+00
-1.451119406656356636e+00
-1.435037103528699953e+00
-1.418849791440233155e+00
-1.402562580873336184e+00
-1.386180589620274128e+00
-1.369708940430565791e+00
-1.353152758667169886e+00
-1.336517169972853969e+00
-1.319807297948125679e+00
-1.303028261842038349e+00
-1.286185174257229225e+00
-1.269283138870483496e+00
-1.252327248170136409e+00
-1.235322581211590887e+00
-1.218274201392212319e+00
-1.201187154246852851e+00
-1.184066465265226187e+00
-1.166917137732342402e+00
-1.149744150593183578e+00
-1.132552456342802882e+00
-1.115346978942952649e+00
-1.098132611766399425e+00
-1.080914215569996228e+00
-1.063696616497589398e+00
-1.046484604113801842e+00
-1.029282929469720553e+00
-1.012096303201462266e+00
-9.949293936626097956e-01
-9.777868250914284465e-01
-9.606731758137869726e-01
-9.435929764826656019e-01
-9.265507083550941214e-01
-9.095508016073404756e-01
-8.925976336891512375e-01
-8.756955277177964625e-01
-8.588487509126420116e-01
-8.420615130709683260e-01
-8.253379650856699223e-01
-8.086821975055035194e-01
-7.920982391384522314e-01
-7.755900556988071237e-01
-7.591615484984701734e-01
-7.428165531830045465e-01
-7.265588385128882720e-01
-7.103921051904057427e-01
-6.943199847325890461e-01
-6.783460383905632884e-01
-6.624737561156354149e-01
-6.467065555724244019e-01
-6.310477811993021602e-01
-6.155007033163690799e-01
-6.000685172811655033e-01
-5.847543426922821030e-01
-5.695612226409937362e-01
-5.544921230110230193e-01
-5.395499317926893967e-01
-5.247374586142767861e-01
-5.100574339835403093e-01
-4.955125089154648887e-01
-4.811052544390927999e-01
-4.668381611861324720e-01
-4.527136390274384414e-01
-4.387340167571598393e-01
-4.249015418243875519e-01
-4.112183801120480875e-01
-3.976866157627887977e-01
-3.843082510515639094e-01
-3.710852063045838589e-01
-3.580193199036745266e-01
-3.451123480999842563e-01
-3.323659655167294225e-01
-3.197817646182402607e-01
-3.073612564710123118e-01
-2.951058705308606256e-01
-2.830169550272468304e-01
-2.710957772134453547e-01
-2.593435254190535888e-01
-2.477613007308316351e-01
-2.363501347476124614e-01
-2.251109726646902676e-01
-2.140446824309717444e-01
-2.031520535318124820e-01
-1.924337975456318905e-01
-1.818905487380182984e-01
-1.715228646925837097e-01
-1.613312269777703589e-01
-1.513160418488400660e-01
-1.414776409842236071e-01
-1.318162822554005131e-01
-1.223321505294697742e-01
-1.130253585035488062e-01
-1.038959475701238672e-01
-9.494388871246332851e-02
-8.616908342919674113e-02
-7.757136468713178579e-02
-6.915049790139905783e-02
-6.090618194196947138e-02
-5.283805016560939871e-02
-4.494567147231562365e-02
-3.722855138525437563e-02
-2.968613315324573204e-02
-2.231779887480139779e-02
-1.512287064274188408e-02
-8.100611708390756394e-03
-1.250227664361384938e-03
5.429132355070601101e-03
1.193837445699923172e-02
1.827845875734384479e-02
2.445039813371043327e-02
3.045525696468437751e-02
3.629414985654215442e-02
4.196824035839071682e-02
4.747873966673609586e-02
5.282690532046599441e-02
5.801403988726046290e-02
6.304148964239673913e-02
6.791064324094686633e-02
7.262293038434006198e-02
7.717982048225432989e-02
8.158282131081623367e-02
8.583347766804781676e-02
8.993337002750992348e-02
9.388411319109039865e-02
9.768735494184538348e-02
1.013447746978259068e-01
1.048580821677807529e-01
1.082290160096350540e-01
1.114593424926221821e-01
1.145508541639339573e-01
1.175053685207397142e-01
1.203247266884175937e-01
1.230107921058106318e-01
1.255654492183258253e-01
1.279906021796576032e-01
1.302881735629143334e-01
1.324601030819095027e-01
1.345083463233448795e-01
1.364348734906222771e-01
1.382416681599774599e-01
1.399307260496264194e-01
1.415040538025851002e-01
1.429636677553773327e-01
1.443115928640549828e-01
1.455498613607370539e-01
1.466805117115951851e-01
1.477055874487849252e-01
1.486271360481933035e-01
1.494472078249718394e-01
1.501678548473397989e-01
1.507911298691488045e-01
1.513190852816659604e-01
1.517537720850092864e-01
1.520972388796523744e-01
1.523515308783928435e-01
1.525186889391511591e-01
1.526007486189526752e-01
1.525997392494150562e-01
1.525176830556058127e-01
1.523565942637303272e-01
1.521184779982125701e-01
1.518053301920278542e-01
1.514191356330540916e-01
1.509618683721649091e-01
1.504354900593649347e-01
1.498419496113774785e-01
1.491831824094976555e-01
1.484611096031884792e-01
1.476776374373040268e-01
1.468346566030058198e-01
1.459340416124102202e-01
1.449776501969901599e-01
1.439673239287639905e-01
1.429048816709996006e-01
1.417921310381525246e-01
1.406308558987093282e-01
1.394228218871254310e-01
1.381697747449961988e-01
1.368734398845965761e-01
1.355355219756176621e-01
1.341577045549448011e-01
1.327416496593045447e-01
1.312889974805921955e-01
1.298013660436705685e-01
1.282803509064193159e-01
1.267275248817956723e-01
1.251444377816489928e-01
1.235326161820212154e-01
1.218935632096487115e-01
1.202287583493637790e-01
1.185396572720869290e-01
1.168276916830792850e-01
1.150942691901201825e-01
1.133407731912541572e-01
1.115685627817497583e-01
1.097789726798900772e-01
1.079733131712143634e-01
1.061528700708121303e-01
1.043189047032668654e-01
1.024726538998329273e-01
1.006153300124255079e-01
9.874812094398928430e-02
9.687219019481053961e-02
9.498867692432433341e-02
9.309869602796658206e-02
9.120333822861240169e-02
8.930367018213718200e-02
8.740073459663348643e-02
8.549555036480879777e-02
8.358911270909122337e-02
8.168239333896232246e-02
7.977634062003312321e-02
7.787187975438425447e-02
7.596991297167882129e-02
7.407131973056575724e-02
7.217695692988322642e-02
7.028765912917853131e-02
6.840423877805321129e-02
6.652748645385198056e-02
6.465817110720749328e-02
6.279704031496279037e-02
6.094482053998739185e-02
5.910221739741398916e-02
5.726991592682024318e-02
5.544858086988666002e-02
5.363885695306727652e-02
5.184136917480865192e-02
5.005672310637357403e-02
4.828550514854838133e-02
4.652828288752984542e-02
4.478560535716284013e-02
4.305800335193521455e-02
4.134598973216088713e-02
3.965005973066094286e-02
3.797069126053648908e-02
3.630834521631481904e-02
3.466346581930709186e-02
3.303648085311317040e-02
3.142780204503754782e-02
2.983782533691827638e-02
2.826693119869767845e-02
2.671548493316312084e-02
2.518383697884606087e-02
2.367232321075411067e-02
2.218126523422625854e-02
2.071097069834100524e-02
1.926173356094596639e-02
1.783383439630975564e-02
1.642754067585108779e-02
1.504310696143893594e-02
1.368077562433849849e-02
1.234077614673802920e-02
1.102332671670780764e-02
9.728633163657709332e-03
8.456890192381247978e-03
7.208281193319013985e-03
5.982978579643343647e-03
4.781144030180265597e-03
3.602928726711187787e-03
2.448473585520487619e-03
1.317909483067503454e-03
2.113574756735271676e-04
-8.710709868735930922e-04
-1.929273853883398462e-03
-2.963158272565763821e-03
-3.972640393138299197e-03
-4.957645180281921443e-03
-5.918106230988083930e-03
-6.853965598819457619e-03
-7.765173624599240598e-03
-8.651688773534270752e-03
-9.513477478760346689e-03
-1.035051399129427452e-02
-1.116278023636004847e-02
-1.195026567604927370e-02
-1.271296717826586077e-02
-1.345088889189200235e-02
-1.416404212810544634e-02
-1.485244524776669316e-02
-1.551612355478540310e-02
-1.615510919536711221e-02
-1.676944106302965046e-02
-1.735916470927431274e-02
-1.792433225978388306e-02
-1.846500233601435989e-02
-1.898123998203837468e-02
-1.947311659649080678e-02
-1.994070986946011592e-02
-2.038410372416126631e-02
-2.080338826322084694e-02
-2.119865971939740787e-02
-2.157002041055450237e-02
-2.191757869869872394e-02
-2.224144895288991675e-02
-2.254175151582363951e-02
-2.281861267388578252e-02
-2.307216463046968952e-02
-2.330254548234674677e-02
-2.350989919887539262e-02
-2.369437560383113803e-02
-2.385613035963676798e-02
-2.399532495377113689e-02
-2.411212668713041268e-02
-2.420670866411612013e-02
-2.427924978422171115e-02
-2.432993473488832131e-02
-2.435895398540108628e-02
-2.436650378159482475e-02
-2.435278614114066639e-02
-2.431800884918308009e-02
-2.426238545409873867e-02
-2.418613526315026296e-02
-2.408948333780805418e-02
-2.397266048241662034e-02
-2.383590326241009916e-02
-2.367945396122100865e-02
-2.350356059592525679e-02
-2.330847690166424485e-02
-2.309446232034752938e-02
-2.286178198750836443e-02
-2.261070671710807903e-02
-2.234151298409099012e-02
-2.205448290449527060e-02
-2.174990421293023640e-02
-2.142807023723591192e-02
-2.108927987014502792e-02
-2.073383753777437166e-02
-2.036205316477799482e-02
-1.997424213599965220e-02
-1.957072526173346885e-02
-1.915182870281133612e-02
-1.871788396456747217e-02
-1.826922781382633171e-02
-1.780620222815453013e-02
-1.732915433348326470e-02
-1.683843633728523623e-02
-1.633440545720047168e-02
-1.581742384501409748e-02
-1.528785850589264687e-02
-1.474608119064522646e-02
-1.419246841601588295e-02
-1.362740112684105581e-02
-1.305126492138621377e-02
-1.246444962653155304e-02
-1.186734941778657890e-02
-1.126036259924807423e-02
-1.064389150349311607e-02
-1.001834236543823822e-02
-9.384125191008335989e-03
-8.741653620616754439e-03
-8.091344787467438793e-03
-7.433619170696597299e-03
-6.768900443383850905e-03
-6.097615315465324676e-03
-5.420193371596981717e-03
-4.737066904018450222e-03
-4.048670740479281063e-03
-3.355442067298472497e-03
-2.657820247633308798e-03
-1.956246635044658379e-03
-1.251164382453038779e-03
-5.430182465858759966e-04
1.677456119724939076e-04
8.806798330120027898e-04
1.595336065084075432e-03
2.311265177911699109e-03
3.028017478684691746e-03
3.745142932091978169e-03
4.462191383938379254e-03
5.178712788186722732e-03
5.894257437256702169e-03
6.608376195410204518e-03
7.320620735043178139e-03
8.030543775699072045e-03
8.737699325615298426e-03
9.441642925605373687e-03
1.014193189507763340e-02
1.083812557998386009e-02
1.152978560248861181e-02
1.221647611214397161e-02
1.289776403835142006e-02
1.357321934388878992e-02
1.424241527927476957e-02
1.490492863774377404e-02
1.556034001059669256e-02
1.620823404303524395e-02
1.684819968785086775e-02
1.747983046390113454e-02
1.810272470717791751e-02
1.871648582617796430e-02
1.932072255415931417e-02
1.991504920042819551e-02
2.049908590006936995e-02
2.107245886187262759e-02
2.163480061420961983e-02
2.218575024861332151e-02
2.272495366081505805e-02
2.325206378899350237e-02
2.376674084899143072e-02
2.426865255587743256e-02
2.475747439394440641e-02
2.523288977896353050e-02
2.569459032050066052e-02
2.614227602795638969e-02
2.657565552256113683e-02
2.699444624468426771e-02
2.739837465623210996e-02
2.778717643791367431e-02
2.816059668115691167e-02
2.851839007446159424e-02
2.886032108398111848e-02
2.918616412812803651e-02
2.949570374600533895e-02
2.978873475946896068e-02
3.006506242863267453e-02
3.032450260806828293e-02
3.056688185859759987e-02
3.079203762760265167e-02
3.099981834586713197e-02
3.119008355541459665e-02
3.136270402204505148e-02
3.151756184016645673e-02
3.165455052978204120e-02
3.177357512550522262e-02
3.187455225747817811e-02
3.195741022407926069e-02
3.202208905631220848e-02
3.206854057377745565e-02
3.209672843213337567e-02
3.210662819805873425e-02
3.209822719898501597e-02
3.207152494211282234e-02
3.202653258306784045e-02
3.196327347635549709e-02
3.188178276804945477e-02
3.178210756489500965e-02
3.166430687477380518e-02
3.152845157482669219e-02
3.137462437061142029e-02
3.120291974629741533e-02
3.101344390590854774e-02
3.080631470563301513e-02
3.058166157722927436e-02
3.033962544256448707e-02
3.008035861933190322e-02
2.980402471800142408e-02
2.951079853006650933e-02
2.920086590765985993e-02
2.887442363461732026e-02
2.853167928907965334e-02
2.817285109772927829e-02
2.779816778176737169e-02
2.740786839474488798e-02
2.700220215237029986e-02
2.658142825442261908e-02
2.614581569890853802e-02
2.569564346120476947e-02
2.523119843016318961e-02
2.475277892586709785e-02
2.426069075832557390e-02
2.375524886816172965e-02
2.323677672494750893e-02
2.270560609155037463e-02
2.216207678208924337e-02
2.160653641370183231e-02
2.103934015232999596e-02
2.046085045273732944e-02
1.987143679297715890e-02
1.927147540353615560e-02
1.866134899138268549e-02
1.804144645915593120e-02
1.741216261973350596e-02
1.677389790642353634e-02
1.612705807902921340e-02
1.547205392603649352e-02
1.480930096318497889e-02
1.413921912867708436e-02
1.346223247529295362e-02
1.277876885967392517e-02
1.208925962904482641e-02
1.139413930564611536e-02
1.069384526914868294e-02
9.988817437326897447e-03
9.279497945267233677e-03
8.566330830057620332e-03
7.849761680942649728e-03
7.130237356662001355e-03
6.408205634087050379e-03
5.684114891232586522e-03
4.958413783542166969e-03
4.231550920668037188e-03
3.503974544023397489e-03
2.776132205387632848e-03
2.048470446839036410e-03
1.321434482293418547e-03
5.954678809215931817e-04
-1.289877472839314615e-04
-8.514930635205256865e-04
-1.571611309500496947e-03
-2.288908613825543434e-03
-3.002954295147722621e-03
-3.713321162459643290e-03
-4.419585808275275016e-03
-5.121328905402474860e-03
-5.818135491135870141e-03
-6.509595251565438584e-03
-7.195302800193550952e-03
-7.874857951621360569e-03
-8.547865990079429876e-03
-9.213937932579257042e-03
-9.872690786470586510e-03
-1.052374780119485174e-02
-1.116673871402858002e-02
-1.180129998961924886e-02
-1.242707505312318217e-02
-1.304371451675684183e-02
-1.365087639958578736e-02
-1.424822634037696198e-02
-1.483543780335111993e-02
-1.541219229951005729e-02
-1.597817946355415894e-02
-1.653309749006314291e-02
-1.707665295943379055e-02
-1.760856136322403939e-02
-1.812854699826510832e-02
-1.863634324028104819e-02
-1.913169266346829295e-02
-1.961434717614074508e-02
-2.008406814803904983e-02
-2.054062652922421239e-02
-2.098380296048295637e-02
-2.141338787518319228e-02
-2.182918159252325574e-02
-2.223099440212970151e-02
-2.261864663996548258e-02
-2.299196875551754587e-02
-2.335080137024537345e-02
-2.369499532727515831e-02
-2.402441173233776234e-02
-2.433892198595225334e-02
-2.463840780686986712e-02
-2.492276124679808705e-02
-2.519188469643404704e-02
-2.544569088284569583e-02
-2.568410285824498929e-02
-2.590705398020856295e-02
-2.611448788340607619e-02
-2.630635844290716424e-02
-2.648262972914431843e-02
-2.664327595461677203e-02
-2.678828141242826227e-02
-2.691764040676048256e-02
-2.703135717538810226e-02
-2.712944580435205921e-02
-2.721193013491287130e-02
-2.727884366291290219e-02
-2.733022943068440583e-02
-2.736613991164461163e-02
-2.738663688772893096e-02
-2.739179131981556853e-02
-2.738168321130508842e-02
-2.735640146502085410e-02
-2.731604373360412702e-02
-2.726071626358356897e-02
-2.719053373330078405e-02
-2.710561908488382313e-02
-2.700610335046123647e-02
-2.689212547281547711e-02
-2.676383212067971057e-02
-2.662137749888490723e-02
-2.646492315317344746e-02
-2.629463777191243246e-02
-2.611069698077419371e-02
-2.591328313494650759e-02
-2.570258510674095637e-02
-2.547879806940975267e-02
-2.524212327736599995e-02
-2.499276784303906818e-02
-2.473094451060039653e-02
-2.445687142679756412e-02
-2.417077190913390072e-02
-2.387287421163438242e-02
-2.356341128843848429e-02
-2.324262055546077316e-02
-2.291074365036345484e-02
-2.256802619108182195e-02
-2.221471753314560940e-02
-2.185107053151251824e-02
-2.147734127451476904e-02
-2.109378887125131635e-02
-2.070067518524434241e-02
-2.029826459462653540e-02
-1.988682374730751934e-02
-1.946662131661560519e-02
-1.903792775764925546e-02
-1.860101506457112128e-02
-1.815615652907267771e-02
-1.770362650023898227e-02
-1.724370014603491402e-02
-1.677665321663724535e-02
-1.630276180982867529e-02
-1.582230213866843080e-02
-1.533555030165137389e-02
-1.484278205556115865e-02
-1.434427259122211633e-02
-1.384029631234682395e-02
-1.333112661767448144e-02
-1.281703568658975820e-02
-1.229829426840594805e-02
-1.177517148902285614e-02
-1.124793458042610064e-02
-1.071684882740926541e-02
-1.018217718751757150e-02
-9.644180269791306076e-03
-9.103116035202050982e-03
-8.559239666773304708e-03
-8.012803384112565305e-03
-7.464056273119107354e-03
-6.913244120903937716e-03
-6.360609256045854365e-03
-5.806390394297641228e-03
-5.250822489851865275e-03
-4.694136592269262942e-03
-4.136559709164513293e-03
-3.578314674738975170e-03
-3.019620024243078234e-03
-2.460689874442132698e-03
-1.901733810156174855e-03
-1.342956776933264002e-03
-7.845589799125242576e-04
-2.267357889237063551e-04
3.303223501361779446e-04
8.864299976150788636e-04
1.441406796080723154e-03
1.995077539938508015e-03
2.547272238678790005e-03
3.097826173749737826e-03
3.646579949054666071e-03
4.193379535084149415e-03
4.738076306696132819e-03
5.280527074566186696e-03
5.820594110337108489e-03
6.358145165501476181e-03
6.893053484060318419e-03
7.425197809004585245e-03
7.954462382674862969e-03
8.480736941059862852e-03
9.003916702100657823e-03
9.523902348073969709e-03
1.004060000213367193e-02
1.055392119909490459e-02
1.106378285055260174e-02
1.157010720443023624e-02
1.207282179905999793e-02
1.257185941190317076e-02
1.306715800302141357e-02
1.355866064630543641e-02
1.404631549116227944e-02
1.453007564859206541e-02
1.500989914302013409e-02
1.548574882438344402e-02
1.595759228274369265e-02
1.642540175857105586e-02
1.688915404884712770e-02
1.734883040913766383e-02
1.780441645179179147e-02
1.825590204042560824e-02
1.870328118085189117e-02
1.914655190862093320e-02
1.958571617333932854e-02
2.002077971993716787e-02
2.045175196705551965e-02
2.087864588904893640e-02
2.130147786364685117e-02
2.172026758129163779e-02
2.213503788789172519e-02
2.254581465797420373e-02
2.295262665951550152e-02
2.335550541714577141e-02
2.375448507391068886e-02
2.414960225177401401e-02
2.454089591104607546e-02
2.492840720892088024e-02
2.531217935730794427e-02
2.569225748014021191e-02
2.606868847034408618e-02
2.644152084665114810e-02
2.681080461043508847e-02
2.717659110275394765e-02
2.753893286177560781e-02
2.789788348076529048e-02
2.825349746681048851e-02
2.860583010045688115e-02
2.895493729642740002e-02
2.930087546559477507e-02
2.964370137837199493e-02
2.998347202968981717e-02
3.032024450571750573e-02
3.065407585249091058e-02
3.098502294989577410e-02
3.131314236808696583e-02
3.163849027642917644e-02
3.196112228472878375e-02
3.228109334728511415e-02
3.259845763564971771e-02
3.291326842832981853e-02
3.322557799925038302e-02
3.353543751010962248e-02
3.384289690603058121e-02
3.414800481462817311e-02
3.445080844860141933e-02
3.475135351196138866e-02
3.504968410999451806e-02
3.534584266306152467e-02
3.563986982432234413e-02
3.593180440147913934e-02
3.622168328261494291e-02
3.650954136620909035e-02
3.679541149540199729e-02
3.707932439657316698e-02
3.736130862229825045e-02
3.764139049873899828e-02
3.791959407751650801e-02
3.819594109211706112e-02
3.847045091886531348e-02
3.874314054250400235e-02
3.901402452640687774e-02
3.928311498744809643e-02
3.955042157554794491e-02
3.981595145790590290e-02
4.007970930792800757e-02
4.034169729885169614e-02
4.060191510206144494e-02
4.086035989008910546e-02
4.111702634428062580e-02
4.137190666711294817e-02
4.162499059913147420e-02
4.187626544048085597e-02
4.212571607699180931e-02
4.237332501078076158e-02
4.261907239532195663e-02
4.286293607493363994e-02
4.310489163773707777e-02
4.334491242705172664e-02
4.358296964936599072e-02
4.381903239353792529e-02
4.405306770083908252e-02
4.428504062960218757e-02
4.451491432379513224e-02
4.474265008543253791e-02
4.496820745073189241e-02
4.519154426992096768e-02
4.541261679059106077e-02
4.563137974449878176e-02
4.584778643770037743e-02
4.606178884391597117e-02
4.627333770100221233e-02
4.648238261041695574e-02
4.668887213724440266e-02
4.689275392504629880e-02
4.709397478815832705e-02
4.729248083266168745e-02
4.748821756611899814e-02
4.768113001235389087e-02
4.787116282831417602e-02
4.805826042288490613e-02
4.824236707750658576e-02
4.842342706845649547e-02
4.860138479064973760e-02
4.877618488281074138e-02
4.894777235387234859e-02
4.911609271044995589e-02
4.928109208524303342e-02
4.944271736621201618e-02
4.960091632638120168e-02
4.975563775411478984e-02
4.990683158371299333e-02
5.005444902617745689e-02
5.019844269999323982e-02
5.033876676177188869e-02
5.047537703660881503e-02
5.060823114799838096e-02
5.073728864715577880e-02
5.086251114160058456e-02
5.098386242284162762e-02
5.110130859302653566e-02
5.121481819039763739e-02
5.132436231341487576e-02
5.142991474339704550e-02
5.153145210357562567e-02
5.162895378816087510e-02
5.172240249639893650e-02
5.181178378579252841e-02
5.189708673882453133e-02
5.197830367230884402e-02
5.205543042746032384e-02
5.212846643933675278e-02
5.219741483992451636e-02
5.226228255839662079e-02
5.232308041842542723e-02
5.237982323243083049e-02
5.243252989264721858e-02
5.248122345890069568e-02
5.252593124298488708e-02
5.256668488952787738e-02
5.260352045325356052e-02
5.263647847253252049e-02
5.266560403913109201e-02
5.269094686406487760e-02
5.271256133946812528e-02
5.273050659639876708e-02
5.274484655849175779e-02
5.275564999138883382e-02
5.276299054787174370e-02
5.276694680862729914e-02
5.276760231858297623e-02
5.276504561874872240e-02
5.275937027351083192e-02
5.275067489332550125e-02
5.273906315276059853e-02
5.272464380384622035e-02
5.270753068468905095e-02
5.268784272331984708e-02
5.266570393673818129e-02
5.264124342512831178e-02
5.261459536122753411e-02
5.258589897481973779e-02
5.255529852853906003e-02
5.252294330824321122e-02
5.248898756872279886e-02
5.245359051510392612e-02
5.241691625863701548e-02
5.237913377182251695e-02
5.234041683865135047e-02
5.230094399997912286e-02
5.226089849460220649e-02
5.222046819222395109e-02
5.217984552983331165e-02
5.213922743237440344e-02
5.209881523689270655e-02
5.205881460870917521e-02
5.201943545349143466e-02
5.198089182472640651e-02
5.194340182664144989e-02
5.190718751005794773e-02
5.187247477638669280e-02
5.183949325267103031e-02
5.180847618629780965e-02
5.177966032378375494e-02
5.175328578766408283e-02
5.172959594928794314e-02
5.170883729759726682e-02
5.169125930397055341e-02
5.167711428321851430e-02
5.166665725081474175e-02
5.166014577645999806e-02
5.165783983406426610e-02
5.166000164825084590e-02
5.166689553747676883e-02
5.167878775387303725e-02
5.169594631990869632e-02
5.171864086198500049e-02
5.174714244106805999e-02
5.178172338047194734e-02
5.182265709090509709e-02
5.187021789289558010e-02
5.192468083671154117e-02
5.198632151989709960e-02
5.205541590254462309e-02
5.213224012042362576e-02
5.221707029609594375e-02
5.231018234813512163e-02
5.241185179858392357e-02
5.252235357877636096e-02
5.264196183365029563e-02
5.277094972468782813e-02
5.290958923160992561e-02
5.305815095296066708e-02
5.321690390571438140e-02
5.338611527804995593e-02
5.356605045735374909e-02
5.375697232767365913e-02
5.395914172735073733e-02
5.417281661443874158e-02
5.439825231066448136e-02
5.463570109729799090e-02
5.488541205196537792e-02
5.514763084557260109e-02
5.542259953961811703e-02
5.571055638402837989e-02
5.601173561565663678e-02
5.632636725758134039e-02
5.665467691933787076e-02
5.699688559822459893e-02
5.735320948181629741e-02
5.772385975181991424e-02
5.810904238940906713e-02
5.850895798216946414e-02
5.892380153279190569e-02
5.935376226963894747e-02
5.979902345932502222e-02
6.025976222143370614e-02
6.073614934550485706e-02
6.122834911042160377e-02
6.173651910631969275e-02
6.226081005915150984e-02
6.280136565802570126e-02
6.335832238544594763e-02
6.393180935057526937e-02
6.452194812563998016e-02
6.512885258560216495e-02
6.575262875120653494e-02
6.639337463553023067e-02
6.705118008698350562e-02
6.772612667180333279e-02
6.841828748892196665e-02
6.912772706014790047e-02
6.985450118877641057e-02
7.059865682947145948e-02
7.136023196241018940e-02
7.213925547179578235e-02
7.293574702883598437e-02
7.374971697928454917e-02
7.458116623564685355e-02
7.543008617413754502e-02
7.629645853648775455e-02
7.718025533668704252e-02
7.808143877275100508e-02
7.899996114360072208e-02
7.993576477588879015e-02
8.088878193196795408e-02
8.185893477215783198e-02
8.284613527284140355e-02
8.385028517518129665e-02
8.487127593432491901e-02
8.590898867425721119e-02
8.696329414836091731e-02
8.803405270575445640e-02
8.912111426346643051e-02
9.022431828450594438e-02
9.134349376188681535e-02
9.247845920865879754e-02
9.362902265399634938e-02
9.479498164539849892e-02
9.597612325703674951e-02
9.717222410430706447e-02
9.838305036461642006e-02
9.960835780444517173e-02
1.008478918127249935e-01
1.021013874405572175e-01
1.033685694473091832e-01
1.046491523531096896e-01
1.059428404977693777e-01
1.072493281061511067e-01
1.085682993600016744e-01
1.098994284762672274e-01
1.112423797918998813e-01
1.125968078551669027e-01
1.139623575234721270e-01
1.153386640676850178e-01
1.167253532829875262e-01
1.181220416062300771e-01
1.195283362397907417e-01
1.209438352819333651e-01
1.223681278636489511e-01
1.238007942919660681e-01
1.252414061997108308e-01
1.266895267017000559e-01
1.281447105573352285e-01
1.296065043501508640e-01
1.310744466102543859e-01
1.325480681066235622e-01
1.340268919046935514e-01
1.355104336624844419e-01
1.369982017712320366e-01
1.384896975864060575e-01
1.399844156353466373e-01
1.414818438358464436e-01
1.429814637207069972e-01
1.444827506682070661e-01
1.459851741384219914e-01
1.474881979153190859e-01
1.489912803545596354e-01
1.504938746369354208e-01
1.519954290273517195e-01
1.534953871392838731e-01
1.549931882046121645e-01
1.564882673487514864e-01
1.579800558709754943e-01
1.594679815298454817e-01
1.609514688336362020e-01
1.624299393356588850e-01
1.639028119343679535e-01
1.653695031781456937e-01
1.668294275746435296e-01
1.682819979045654113e-01
1.697266255397662238e-01
1.711627207655406213e-01
1.725896931069746121e-01
1.740069516749657152e-01
1.754139054367867823e-01
1.768099636497913740e-01
1.781945361381577775e-01
1.795670336536892286e-01
1.809268682235843639e-01
1.822734535012566215e-01
1.836062051200377798e-01
1.849245410496104247e-01
1.862278819549974818e-01
1.875156515579414207e-01
1.887872770005010747e-01
1.900421892106871069e-01
1.912798232699591261e-01
1.924996187824005722e-01
1.937010202453831043e-01
1.948834774168373696e-01
1.960464457079578449e-01
1.971893865264954249e-01
1.983117676727528811e-01
1.994130637092703662e-01
2.004927563363529397e-01
2.015503347676895485e-01
2.025852961058666746e-01
2.035971457175577148e-01
2.045853976081700443e-01
2.055495747957364061e-01
2.064892096838281677e-01
2.074038444332613473e-01
2.082930313323809179e-01
2.091563331656858538e-01
2.099933235805700460e-01
2.108035874519446073e-01
2.115867212445114998e-01
2.123423333724480111e-01
2.130700445562684897e-01
2.137694881766244448e-01
2.144403106248004287e-01
2.150821716496671143e-01
2.156947447008459029e-01
2.162777172678454762e-01
2.168307912149226580e-01
2.173536831114198375e-01
2.178461245573426741e-01
2.183078625039191478e-01
2.187386595689019275e-01
2.191382943463662247e-01
2.195065617107504752e-01
2.198432731149020658e-01
2.201482568818743102e-01
2.204213584902302014e-01
2.206624408526129399e-01
2.208713845873311321e-01
2.210480882827199900e-01
2.211924687540366974e-01
2.213044612926445831e-01
2.213840199072523163e-01
2.214311175569666501e-01
2.214457463759232081e-01
2.214279178892650246e-01
2.213776632339158335e-01
2.212950332881420679e-01
2.211800990103510167e-01
2.210329514146615881e-01
2.208537019419476721e-01
2.206424824720975009e-01
2.203994455397537133e-01
2.201247644596235620e-01
2.198186334544928733e-01
2.194812677724053418e-01
2.191129037928140066e-01
2.187137991215054589e-01
2.182842326741138705e-01
2.178245047480391050e-01
2.173349370825888027e-01
2.168158729071738011e-01
2.162676769773871077e-01
2.156907355988048058e-01
2.150854566383524347e-01
2.144522695230887122e-01
2.137916252262574979e-01
2.131039962404761845e-01
2.123898765379254872e-01
2.116497815174195329e-01
2.108842479382365687e-01
2.100938338245649240e-01
2.092791184372908286e-01
2.084407020694568347e-01
2.075792059920546495e-01
2.066952723035383743e-01
2.057895637821845480e-01
2.048627637246040745e-01
2.039155757703525751e-01
2.029487237125969790e-01
2.019629512947940242e-01
2.009590219933572453e-01
1.999377187862924343e-01
1.988998439077866998e-01
1.978462185887565616e-01
1.967776827833593312e-01
1.956950948814825397e-01
1.945993314072475555e-01
1.934912867081649002e-01
1.923718726066452889e-01
1.912420180865085362e-01
1.901026689154817206e-01
1.889547872797935069e-01
1.877993513998479358e-01
1.866373551323736446e-01
1.854698075591573736e-01
1.842977325624770568e-01
1.831221683873654471e-01
1.819441671908383906e-01
1.807647945782422105e-01
1.795851291268719396e-01
1.784062618970391756e-01
1.772292959307604221e-01
1.760553457382629527e-01
1.748855367725074550e-01
1.737210048919366756e-01
1.725628958116746103e-01
1.714123645434083576e-01
1.702705748241913342e-01
1.691386985344256466e-01
1.680179151052832442e-01
1.669094109158388295e-01
1.658143786801987152e-01
1.647340168249171732e-01
1.636695288570048645e-01
1.626221227228385469e-01
1.615930101582960798e-01
1.605834060304497934e-01
1.595945276711526195e-01
1.586275942028747554e-01
1.576838258571440221e-01
1.567644432859580939e-01
1.558706668665479633e-01
1.550037159998735037e-01
1.541648084032470334e-01
1.533551593974838423e-01
1.525759811889895456e-01
1.518284821471999890e-01
1.511138660777988085e-01
1.504333314921419973e-01
1.497880708733287936e-01
1.491792699393632571e-01
1.486081069038553137e-01
1.480757517347214558e-01
1.475833654113462567e-01
1.471320991806734646e-01
1.467230938121851513e-01
1.463574788558468232e-01
1.460363719007952144e-01
1.457608777966430957e-01
1.455320879896968567e-01
1.453510797023963852e-01
1.452189152358529245e-01
1.451366412267150185e-01
1.451052879154650366e-01
1.451258684185617320e-01
1.451993780049430915e-01
1.453267933773949305e-01
1.455090719592985471e-01
1.457471511872678038e-01
1.460419478101897817e-01
1.463943571951784872e-01
1.468052526409558689e-01
1.472754846991692068e-01
1.478058805041584656e-01
1.483972431116755697e-01
1.490503508470708560e-01
1.497659566686870281e-01
1.505447875153358150e-01
1.513875437178514860e-01
1.522948983686508717e-01
1.532674967301473901e-01
1.543059556501891194e-01
1.554108629904153160e-01
1.565827770680108533e-01
1.578222261113264024e-01
1.591297077298343132e-01
1.605056883988738858e-01
1.619506029596385066e-01
1.634648541348512341e-01
1.650488120605676512e-01
1.667028138345270916e-01
1.684271630814826171e-01
1.702221295359167552e-01
1.720879486384841173e-01
1.740248211708728676e-01
1.760329128688632172e-01
1.781123540946114858e-01
1.802632395081198713e-01
1.824856277623834178e-01
1.847795412185215536e-01
1.871449656812366746e-01
1.895818501549071944e-01
1.920901066206215646e-01
1.946696098344450898e-01
1.973201971471982008e-01
2.000416683460087275e-01
2.028337855178943827e-01
2.056962729356058284e-01
2.086288169659592517e-01
2.116310660008679789e-01
2.147026304112594763e-01
2.178430825240664226e-01
2.210519566224487531e-01
2.243287489693975012e-01
2.276729178548565491e-01
2.310838836664696194e-01
2.345610289840653617e-01
2.381036986979550851e-01
2.417112001511146357e-01
2.453828033053062352e-01
2.491177410828471772e-01
2.529152088222789696e-01
2.567743660332499345e-01
2.606943351417390642e-01
2.646742025344327454e-01
2.687130187169187168e-01
2.728097986473588255e-01
2.769635220939086762e-01
2.811731340157618830e-01
2.854375449677002408e-01
2.897556315280242489e-01
2.941262367496821906e-01
2.985481706344518815e-01
3.030202106299683118e-01
3.075411021493804631e-01
3.121095591134493419e-01
3.167242645147838598e-01
3.213838710040129443e-01
3.260870014975780218e-01
3.308322498068599904e-01
3.356181812883463622e-01
3.404433335144825823e-01
3.453062169648758450e-01
3.502053157374979131e-01
3.551390882794878134e-01
3.601059681364717768e-01
3.651043647249799240e-01
3.701326640992744776e-01
3.751892298297601624e-01
3.802724036898992299e-01
3.853805066287355197e-01
3.905118395610106541e-01
3.956646842525958219e-01
4.008373042082361559e-01
4.060279455742649146e-01
4.112348380557868666e-01
4.164561958477354109e-01
4.216902185792752999e-01
4.269350922709403973e-01
4.321889903039367598e-01
4.374500744010103581e-01
4.427164956182428890e-01
4.479863953584264369e-01
4.532579063374222450e-01
4.585291536738899665e-01
4.637982558721893134e-01
4.690633258710368292e-01
4.743224720875582889e-01
4.795737994677068405e-01
4.848154105423764237e-01
4.900454064885391703e-01
4.952618881946621032e-01
5.004629573297485479e-01
5.056467174152637911e-01
5.108112748992305052e-01
5.159547402318022113e-01
5.210752289415576666e-01
5.261708627118065751e-01
5.312397704557894063e-01
5.362800893932656576e-01
5.412899661175304411e-01
5.462675576685864787e-01
5.512110325973167413e-01
5.561185720264884003e-01
5.609883707066521952e-01
5.658186380662071358e-01
5.706075992548581555e-01
5.753534961798001390e-01
5.800545885338505014e-01
5.847091548148386497e-01
5.893154933355351233e-01
5.938719232232200218e-01
5.983767854093473559e-01
6.028284436052028239e-01
6.072252852684777435e-01
6.115657225544959275e-01
6.158481932547041904e-01
6.200711617207161908e-01
6.242331197733488324e-01
6.283325875960040774e-01
6.323681146117942076e-01
6.363382803436997692e-01
6.402416952572103082e-01
6.440770015847883112e-01
6.478428741315620520e-01
6.515380210616847911e-01
6.551611846647479309e-01
6.587111421016998980e-01
6.621867061297334045e-01
6.655867258055797597e-01
6.689100871667224002e-01
6.721557138899783013e-01
6.753225679270132842e-01
6.784096501162606430e-01
6.814160007708277567e-01
6.843407002419299445e-01
6.871828694574211305e-01
6.899416704350369578e-01
6.926163067699353526e-01
6.952060240961774884e-01
6.977101105218141974e-01
7.001278970371864752e-01
7.024587578962033785e-01
7.047021109702414909e-01
7.068574180744149338e-01
7.089241852659667886e-01
7.109019631145212514e-01
7.127903469440168838e-01
7.145889770460935875e-01
7.162975388647749853e-01
7.179157631523079841e-01
7.194434260959896577e-01
7.208803494159133907e-01
7.222264004335182674e-01
7.234814921108836394e-01
7.246455830088577299e-01
7.257186775270679790e-01
7.267008252941575819e-01
7.275921218206208296e-01
7.283927077079974666e-01
7.291027689885447582e-01
7.297225367475622670e-01
7.302522869712571030e-01
7.306923403232989944e-01
7.310430618926360147e-01
7.313048609127601463e-01
7.314781904525897716e-01
7.315635470792090089e-01
7.315614704686927983e-01
7.314725431101695152e-01
7.312973897388316269e-01
7.310366769873426485e-01
7.306911128868464056e-01
7.302614463664371947e-01
7.297484667265579095e-01
7.291530030866989476e-01
7.284759238077991306e-01
7.277181358897635288e-01
7.268805843445279580e-01
7.259642515451345535e-01
7.249701565512759460e-01
7.238993544118087486e-01
7.227529354447368437e-01
7.215320244951873851e-01
7.202377801771839838e-01
7.188713940668747249e-01
7.174340899333667698e-01
7.159271228892019057e-01
7.143517785533050057e-01
7.127093721888276834e-01
7.110012478230771649e-01
7.092287773501861903e-01
7.073933596171850802e-01
7.054964194941355515e-01
7.035394069290130670e-01
7.015237959880248342e-01
6.994510838820640064e-01
6.973227899800229501e-01
6.951404548096717928e-01
6.929056390468506521e-01
6.906199224936977465e-01
6.882849030466711149e-01
6.859021956551177857e-01
6.834734312711439053e-01
6.810002557915681987e-01
6.784843289927056098e-01
6.759273234587876988e-01
6.733309235047809649e-01
6.706968240943881332e-01
6.680267297540400939e-01
6.653223534836396613e-01
6.625854156648692816e-01
6.598176429678463961e-01
6.570207672569279289e-01
6.541965244964453863e-01
6.513466536571596022e-01
6.484728956242484799e-01
6.455769921075884543e-01
6.426606845551269265e-01
6.397257130701330397e-01
6.367738153330835260e-01
6.338067255289829838e-01
6.308261732808695399e-01
6.278338825902628484e-01
6.248315707853306922e-01
6.218209474774920587e-01
6.188037135272224099e-01
6.157815600197831252e-01
6.127561672515882130e-01
6.097292037279429255e-01
6.067023251728271838e-01
6.036771735514459003e-01
6.006553761062107810e-01
5.976385444068207375e-01
5.946282734151133731e-01
5.916261405653058247e-01
5.886337048602843236e-01
5.856525059845383296e-01
5.826840634343537495e-01
5.797298756658459951e-01
5.767914192614062019e-01
5.738701481151232686e-01
5.709674926377150683e-01
5.680848589815006289e-01
5.652236282859106620e-01
5.623851560518781101e-01
5.595707708906769717e-01
5.567817750167300961e-01
5.540194419797584979e-01
5.512850176028829541e-01
5.485797182095442093e-01
5.459047305473594403e-01
5.432612111097306906e-01
5.406502856113947209e-01
5.380730483609876824e-01
5.355305619158833297e-01
5.330238565027091147e-01
5.305539295941017475e-01
5.281217454847775272e-01
5.257282348934871896e-01
5.233742945910602185e-01
5.210607870389882823e-01
5.187885401487425385e-01
5.165583468318137861e-01
5.143709648908232346e-01
5.122271167015478577e-01
5.101274890160766295e-01
5.080727327770849788e-01
5.060634629589719768e-01
5.041002584358664773e-01
5.021836618728953150e-01
5.003141796635074412e-01
4.984922818522722343e-01
4.967184021283469475e-01
4.949929378220955245e-01
4.933162499330793760e-01
4.916886631843185862e-01
4.901104661026395304e-01
4.885819111249469771e-01
4.871032147301792015e-01
4.856745575967372774e-01
4.842960847851319750e-01
4.829679059455835866e-01
4.816900955502710358e-01
4.804626931499483833e-01
4.792857036545754568e-01
4.781590976376371427e-01
4.770828116637833571e-01
4.760567486394059467e-01
4.750807781857596668e-01
4.741547370342129031e-01
4.732784294432004213e-01
4.724516276364177370e-01
4.716740722618214532e-01
4.709454728709304705e-01
4.702655084179538925e-01
4.696338277782368675e-01
4.690500502854967335e-01
4.685137662873336550e-01
4.680245377184385491e-01
4.675818986909884845e-01
4.671853561016098277e-01
4.668343902543616863e-01
4.665284554991349086e-01
4.662669808848718955e-01
4.660493708269846658e-01
4.658750057883697115e-01
4.657432429733687762e-01
4.656534170340627665e-01
4.656048407882363294e-01
4.655968059483721055e-01
4.656285838610180750e-01
4.656994262558648012e-01
4.658085660038665532e-01
4.659552178837341185e-01
4.661385793561261259e-01
4.663578313448627499e-01
4.666121390244778455e-01
4.669006526134295010e-01
4.672225081722861106e-01
4.675768284062049029e-01
4.679627234710143080e-01
4.683792917822244273e-01
4.688256208262712166e-01
4.693007883073428976e-01
4.698038612910000467e-01
4.703339003582110989e-01
4.708899570786475586e-01
4.714710764930454823e-01
4.720762975896983793e-01
4.727046541125020651e-01
4.733551753658900574e-01
4.740268870160234682e-01
4.747188118875790841e-01
4.754299707555214027e-01
4.761593830386810500e-01
4.769060680423158893e-01
4.776690447121866301e-01
4.784473337930035819e-01
4.792399571746848164e-01
4.800459397237320514e-01
4.808643094713031529e-01
4.816940984937025383e-01
4.825343436174457379e-01
4.833840871280387086e-01
4.842423774674173287e-01
4.851082699195400916e-01
4.859808272836516618e-01
4.868591205347325146e-01
4.877422294706708072e-01
4.886292433457209983e-01
4.895192614898005168e-01
4.904113939132125899e-01
4.913047618963988783e-01
4.921984985643244603e-01
4.930917494407581203e-01
4.939836730072896254e-01
4.948734412064180188e-01
4.957602399652382696e-01
4.966432696844966244e-01
4.975217457136177912e-01
4.983948988081169928e-01
4.992619755691690142e-01
5.001222388650916617e-01
5.009749682345178146e-01
5.018194602710792651e-01
5.026550289894057277e-01
5.034810061722848618e-01
5.042967416988413110e-01
5.051016038536091379e-01
5.058949796163881851e-01
5.066762749328012072e-01
5.074449149654741698e-01
5.082003443258034103e-01
5.089420272862531514e-01
5.096694479731963545e-01
5.103821105402700509e-01
5.110795393222932193e-01
5.117612789697737474e-01
5.124268945640568784e-01
5.130759717131982978e-01
5.137081166286481260e-01
5.143229561828522867e-01
5.149201379479023677e-01
5.154993302153684231e-01
5.160602219974884664e-01
5.166025230098630905e-01
5.171259636358837009e-01
5.176302948730612252e-01
5.181152882615086552e-01
5.185807357948040153e-01
5.190264498134818938e-01
5.194522628814317589e-01
5.198580276454712878e-01
5.202436166784027982e-01
5.206089223058569804e-01
5.209538564172455644e-01
5.212783502611540998e-01
5.215823542255314527e-01
5.218658376030265167e-01
5.221287883418562759e-01
5.223712127825624885e-01
5.225931353810787661e-01
5.227945984184881878e-01
5.229756616979035488e-01
5.231364022288774729e-01
5.232769138997712677e-01
5.233973071385449316e-01
5.234977085623830906e-01
5.235782606166458075e-01
5.236391212035723663e-01
5.236804633012309695e-01
5.237024745731827524e-01
5.237053569693256305e-01
5.236893263184260183e-01
5.236546119128073773e-01
5.236014560856948608e-01
5.235301137817168771e-01
5.234408521210592857e-01
5.233339501843670138e-01
5.232096974326969629e-01
5.230683955216662850e-01
5.229103555792082858e-01
5.227358988785508753e-01
5.225453561482443776e-01
5.223390671342125202e-01
5.221173799906070334e-01
5.218806511210982713e-01
5.216292442695422693e-01
5.213635305062327419e-01
5.210838874060368386e-01
5.207906987369217422e-01
5.204843539557637566e-01
5.201652477375239281e-01
5.198337795060194999e-01
5.194903529667759257e-01
5.191353756424172960e-01
5.187692584110494831e-01
5.183924150480931914e-01
5.180052617720009023e-01
5.176082167943042434e-01
5.172016998860544668e-01
5.167861318918723912e-01
5.163619343633238934e-01
5.159295290859211569e-01
5.154893376679642314e-01
5.150417811251764011e-01
5.145872794724565269e-01
5.141262513231135145e-01
5.136591134959208604e-01
5.131862806303366664e-01
5.127081648102037592e-01
5.122251751962533239e-01
5.117377176677062600e-01
5.112461944732633601e-01
5.107510038917583151e-01
5.102525399027322273e-01
5.097511918671898679e-01
5.092473442187622767e-01
5.087413761655054101e-01
5.082336614025420030e-01
5.077245678357379388e-01
5.072144573166024184e-01
5.067036853885743541e-01
5.061926010448429825e-01
5.056815464978526853e-01
5.051708569606060406e-01
5.046608604398885589e-01
5.041518775414866038e-01
5.036442212875100743e-01
5.031381969458653680e-01
5.026341018719386877e-01
5.021322253625228882e-01
5.016328485220252764e-01
5.011362441409386026e-01
5.006426765866087703e-01
5.001524017062407568e-01
4.996656667421333631e-01
4.991827102590952192e-01
4.987037620839668284e-01
4.982290432571884753e-01
4.977587659963178535e-01
4.972931336713991013e-01
4.968323407920646750e-01
4.963765730062513204e-01
4.959260071103768763e-01
4.954808110708356361e-01
4.950411440566387378e-01
4.946071564830323286e-01
4.941789900658924428e-01
4.937567778867040791e-01
4.933406444679103720e-01
4.929307058584060930e-01
4.925270697289522159e-01
4.921298354772480343e-01
4.917390943424295169e-01
4.913549295287154561e-01
4.909774163379337919e-01
4.906066223106466673e-01
4.902426073755824509e-01
4.898854240070791288e-01
4.895351173902275366e-01
4.891917255934080666e-01
4.888552797478943890e-01
4.885258042341980578e-01
4.882033168748251550e-01
4.878878291330976946e-01
4.875793463177023890e-01
4.872778677926148938e-01
4.869833871920427604e-01
4.866958926389299278e-01
4.864153669739146868e-01
4.861417879746482984e-01
4.858751285935303810e-01
4.856153571905831301e-01
4.853624377727498440e-01
4.851163302245056208e-01
4.848769905637382860e-01
4.846443711901581297e-01
4.844184210930051471e-01
4.841990861417463377e-01
4.839863093093329516e-01
4.837800309236229279e-01
4.835801889139792475e-01
4.833867190573484796e-01
4.831995552234391034e-01
4.830186296186509964e-01
4.828438730195661610e-01
4.826752150480514980e-01
4.825125843579007867e-01
4.823559089039208825e-01
4.822051161659713925e-01
4.820601333779623299e-01
4.819208877531808155e-01
4.817873067056185343e-01
4.816593180669824781e-01
4.815368502990873267e-01
4.814198327013188283e-01
4.813081956128764660e-01
4.812018706095104736e-01
4.811007906944738677e-01
4.810048904834172134e-01
4.809141063829758811e-01
4.808283767627851146e-01
4.807476421206936523e-01
4.806718452409364795e-01
4.806009313450517739e-01
4.805348482353274386e-01
4.804735464305794346e-01
4.804169792940710670e-01
4.803651031533984206e-01
4.803178774121726891e-01
4.802752646533461900e-01
4.802372307340369018e-01
4.802037448717241253e-01
4.801747797216926461e-01
4.801503114456168730e-01
4.801303197711975224e-01
4.801147880427603654e-01
4.801037032627509804e-01
4.800970561240675560e-01
4.800948410331899452e-01
4.800970561240675560e-01
4.801037032627509804e-01
4.801147880427603654e-01
4.801303197711975779e-01
4.801503114456168730e-01
4.801747797216925351e-01
4.802037448717241808e-01
4.802372307340370128e-01
4.802752646533461900e-01
4.803178774121727446e-01
4.803651031533980875e-01
4.804169792940709560e-01
4.804735464305794346e-01
4.805348482353274386e-01
4.806009313450518294e-01
4.806718452409367015e-01
4.807476421206935968e-01
4.808283767627852257e-01
4.809141063829760476e-01
4.810048904834168804e-01
4.811007906944737567e-01
4.812018706095105292e-01
4.813081956128764660e-01
4.814198327013186063e-01
4.815368502990869937e-01
4.816593180669822560e-01
4.817873067056187564e-01
4.819208877531814261e-01
4.820601333779622744e-01
4.822051161659710594e-01
4.823559089039207715e-01
4.825125843579004536e-01
4.826752150480509984e-01
4.828438730195659945e-01
4.830186296186509964e-01
4.831995552234394364e-01
4.833867190573485906e-01
4.835801889139798582e-01
4.837800309236232610e-01
4.839863093093332846e-01
4.841990861417463932e-01
4.844184210930048140e-01
4.846443711901574636e-01
4.848769905637379529e-01
4.851163302245056208e-01
4.853624377727494554e-01
4.856153571905834632e-01
4.858751285935304920e-01
4.861417879746483539e-01
4.864153669739149644e-01
4.866958926389303164e-01
4.869833871920430379e-01
4.872778677926150048e-01
4.875793463177020004e-01
4.878878291330973060e-01
4.882033168748247665e-01
4.885258042341976137e-01
4.888552797478940559e-01
4.891917255934085107e-01
4.895351173902278696e-01
4.898854240070792954e-01
4.902426073755828395e-01
4.906066223106471114e-01
4.909774163379339584e-01
4.913549295287155116e-01
4.917390943424293503e-01
4.921298354772482009e-01
4.925270697289521604e-01
4.929307058584059265e-01
4.933406444679098168e-01
4.937567778867048562e-01
4.941789900658928869e-01
4.946071564830328837e-01
4.950411440566395149e-01
4.954808110708354696e-01
4.959260071103765988e-01
4.963765730062503212e-01
4.968323407920645085e-01
4.972931336713986017e-01
4.977587659963177424e-01
4.982290432571896410e-01
4.987037620839677166e-01
4.991827102590955523e-01
4.996656667421337517e-01
5.001524017062402017e-01
5.006426765866085482e-01
5.011362441409379365e-01
5.016328485220242772e-01
5.021322253625232213e-01
5.026341018719385767e-01
5.031381969458664782e-01
5.036442212875101854e-01
5.041518775414869369e-01
5.046608604398885589e-01
5.051708569606064847e-01
5.056815464978522412e-01
5.061926010448430935e-01
5.067036853885742431e-01
5.072144573166018633e-01
5.077245678357377168e-01
5.082336614025414478e-01
5.087413761655054101e-01
5.092473442187632759e-01
5.097511918671909781e-01
5.102525399027334485e-01
5.107510038917584261e-01
5.112461944732635821e-01
5.117377176677054829e-01
5.122251751962528799e-01
5.127081648102035372e-01
5.131862806303367774e-01
5.136591134959207494e-01
5.141262513231130704e-01
5.145872794724564159e-01
5.150417811251774003e-01
5.154893376679652306e-01
5.159295290859217120e-01
5.163619343633247816e-01
5.167861318918727243e-01
5.172016998860546888e-01
5.176082167943041323e-01
5.180052617720002361e-01
5.183924150480928583e-01
5.187692584110490390e-01
5.191353756424169630e-01
5.194903529667768138e-01
5.198337795060194999e-01
5.201652477375250383e-01
5.204843539557639787e-01
5.207906987369211871e-01
5.210838874060366166e-01
5.213635305062316316e-01
5.216292442695426024e-01
5.218806511210988264e-01
5.221173799906054791e-01
5.223390671342128533e-01
5.225453561482441556e-01
5.227358988785512084e-01
5.229103555792087299e-01
5.230683955216659520e-01
5.232096974326969629e-01
5.233339501843659036e-01
5.234408521210588416e-01
5.235301137817172101e-01
5.236014560856947497e-01
5.236546119128078214e-01
5.236893263184270175e-01
5.237053569693264077e-01
5.237024745731828634e-01
5.236804633012318577e-01
5.236391212035718112e-01
5.235782606166454745e-01
5.234977085623833126e-01
5.233973071385439324e-01
5.232769138997717118e-01
5.231364022288773619e-01
5.229756616979032158e-01
5.227945984184886319e-01
5.225931353810794322e-01
5.223712127825639318e-01
5.221287883418572751e-01
5.218658376030271828e-01
5.215823542255311196e-01
5.212783502611542108e-01
5.209538564172453423e-01
5.206089223058567583e-01
5.202436166784015770e-01
5.198580276454710658e-01
5.194522628814318699e-01
5.190264498134823379e-01
5.185807357948037932e-01
5.181152882615085442e-01
5.176302948730615583e-01
5.171259636358839229e-01
5.166025230098630905e-01
5.160602219974879112e-01
5.154993302153684231e-01
5.149201379479025897e-01
5.143229561828520646e-01
5.137081166286475709e-01
5.130759717131985198e-01
5.124268945640562123e-01
5.117612789697745246e-01
5.110795393222935523e-01
5.103821105402703839e-01
5.096694479731967986e-01
5.089420272862531514e-01
5.082003443258027442e-01
5.074449149654737257e-01
5.066762749328007631e-01
5.058949796163889623e-01
5.051016038536093600e-01
5.042967416988421991e-01
5.034810061722849728e-01
5.026550289894065049e-01
5.018194602710792651e-01
5.009749682345172594e-01
5.001222388650916617e-01
4.992619755691690142e-01
4.983948988081169928e-01
4.975217457136186794e-01
4.966432696844975681e-01
4.957602399652379921e-01
4.948734412064181853e-01
4.939836730072901250e-01
4.930917494407582313e-01
4.921984985643242383e-01
4.913047618963989893e-01
4.904113939132128119e-01
4.895192614898004613e-01
4.886292433457205542e-01
4.877422294706700301e-01
4.868591205347321260e-01
4.859808272836516618e-01
4.851082699195408132e-01
4.842423774674169401e-01
4.833840871280383200e-01
4.825343436174456269e-01
4.816940984937026493e-01
4.808643094713030974e-01
4.800459397237324954e-01
4.792399571746845388e-01
4.784473337930034709e-01
4.776690447121866301e-01
4.769060680423160559e-01
4.761593830386809389e-01
4.754299707555214027e-01
4.747188118875791951e-01
4.740268870160237458e-01
4.733551753658904460e-01
4.727046541125017876e-01
4.720762975896981017e-01
4.714710764930453157e-01
4.708899570786468924e-01
4.703339003582113209e-01
4.698038612910001022e-01
4.693007883073426201e-01
4.688256208262715496e-01
4.683792917822246493e-01
4.679627234710150296e-01
4.675768284062051805e-01
4.672225081722864437e-01
4.669006526134294455e-01
4.666121390244776790e-01
4.663578313448625834e-01
4.661385793561264035e-01
4.659552178837339520e-01
4.658085660038667197e-01
4.656994262558649678e-01
4.656285838610180194e-01
4.655968059483722166e-01
4.656048407882365514e-01
4.656534170340630441e-01
4.657432429733687762e-01
4.658750057883691564e-01
4.660493708269843327e-01
4.662669808848718400e-01
4.665284554991346866e-01
4.668343902543616308e-01
4.671853561016103829e-01
4.675818986909879849e-01
4.680245377184379940e-01
4.685137662873335440e-01
4.690500502854970666e-01
4.696338277782368120e-01
4.702655084179534484e-01
4.709454728709298044e-01
4.716740722618211201e-01
4.724516276364175704e-01
4.732784294432001992e-01
4.741547370342134027e-01
4.750807781857592227e-01
4.760567486394057246e-01
4.770828116637834682e-01
4.781590976376368096e-01
4.792857036545749572e-01
4.804626931499480502e-01
4.816900955502709247e-01
4.829679059455832535e-01
4.842960847851324191e-01
4.856745575967368334e-01
4.871032147301793680e-01
4.885819111249474211e-01
4.901104661026385867e-01
4.916886631843181421e-01
4.933162499330794870e-01
4.949929378220953025e-01
4.967184021283472806e-01
4.984922818522722898e-01
5.003141796635068861e-01
5.021836618728950929e-01
5.041002584358666994e-01
5.060634629589726430e-01
5.080727327770848678e-01
5.101274890160764075e-01
5.122271167015483018e-01
5.143709648908234566e-01
5.165583468318144522e-01
5.187885401487424275e-01
5.210607870389882823e-01
5.233742945910598854e-01
5.257282348934867455e-01
5.281217454847777493e-01
5.305539295941020805e-01
5.330238565027084485e-01
5.355305619158837738e-01
5.380730483609879045e-01
5.406502856113950539e-01
5.432612111097296914e-01
5.459047305473592182e-01
5.485797182095446534e-01
5.512850176028827320e-01
5.540194419797587200e-01
5.567817750167289859e-01
5.595707708906767497e-01
5.623851560518781101e-01
5.652236282859108840e-01
5.680848589815008509e-01
5.709674926377144022e-01
5.738701481151229356e-01
5.767914192614063129e-01
5.797298756658466612e-01
5.826840634343546377e-01
5.856525059845376635e-01
5.886337048602842126e-01
5.916261405653060468e-01
5.946282734151135951e-01
5.976385444068217367e-01
6.006553761062102259e-01
6.036771735514454562e-01
6.067023251728276279e-01
6.097292037279431476e-01
6.127561672515886571e-01
6.157815600197826811e-01
6.188037135272226319e-01
6.218209474774918366e-01
6.248315707853311363e-01
6.278338825902636255e-01
6.308261732808684297e-01
6.338067255289825397e-01
6.367738153330841921e-01
6.397257130701341499e-01
6.426606845551279257e-01
6.455769921075884543e-01
6.484728956242482578e-01
6.513466536571599352e-01
6.541965244964452753e-01
6.570207672569280399e-01
6.598176429678452859e-01
6.625854156648678384e-01
6.653223534836405495e-01
6.680267297540407601e-01
6.706968240943884663e-01
6.733309235047799657e-01
6.759273234587874768e-01
6.784843289927054988e-01
6.810002557915678656e-01
6.834734312711439053e-01
6.859021956551170085e-01
6.882849030466706708e-01
6.906199224936981906e-01
6.929056390468512072e-01
6.951404548096715708e-01
6.973227899800227281e-01
6.994510838820640064e-01
7.015237959880261664e-01
7.035394069290132890e-01
7.054964194941357736e-01
7.073933596171850802e-01
7.092287773501855241e-01
7.110012478230777200e-01
7.127093721888281275e-01
7.143517785533048947e-01
7.159271228892012395e-01
7.174340899333671029e-01
7.188713940668749469e-01
7.202377801771850940e-01
7.215320244951878292e-01
7.227529354447355114e-01
7.238993544118086376e-01
7.249701565512765011e-01
7.259642515451356637e-01
7.268805843445280690e-01
7.277181358897628627e-01
7.284759238077986865e-01
7.291530030866998358e-01
7.297484667265585756e-01
7.302614463664381939e-01
7.306911128868466276e-01
7.310366769873428705e-01
7.312973897388324040e-01
7.314725431101701814e-01
7.315614704686932424e-01
7.315635470792091199e-01
7.314781904525892164e-01
7.313048609127608124e-01
7.310430618926375690e-01
7.306923403232987724e-01
7.302522869712577691e-01
7.297225367475624891e-01
7.291027689885454244e-01
7.283927077079987988e-01
7.275921218206207186e-01
7.267008252941576929e-01
7.257186775270680901e-01
7.246455830088578409e-01
7.234814921108836394e-01
7.222264004335183785e-01
7.208803494159135017e-01
7.194434260959896577e-01
7.179157631523085392e-01
7.162975388647758734e-01
7.145889770460932544e-01
7.127903469440175499e-01
7.109019631145219176e-01
7.089241852659665666e-01
7.068574180744158220e-01
7.047021109702409358e-01
7.024587578962027123e-01
7.001278970371851429e-01
6.977101105218150856e-01
6.952060240961777104e-01
6.926163067699352416e-01
6.899416704350371798e-01
6.871828694574211305e-01
6.843407002419302776e-01
6.814160007708283118e-01
6.784096501162606430e-01
6.753225679270133952e-01
6.721557138899787454e-01
6.689100871667219561e-01
6.655867258055805369e-01
6.621867061297320722e-01
6.587111421017000090e-01
6.551611846647489301e-01
6.515380210616859014e-01
6.478428741315627182e-01
6.440770015847880892e-01
6.402416952572106412e-01
6.363382803437001023e-01
6.323681146117943186e-01
6.283325875960034113e-01
6.242331197733483883e-01
6.200711617207166348e-01
6.158481932547057447e-01
6.115657225544961495e-01
6.072252852684784097e-01
6.028284436052022688e-01
5.983767854093482441e-01
5.938719232232197998e-01
5.893154933355360114e-01
5.847091548148396489e-01
5.800545885338496133e-01
5.753534961798009162e-01
5.706075992548588216e-01
5.658186380662086901e-01
5.609883707066540826e-01
5.561185720264879562e-01
5.512110325973182956e-01
5.462675576685875889e-01
5.412899661175302191e-01
5.362800893932666568e-01
5.312397704557887401e-01
5.261708627118064641e-01
5.210752289415589988e-01
5.159547402318037657e-01
5.108112748992306162e-01
5.056467174152647903e-01
5.004629573297497691e-01
4.952618881946628804e-01
4.900454064885396699e-01
4.848154105423767568e-01
4.795737994677055083e-01
4.743224720875590661e-01
4.690633258710373843e-01
4.637982558721886472e-01
4.585291536738887452e-01
4.532579063374207462e-01
4.479863953584274361e-01
4.427164956182428890e-01
4.374500744010103581e-01
4.321889903039366487e-01
4.269350922709393981e-01
4.216902185792752444e-01
4.164561958477356329e-01
4.112348380557853122e-01
4.060279455742645816e-01
4.008373042082347681e-01
3.956646842525965990e-01
3.905118395610114312e-01
3.853805066287356862e-01
3.802724036898997850e-01
3.751892298297594963e-01
3.701326640992750883e-01
3.651043647249808677e-01
3.601059681364718323e-01
3.551390882794874804e-01
3.502053157374973580e-01
3.453062169648762891e-01
3.404433335144836370e-01
3.356181812883475835e-01
3.308322498068592687e-01
3.260870014975776332e-01
3.213838710040135549e-01
3.167242645147841928e-01
3.121095591134497305e-01
3.075411021493812402e-01
3.030202106299674236e-01
2.985481706344526032e-01
2.941262367496823016e-01
2.897556315280249151e-01
2.854375449677009069e-01
2.811731340157616055e-01
2.769635220939097864e-01
2.728097986473598802e-01
2.687130187169184392e-01
2.646742025344327454e-01
2.606943351417382870e-01
2.567743660332499345e-01
2.529152088222794692e-01
2.491177410828472050e-01
2.453828033053069568e-01
2.417112001511150243e-01
2.381036986979550296e-01
2.345610289840662221e-01
2.310838836664694806e-01
2.276729178548562160e-01
2.243287489693977510e-01
2.210519566224487253e-01
2.178430825240666446e-01
2.147026304112593376e-01
2.116310660008676736e-01
2.086288169659595848e-01
2.056962729356056896e-01
2.028337855178953264e-01
2.000416683460088385e-01
1.973201971471980898e-01
1.946696098344455339e-01
1.920901066206216479e-01
1.895818501549074164e-01
1.871449656812363971e-01
1.847795412185213315e-01
1.824856277623831124e-01
1.802632395081200378e-01
1.781123540946119299e-01
1.760329128688630507e-01
1.740248211708730619e-01
1.720879486384844781e-01
1.702221295359166997e-01
1.684271630814832832e-01
1.667028138345267030e-01
1.650488120605672904e-01
1.634648541348512896e-01
1.619506029596383123e-01
1.605056883988742467e-01
1.591297077298344242e-01
1.578222261113263469e-01
1.565827770680111586e-01
1.554108629904155658e-01
1.543059556501890917e-01
1.532674967301473901e-01
1.522948983686508717e-01
1.513875437178515693e-01
1.505447875153358150e-01
1.497659566686870281e-01
1.490503508470709393e-01
1.483972431116757085e-01
1.478058805041584656e-01
1.472754846991693456e-01
1.468052526409557856e-01
1.463943571951782929e-01
1.460419478101898094e-01
1.457471511872680536e-01
1.455090719592982140e-01
1.453267933773948750e-01
1.451993780049430360e-01
1.451258684185618431e-01
1.451052879154650088e-01
1.451366412267149908e-01
1.452189152358527857e-01
1.453510797023963297e-01
1.455320879896968289e-01
1.457608777966431235e-01
1.460363719007952976e-01
1.463574788558467676e-01
1.467230938121852069e-01
1.471320991806732981e-01
1.475833654113464788e-01
1.480757517347213448e-01
1.486081069038552027e-01
1.491792699393631461e-01
1.497880708733287380e-01
1.504333314921419140e-01
1.511138660777990306e-01
1.518284821472000168e-01
1.525759811889897954e-01
1.533551593974839811e-01
1.541648084032471999e-01
1.550037159998735592e-01
1.558706668665477413e-01
1.567644432859581216e-01
1.576838258571439111e-01
1.586275942028748942e-01
1.595945276711526195e-01
1.605834060304498490e-01
1.615930101582963574e-01
1.626221227228387411e-01
1.636695288570050311e-01
1.647340168249171177e-01
1.658143786801986042e-01
1.669094109158388295e-01
1.680179151052832998e-01
1.691386985344254801e-01
1.702705748241910566e-01
1.714123645434082188e-01
1.725628958116747769e-01
1.737210048919367034e-01
1.748855367725078436e-01
1.760553457382629250e-01
1.772292959307603666e-01
1.784062618970390646e-01
1.795851291268718009e-01
1.807647945782422105e-01
1.819441671908384461e-01
1.831221683873651696e-01
1.842977325624770013e-01
1.854698075591575956e-01
1.866373551323739222e-01
1.877993513998478803e-01
1.889547872797933126e-01
1.901026689154818317e-01
1.912420180865085362e-01
1.923718726066453721e-01
1.934912867081649557e-01
1.945993314072470837e-01
1.956950948814824287e-01
1.967776827833594144e-01
1.978462185887566727e-01
1.988998439077866442e-01
1.999377187862921290e-01
2.009590219933571065e-01
2.019629512947938021e-01
2.029487237125971455e-01
2.039155757703523530e-01
2.048627637246039079e-01
2.057895637821844093e-01
2.066952723035382355e-01
2.075792059920544552e-01
2.084407020694569734e-01
2.092791184372905511e-01
2.100938338245648129e-01
2.108842479382362634e-01
2.116497815174195329e-01
2.123898765379256814e-01
2.131039962404760180e-01
2.137916252262575256e-01
2.144522695230886011e-01
2.150854566383524347e-01
2.156907355988049169e-01
2.162676769773870522e-01
2.168158729071738289e-01
2.173349370825887472e-01
2.178245047480391605e-01
2.182842326741138983e-01
2.187137991215053479e-01
2.191129037928141454e-01
2.194812677724053140e-01
2.198186334544928178e-01
2.201247644596235620e-01
2.203994455397537133e-01
2.206424824720976119e-01
2.208537019419477831e-01
2.210329514146615049e-01
2.211800990103510167e-01
2.212950332881419846e-01
2.213776632339159167e-01
2.214279178892652467e-01
2.214457463759231803e-01
2.214311175569667611e-01
2.213840199072522330e-01
2.213044612926443611e-01
2.211924687540367251e-01
2.210480882827200733e-01
2.208713845873309933e-01
2.206624408526129399e-01
2.204213584902298961e-01
2.201482568818745045e-01
2.198432731149023711e-01
2.195065617107505029e-01
2.191382943463662802e-01
2.187386595689018720e-01
2.183078625039190923e-01
2.178461245573428684e-01
2.173536831114199486e-01
2.168307912149224637e-01
2.162777172678453930e-01
2.156947447008455421e-01
2.150821716496672531e-01
2.144403106248010116e-01
2.137694881766248611e-01
2.130700445562685175e-01
2.123423333724480666e-01
2.115867212445115830e-01
2.108035874519448849e-01
2.099933235805701293e-01
2.091563331656856595e-01
2.082930313323807237e-01
2.074038444332613473e-01
2.064892096838281677e-01
2.055495747957366559e-01
2.045853976081700443e-01
2.035971457175579369e-01
2.025852961058669521e-01
2.015503347676897705e-01
2.004927563363534393e-01
1.994130637092704494e-01
1.983117676727525480e-01
1.971893865264954249e-01
1.960464457079578449e-01
1.948834774168373973e-01
1.937010202453832430e-01
1.924996187824008775e-01
1.912798232699595702e-01
1.900421892106872457e-01
1.887872770005016854e-01
1.875156515579414762e-01
1.862278819549974263e-01
1.849245410496107023e-01
1.836062051200378908e-01
1.822734535012569268e-01
1.809268682235846137e-01
1.795670336536890899e-01
1.781945361381575832e-01
1.768099636497915406e-01
1.754139054367869488e-01
1.740069516749658540e-01
1.725896931069748064e-01
1.711627207655411209e-01
1.697266255397657519e-01
1.682819979045656056e-01
1.668294275746435296e-01
1.653695031781455271e-01
1.639028119343683421e-01
1.624299393356588850e-01
1.609514688336366739e-01
1.594679815298452319e-01
1.579800558709751612e-01
1.564882673487514309e-01
1.549931882046120535e-01
1.534953871392835678e-01
1.519954290273516917e-01
1.504938746369350044e-01
1.489912803545593301e-01
1.474881979153187250e-01
1.459851741384225188e-01
1.444827506682072604e-01
1.429814637207070249e-01
1.414818438358466102e-01
1.399844156353467761e-01
1.384896975864062241e-01
1.369982017712316757e-01
1.355104336624847472e-01
1.340268919046938012e-01
1.325480681066233957e-01
1.310744466102545802e-01
1.296065043501509750e-01
1.281447105573359502e-01
1.266895267017005555e-01
1.252414061997104699e-01
1.238007942919665261e-01
1.223681278636491732e-01
1.209438352819336843e-01
1.195283362397909638e-01
1.181220416062299938e-01
1.167253532829876372e-01
1.153386640676852398e-01
1.139623575234721964e-01
1.125968078551673052e-01
1.112423797918991736e-01
1.098994284762671719e-01
1.085682993600015217e-01
1.072493281061514675e-01
1.059428404977695443e-01
1.046491523531091067e-01
1.033685694473094191e-01
1.021013874405573008e-01
1.008478918127251045e-01
9.960835780444513010e-02
9.838305036461636455e-02
9.717222410430731427e-02
9.597612325703636094e-02
9.479498164539880423e-02
9.362902265399657142e-02
9.247845920865851999e-02
9.134349376188705127e-02
9.022431828450569458e-02
8.912111426346623622e-02
8.803405270575459518e-02
8.696329414836093119e-02
8.590898867425772467e-02
8.487127593432515493e-02
8.385028517518108848e-02
8.284613527284134804e-02
8.185893477215755443e-02
8.088878193196803734e-02
7.993576477588883178e-02
7.899996114360043065e-02
7.808143877275129652e-02
7.718025533668670946e-02
7.629645853648793496e-02
7.543008617413755890e-02
7.458116623564625680e-02
7.374971697928513203e-02
7.293574702883560967e-02
7.213925547179599052e-02
7.136023196241000899e-02
7.059865682947095988e-02
6.985450118877699344e-02
6.912772706014765067e-02
6.841828748892214707e-02
6.772612667180356871e-02
6.705118008698322807e-02
6.639337463553038332e-02
6.575262875120638228e-02
6.512885258560248414e-02
6.452194812564025772e-02
6.393180935057506120e-02
6.335832238544605866e-02
6.280136565802564574e-02
6.226081005915184985e-02
6.173651910631990786e-02
6.122834911042160377e-02
6.073614934550527339e-02
6.025976222143388655e-02
5.979902345932489038e-02
5.935376226963922502e-02
5.892380153279166283e-02
5.850895798216969312e-02
5.810904238940910876e-02
5.772385975181999751e-02
5.735320948181635292e-02
5.699688559822457118e-02
5.665467691933789851e-02
5.632636725758111834e-02
5.601173561565650494e-02
5.571055638402824806e-02
5.542259953961799213e-02
5.514763084557274680e-02
5.488541205196514200e-02
5.463570109729801866e-02
5.439825231066452299e-02
5.417281661443870688e-02
5.395914172735078590e-02
5.375697232767338157e-02
5.356605045735370746e-02
5.338611527804976858e-02
5.321690390571431895e-02
5.305815095296101402e-02
5.290958923160976601e-02
5.277094972468759915e-02
5.264196183364996257e-02
5.252235357877647198e-02
5.241185179858433296e-02
5.231018234813485102e-02
5.221707029609590212e-02
5.213224012042330657e-02
5.205541590254421369e-02
5.198632151989716205e-02
5.192468083671145096e-02
5.187021789289560092e-02
5.182265709090497913e-02
5.178172338047197509e-02
5.174714244106801836e-02
5.171864086198495192e-02
5.169594631990880040e-02
5.167878775387283602e-02
5.166689553747637331e-02
5.166000164825079732e-02
5.165783983406410651e-02
5.166014577646042827e-02
5.166665725081466543e-02
5.167711428321808409e-02
5.169125930397065749e-02
5.170883729759723213e-02
5.172959594928832477e-02
5.175328578766392323e-02
5.177966032378365779e-02
5.180847618629795537e-02
5.183949325267091235e-02
5.187247477638701892e-02
5.190718751005815590e-02
5.194340182664129030e-02
5.198089182472693387e-02
5.201943545349137221e-02
5.205881460870936256e-02
5.209881523689274818e-02
5.213922743237411894e-02
5.217984552983371410e-02
5.222046819222379843e-02
5.226089849460209547e-02
5.230094399997923388e-02
5.234041683865099659e-02
5.237913377182296104e-02
5.241691625863707793e-02
5.245359051510371795e-02
5.248898756872282662e-02
5.252294330824272550e-02
5.255529852853925432e-02
5.258589897481961289e-02
5.261459536122729125e-02
5.264124342512813831e-02
5.266570393673811884e-02
5.268784272332052709e-02
5.270753068468882890e-02
5.272464380384585259e-02
5.273906315276026546e-02
5.275067489332545267e-02
5.275937027351133152e-02
5.276504561874856974e-02
5.276760231858262928e-02
5.276694680862707015e-02
5.276299054787173676e-02
5.275564999138875749e-02
5.274484655849157738e-02
5.273050659639898219e-02
5.271256133946795180e-02
5.269094686406489841e-02
5.266560403913087690e-02
5.263647847253243722e-02
5.260352045325351195e-02
5.256668488952787044e-02
5.252593124298451238e-02
5.248122345890060547e-02
5.243252989264704511e-02
5.237982323243113580e-02
5.232308041842547580e-02
5.226228255839626691e-02
5.219741483992455106e-02
5.212846643933618379e-02
5.205543042746045568e-02
5.197830367230898974e-02
5.189708673882416357e-02
5.181178378579277127e-02
5.172240249639852711e-02
5.162895378816129144e-02
5.153145210357552852e-02
5.142991474339699692e-02
5.132436231341528515e-02
5.121481819039719330e-02
5.110130859302675771e-02
5.098386242284169700e-02
5.086251114160027231e-02
5.073728864715634085e-02
5.060823114799797851e-02
5.047537703660890523e-02
5.033876676177214543e-02
5.019844269999312186e-02
5.005444902617781772e-02
4.990683158371267414e-02
4.975563775411460943e-02
4.960091632638082004e-02
4.944271736621191904e-02
4.928109208524319301e-02
4.911609271044995589e-02
4.894777235387204328e-02
4.877618488281056097e-02
4.860138479064982781e-02
4.842342706845709915e-02
4.824236707750635678e-02
4.805826042288469102e-02
4.787116282831391234e-02
4.768113001235387699e-02
4.748821756611950468e-02
4.729248083266173602e-02
4.709397478815823684e-02
4.689275392504594492e-02
4.668887213724445817e-02
4.648238261041721248e-02
4.627333770100214294e-02
4.606178884391615158e-02
4.584778643770034967e-02
4.563137974449876788e-02
4.541261679059090117e-02
4.519154426992071788e-02
4.496820745073188547e-02
4.474265008543237138e-02
4.451491432379471591e-02
4.428504062960225002e-02
4.405306770083872170e-02
4.381903239353805712e-02
4.358296964936571316e-02
4.334491242705153929e-02
4.310489163773707777e-02
4.286293607493357055e-02
4.261907239532201214e-02
4.237332501078090730e-02
4.212571607699142767e-02
4.187626544048114741e-02
4.162499059913117583e-02
4.137190666711315634e-02
4.111702634428066744e-02
4.086035989008898056e-02
4.060191510206151433e-02
4.034169729885127287e-02
4.007970930792813941e-02
3.981595145790571555e-02
3.955042157554791021e-02
3.928311498744827684e-02
3.901402452640669039e-02
3.874314054250425909e-02
3.847045091886534818e-02
3.819594109211722766e-02
3.791959407751666067e-02
3.764139049873863746e-02
3.736130862229831984e-02
3.707932439657299351e-02
3.679541149540199729e-02
3.650954136620918750e-02
3.622168328261477638e-02
3.593180440147941690e-02
3.563986982432233025e-02
3.534584266306168426e-02
3.504968410999475398e-02
3.475135351196122907e-02
3.445080844860154423e-02
3.414800481462808984e-02
3.384289690603066447e-02
3.353543751010968493e-02
3.322557799925045241e-02
3.291326842832986016e-02
3.259845763564983567e-02
3.228109334728508639e-02
3.196112228472904049e-02
3.163849027642909317e-02
3.131314236808710461e-02
3.098502294989575329e-02
3.065407585249081690e-02
3.032024450571764798e-02
2.998347202968991085e-02
2.964370137837202962e-02
2.930087546559487222e-02
2.895493729642730982e-02
2.860583010045682911e-02
2.825349746681052668e-02
2.789788348076531824e-02
2.753893286177564945e-02
2.717659110275394418e-02
2.681080461043509194e-02
2.644152084665115851e-02
2.606868847034397862e-02
2.569225748014016333e-02
2.531217935730774998e-02
2.492840720892095310e-02
2.454089591104614831e-02
2.414960225177412156e-02
2.375448507391058825e-02
2.335550541714582692e-02
2.295262665951539396e-02
2.254581465797419679e-02
2.213503788789154131e-02
2.172026758129157881e-02
2.130147786364692403e-02
2.087864588904888088e-02
2.045175196705541210e-02
2.002077971993699787e-02
1.958571617333925569e-02
1.914655190862111708e-02
1.870328118085189117e-02
1.825590204042543824e-02
1.780441645179174637e-02
1.734883040913751118e-02
1.688915404884721791e-02
1.642540175857097953e-02
1.595759228274343591e-02
1.548574882438355851e-02
1.500989914302017052e-02
1.453007564859231347e-02
1.404631549116230893e-02
1.355866064630525079e-02
1.306715800302147776e-02
1.257185941190316729e-02
1.207282179905999099e-02
1.157010720443020328e-02
1.106378285055248378e-02
1.055392119909493755e-02
1.004060000213375693e-02
9.523902348074070323e-03
9.003916702100626598e-03
8.480736941059736217e-03
7.954462382675019094e-03
7.425197809004540142e-03
6.893053484060397348e-03
6.358145165501434548e-03
5.820594110337022620e-03
5.280527074566204043e-03
4.738076306696189198e-03
4.193379535084238753e-03
3.646579949054690357e-03
3.097826173749638947e-03
2.547272238678888884e-03
1.995077539938426483e-03
1.441406796080887519e-03
8.864299976150628174e-04
3.303223501360053396e-04
-2.267357889236282925e-04
-7.845589799125086451e-04
-1.342956776933133031e-03
-1.901733810156218656e-03
-2.460689874442128795e-03
-3.019620024242899124e-03
-3.578314674738954787e-03
-4.136559709164363240e-03
-4.694136592269351413e-03
-5.250822489851969359e-03
-5.806390394297673320e-03
-6.360609256045816201e-03
-6.913244120903726080e-03
-7.464056273119103017e-03
-8.012803384112678062e-03
-8.559239666773396649e-03
-9.103116035202016287e-03
-9.644180269791125665e-03
-1.018217718751758538e-02
-1.071684882740944408e-02
-1.124793458042603993e-02
-1.177517148902280930e-02
-1.229829426840572948e-02
-1.281703568658981891e-02
-1.333112661767464624e-02
-1.384029631234673895e-02
-1.434427259122210245e-02
-1.484278205556087589e-02
-1.533555030165129063e-02
-1.582230213866852794e-02
-1.630276180982865100e-02
-1.677665321663721759e-02
-1.724370014603479259e-02
-1.770362650023902390e-02
-1.815615652907291017e-02
-1.860101506457109005e-02
-1.903792775764919648e-02
-1.946662131661552192e-02
-1.988682374730762342e-02
-2.029826459462680602e-02
-2.070067518524432507e-02
-2.109378887125133717e-02
-2.147734127451452271e-02
-2.185107053151260151e-02
-2.221471753314578634e-02
-2.256802619108178032e-02
-2.291074365036337504e-02
-2.324262055546061356e-02
-2.356341128843844612e-02
-2.387287421163441364e-02
-2.417077190913370296e-02
-2.445687142679753290e-02
-2.473094451060033061e-02
-2.499276784303918614e-02
-2.524212327736611444e-02
-2.547879806940974573e-02
-2.570258510674080371e-02
-2.591328313494664637e-02
-2.611069698077415555e-02
-2.629463777191257470e-02
-2.646492315317347868e-02
-2.662137749888487254e-02
-2.676383212067955444e-02
-2.689212547281553956e-02
-2.700610335046148627e-02
-2.710561908488364619e-02
-2.719053373330080139e-02
-2.726071626358355857e-02
-2.731604373360424151e-02
-2.735640146502107961e-02
-2.738168321130494270e-02
-2.739179131981532567e-02
-2.738663688772888238e-02
-2.736613991164448326e-02
-2.733022943068465216e-02
-2.727884366291296464e-02
-2.721193013491277762e-02
-2.712944580435210085e-02
-2.703135717538805716e-02
-2.691764040676063174e-02
-2.678828141242829003e-02
-2.664327595461676856e-02
-2.648262972914436353e-02
-2.630635844290706363e-02
-2.611448788340624619e-02
-2.590705398020842418e-02
-2.568410285824484704e-02
-2.544569088284574093e-02
-2.519188469643390826e-02
-2.492276124679823276e-02
-2.463840780686992610e-02
-2.433892198595208681e-02
-2.402441173233774846e-02
-2.369499532727500912e-02
-2.335080137024515487e-02
-2.299196875551764996e-02
-2.261864663996538197e-02
-2.223099440212978825e-02
-2.182918159252321758e-02
-2.141338787518304657e-02
-2.098380296048308127e-02
-2.054062652922407708e-02
-2.008406814803915738e-02
-1.961434717614074508e-02
-1.913169266346807784e-02
-1.863634324028102043e-02
-1.812854699826479954e-02
-1.760856136322420246e-02
-1.707665295943384606e-02
-1.653309749006282026e-02
-1.597817946355425608e-02
-1.541219229950978320e-02
-1.483543780335150331e-02
-1.424822634037695851e-02
-1.365087639958601634e-02
-1.304371451675689388e-02
-1.242707505312302257e-02
-1.180129998961944662e-02
-1.116673871402856788e-02
-1.052374780119495583e-02
-9.872690786470576102e-03
-9.213937932579085305e-03
-8.547865990079631104e-03
-7.874857951621421284e-03
-7.195302800193559625e-03
-6.509595251565433380e-03
-5.818135491135665444e-03
-5.121328905402693435e-03
-4.419585808275203892e-03
-3.713321162459827171e-03
-3.002954295147920380e-03
-2.288908613825354349e-03
-1.571611309500764095e-03
-8.514930635204927267e-04
-1.289877472840355449e-04
5.954678809215099150e-04
1.321434482293565998e-03
2.048470446838797018e-03
2.776132205387756013e-03
3.503974544023387080e-03
4.231550920667948718e-03
4.958413783542257175e-03
5.684114891232536215e-03
6.408205634087057317e-03
7.130237356662176562e-03
7.849761680942410336e-03
8.566330830057769519e-03
9.279497945267153880e-03
9.988817437326935611e-03
1.069384526914883213e-02
1.139413930564601649e-02
1.208925962904469978e-02
1.277876885967399803e-02
1.346223247529276801e-02
1.413921912867704272e-02
1.480930096318467878e-02
1.547205392603645709e-02
1.612705807902922034e-02
1.677389790642345307e-02
1.741216261973345739e-02
1.804144645915598325e-02
1.866134899138262651e-02
1.927147540353587804e-02
1.987143679297707216e-02
2.046085045273733985e-02
2.103934015233011046e-02
2.160653641370171088e-02
2.216207678208945153e-02
2.270560609155023932e-02
2.323677672494753321e-02
2.375524886816181291e-02
2.426069075832556002e-02
2.475277892586729908e-02
2.523119843016333186e-02
2.569564346120486661e-02
2.614581569890865251e-02
2.658142825442255663e-02
2.700220215237043517e-02
2.740786839474501288e-02
2.779816778176746883e-02
2.817285109772934767e-02
2.853167928907958048e-02
2.887442363461743128e-02
2.920086590765994666e-02
2.951079853006658218e-02
2.980402471800133041e-02
3.008035861933205934e-02
3.033962544256458074e-02
3.058166157722932293e-02
3.080631470563310881e-02
3.101344390590847488e-02
3.120291974629745002e-02
3.137462437061147580e-02
3.152845157482671995e-02
3.166430687477384681e-02
3.178210756489501659e-02
3.188178276804951028e-02
3.196327347635557342e-02
3.202653258306780576e-02
3.207152494211278071e-02
3.209822719898498822e-02
3.210662819805874812e-02
3.209672843213341037e-02
3.206854057377739320e-02
3.202208905631222235e-02
3.195741022407918436e-02
3.187455225747815035e-02
3.177357512550522955e-02
3.165455052978198569e-02
3.151756184016640816e-02
3.136270402204512781e-02
3.119008355541459665e-02
3.099981834586717361e-02
3.079203762760250596e-02
3.056688185859747844e-02
3.032450260806830375e-02
3.006506242863267106e-02
2.978873475946892252e-02
2.949570374600533548e-02
2.918616412812799488e-02
2.886032108398109072e-02
2.851839007446155955e-02
2.816059668115676942e-02
2.778717643791354247e-02
2.739837465623214466e-02
2.699444624468435444e-02
2.657565552256123398e-02
2.614227602795617805e-02
2.569459032050046624e-02
2.523288977896345764e-02
2.475747439394442723e-02
2.426865255587746725e-02
2.376674084899128153e-02
2.325206378899353360e-02
2.272495366081512397e-02
2.218575024861324518e-02
2.163480061420955045e-02
2.107245886187241596e-02
2.049908590006916873e-02
1.991504920042820592e-02
1.932072255415958131e-02
1.871648582617788450e-02
1.810272470717749771e-02
1.747983046390094719e-02
1.684819968785072550e-02
1.620823404303552151e-02
1.556034001059680011e-02
1.490492863774351209e-02
1.424241527927466895e-02
1.357321934388888707e-02
1.289776403835178435e-02
1.221647611214408784e-02
1.152978560248879569e-02
1.083812557998376815e-02
1.014193189507762820e-02
9.441642925605347667e-03
8.737699325615392101e-03
8.030543775699047759e-03
7.320620735043092270e-03
6.608376195410219263e-03
5.894257437256681352e-03
5.178712788186841560e-03
4.462191383938377519e-03
3.745142932091763063e-03
3.028017478684668327e-03
2.311265177911700844e-03
1.595336065084211608e-03
8.806798330118770224e-04
1.677456119721747185e-04
-5.430182465859245688e-04
-1.251164382452977196e-03
-1.956246635044515264e-03
-2.657820247633405075e-03
-3.355442067298800360e-03
-4.048670740479330503e-03
-4.737066904018421599e-03
-5.420193371596699825e-03
-6.097615315465382789e-03
-6.768900443384066011e-03
-7.433619170696627657e-03
-8.091344787467449201e-03
-8.741653620616931381e-03
-9.384125191008394970e-03
-1.001834236543846027e-02
-1.064389150349316637e-02
-1.126036259924830321e-02
-1.186734941778662400e-02
-1.246444962653168662e-02
-1.305126492138635429e-02
-1.362740112684118071e-02
-1.419246841601601306e-02
-1.474608119064541208e-02
-1.528785850589275963e-02
-1.581742384501435075e-02
-1.633440545720054454e-02
-1.683843633728506969e-02
-1.732915433348345899e-02
-1.780620222815459258e-02
-1.826922781382662661e-02
-1.871788396456761441e-02
-1.915182870281114530e-02
-1.957072526173335089e-02
-1.997424213599962098e-02
-2.036205316477821339e-02
-2.073383753777442023e-02
-2.108927987014486832e-02
-2.142807023723578355e-02
-2.174990421293029885e-02
-2.205448290449551346e-02
-2.234151298409089992e-02
-2.261070671710816576e-02
-2.286178198750827076e-02
-2.309446232034740795e-02
-2.330847690166449118e-02
-2.350356059592549618e-02
-2.367945396122091845e-02
-2.383590326241009222e-02
-2.397266048241653014e-02
-2.408948333780831091e-02
-2.418613526315037399e-02
-2.426238545409871439e-02
-2.431800884918302458e-02
-2.435278614114072190e-02
-2.436650378159465474e-02
-2.435895398540101342e-02
-2.432993473488830397e-02
-2.427924978422155156e-02
-2.420670866411607156e-02
-2.411212668713030166e-02
-2.399532495377108138e-02
-2.385613035963689288e-02
-2.369437560383090904e-02
-2.350989919887504914e-02
-2.330254548234673290e-02
-2.307216463046971727e-02
-2.281861267388603925e-02
-2.254175151582367420e-02
-2.224144895288955592e-02
-2.191757869869894945e-02
-2.157002041055446073e-02
-2.119865971939761951e-02
-2.080338826322081572e-02
-2.038410372416092631e-02
-1.994070986946044899e-02
-1.947311659649094903e-02
-1.898123998203821855e-02
-1.846500233601430438e-02
-1.792433225978346673e-02
-1.735916470927434049e-02
-1.676944106302939025e-02
-1.615510919536729609e-02
-1.551612355478561647e-02
-1.485244524776618835e-02
-1.416404212810551053e-02
-1.345088889189181500e-02
-1.271296717826572546e-02
-1.195026567604998841e-02
-1.116278023635983163e-02
-1.035051399129459371e-02
-9.513477478760462916e-03
-8.651688773534452898e-03
-7.765173624599691626e-03
-6.853965598819411649e-03
-5.918106230988326791e-03
-4.957645180281883279e-03
-3.972640393138498691e-03
-2.963158272565989335e-03
-1.929273853883415810e-03
-8.710709868735184991e-04
2.113574756730778742e-04
1.317909483067529475e-03
2.448473585520511905e-03
3.602928726711109725e-03
4.781144030180624685e-03
5.982978579642890885e-03
7.208281193319388686e-03
8.456890192381391960e-03
9.728633163657766578e-03
1.102332671670799846e-02
1.234077614673790950e-02
1.368077562433829379e-02
1.504310696143944769e-02
1.642754067585152494e-02
1.783383439630991524e-02
1.926173356094640354e-02
2.071097069834086646e-02
2.218126523422699753e-02
2.367232321075389903e-02
2.518383697884662292e-02
2.671548493316350942e-02
2.826693119869790050e-02
2.983782533691831801e-02
3.142780204503764496e-02
3.303648085311314264e-02
3.466346581930717513e-02
3.630834521631544354e-02
3.797069126053666255e-02
3.965005973066160899e-02
4.134598973216114387e-02
4.305800335193565864e-02
4.478560535716331892e-02
4.652828288753030339e-02
4.828550514855027564e-02
5.005672310637389322e-02
5.184136917480963030e-02
5.363885695306735285e-02
5.544858086988768003e-02
5.726991592682147830e-02
5.910221739741408631e-02
6.094482053998760696e-02
6.279704031496223526e-02
6.465817110720727123e-02
6.652748645385349324e-02
6.840423877805315578e-02
7.028765912917893377e-02
7.217695692988249090e-02
7.407131973056563234e-02
7.596991297167969559e-02
7.787187975438446264e-02
7.977634062003344240e-02
8.168239333896135101e-02
8.358911270909105684e-02
8.549555036480893655e-02
8.740073459663431910e-02
8.930367018213726527e-02
9.120333822861181883e-02
9.309869602796620736e-02
9.498867692432541587e-02
9.687219019481128901e-02
9.874812094398942308e-02
1.006153300124252581e-01
1.024726538998328718e-01
1.043189047032677813e-01
1.061528700708115752e-01
1.079733131712142663e-01
1.097789726798893695e-01
1.115685627817496473e-01
1.133407731912551147e-01
1.150942691901201964e-01
1.168276916830795348e-01
1.185396572720862907e-01
1.202287583493636541e-01
1.218935632096494193e-01
1.235326161820212987e-01
1.251444377816492426e-01
1.267275248817960054e-01
1.282803509064188996e-01
1.298013660436708183e-01
1.312889974805918070e-01
1.327416496593043782e-01
1.341577045549449121e-01
1.355355219756174401e-01
1.368734398845972422e-01
1.381697747449960323e-01
1.394228218871255698e-01
1.406308558987093282e-01
1.417921310381530797e-01
1.429048816710004888e-01
1.439673239287637962e-01
1.449776501969901599e-01
1.459340416124103590e-01
1.468346566030063194e-01
1.476776374373042211e-01
1.484611096031882849e-01
1.491831824094977110e-01
1.498419496113776450e-01
1.504354900593644906e-01
1.509618683721652144e-01
1.514191356330534810e-01
1.518053301920279652e-01
1.521184779982121538e-01
1.523565942637302162e-01
1.525176830556054519e-01
1.525997392494147231e-01
1.526007486189528140e-01
1.525186889391513256e-01
1.523515308783924549e-01
1.520972388796519859e-01
1.517537720850095639e-01
1.513190852816658494e-01
1.507911298691486657e-01
1.501678548473397157e-01
1.494472078249721447e-01
1.486271360481935255e-01
1.477055874487844256e-01
1.466805117115956014e-01
1.455498613607364711e-01
1.443115928640548995e-01
1.429636677553771940e-01
1.415040538025846839e-01
1.399307260496264749e-01
1.382416681599769603e-01
1.364348734906216110e-01
1.345083463233446297e-01
1.324601030819086700e-01
1.302881735629144999e-01
1.279906021796570481e-01
1.255654492183243820e-01
1.230107921058105624e-01
1.203247266884166777e-01
1.175053685207400611e-01
1.145508541639332356e-01
1.114593424926204335e-01
1.082290160096347209e-01
1.048580821677806973e-01
1.013447746978261982e-01
9.768735494184416224e-02
9.388411319108830311e-02
8.993337002750936837e-02
8.583347766804746981e-02
8.158282131081616428e-02
7.717982048225305314e-02
7.262293038433791093e-02
6.791064324094663041e-02
6.304148964239655872e-02
5.801403988725998412e-02
5.282690532046502990e-02
4.747873966673318846e-02
4.196824035839099437e-02
3.629414985654115522e-02
3.045525696468616428e-02
2.445039813370790752e-02
1.827845875733982717e-02
1.193837445699783700e-02
5.429132355069581084e-03
-1.250227664360240021e-03
-8.100611708393053167e-03
-1.512287064274328574e-02
-2.231779887480207086e-02
-2.968613315324624552e-02
-3.722855138525284213e-02
-4.494567147231741389e-02
-5.283805016561260448e-02
-6.090618194196976282e-02
-6.915049790140193053e-02
-7.757136468712874655e-02
-8.616908342919733788e-02
-9.494388871246731143e-02
-1.038959475701237145e-01
-1.130253585035510960e-01
-1.223321505294659023e-01
-1.318162822554041491e-01
-1.414776409842273541e-01
-1.513160418488397885e-01
-1.613312269777715802e-01
-1.715228646925823497e-01
-1.818905487380217678e-01
-1.924337975456338612e-01
-2.031520535318105669e-01
-2.140446824309722718e-01
-2.251109726646872700e-01
-2.363501347476142933e-01
-2.477613007308367421e-01
-2.593435254190503136e-01
-2.710957772134480193e-01
-2.830169550272451096e-01
-2.951058705308655661e-01
-3.073612564710165307e-01
-3.197817646182404827e-01
-3.323659655167290339e-01
-3.451123480999805926e-01
-3.580193199036783014e-01
-3.710852063045873006e-01
-3.843082510515630768e-01
-3.976866157627876319e-01
-4.112183801120471438e-01
-4.249015418243876629e-01
-4.387340167571666116e-01
-4.527136390274377198e-01
-4.668381611861317504e-01
-4.811052544390915786e-01
-4.955125089154667761e-01
-5.100574339835469706e-01
-5.247374586142742325e-01
-5.395499317926891747e-01
-5.544921230110204657e-01
-5.695612226409962897e-01
-5.847543426922874321e-01
-6.000685172811645041e-01
-6.155007033163719665e-01
-6.310477811993031594e-01
-6.467065555724277326e-01
-6.624737561156370802e-01
-6.783460383905625113e-01
-6.943199847325939311e-01
-7.103921051904052986e-01
-7.265588385128898263e-01
-7.428165531830079882e-01
-7.591615484984692852e-01
-7.755900556988130079e-01
-7.920982391384489008e-01
-8.086821975055067391e-01
-8.253379650856768057e-01
-8.420615130709661056e-01
-8.588487509126483399e-01
-8.756955277177912444e-01
-8.925976336891543461e-01
-9.095508016073498014e-01
-9.265507083550963419e-01
-9.435929764826704869e-01
-9.606731758137853072e-01
-9.777868250914300008e-01
-9.949293936626166790e-01
-1.012096303201462710e+00
-1.029282929469722996e+00
-1.046484604113800509e+00
-1.063696616497590508e+00
-1.080914215570006887e+00
-1.098132611766397204e+00
-1.115346978942961309e+00
-1.132552456342800884e+00
-1.149744150593188463e+00
-1.166917137732351062e+00
-1.184066465265228629e+00
-1.201187154246855515e+00
-1.218274201392211431e+00
-1.235322581211592885e+00
-1.252327248170141960e+00
-1.269283138870485050e+00
-1.286185174257230113e+00
-1.303028261842038571e+00
-1.319807297948127234e+00
-1.336517169972864183e+00
-1.353152758667169442e+00
-1.369708940430566013e+00
-1.386180589620273240e+00
-1.402562580873336406e+00
-1.418849791440241370e+00
-1.435037103528700175e+00
-1.451119406656359523e+00
-1.467091600010786756e+00
-1.482948594815686194e+00
-1.498685316701581671e+00
-1.514296708079913012e+00
-1.529777730518868228e+00
-1.545123367119609403e+00
-1.560328624891536675e+00
-1.575388537125027133e+00
-1.590298165760371862e+00
-1.605052603751313978e+00
-1.619646977421850931e+00
-1.634076448814861804e+00
-1.648336218031019484e+00
-1.662421525556727175e+00
-1.676327654591570848e+00
-1.690049933301808860e+00
-1.703583737177765789e+00
-1.716924491255985341e+00
-1.730067672382081589e+00
-1.743008811425400095e+00
-1.755743495573645729e+00
-1.768267370355256052e+00
-1.780576141960122927e+00
-1.792665579318541091e+00
-1.804531516207211306e+00
-1.816169853346132346e+00
-1.827576560452267129e+00
-1.838747678265068908e+00
-1.849679320540410732e+00
-1.860367676011521088e+00
-1.870809010315680254e+00
-1.880999667869369674e+00
-1.890936073787603977e+00
-1.900614735603854966e+00
-1.910032245112439853e+00
-1.919185280090090373e+00
-1.928070605992490805e+00
-1.936685077608368610e+00
-1.945025640670269285e+00
-1.953089333420883644e+00
-1.960873288133877956e+00
-1.968374732588365816e+00
-1.975590991495943971e+00
-1.982519487879470743e+00
-1.989157744402619610e+00
-1.995503384649371270e+00
-2.001554134352657055e+00
-2.007307822571262612e+00
-2.012762382814331286e+00
-2.017915854112666718e+00
-2.022766382036143451e+00
-2.027312219656613124e+00
-2.031551728455612160e+00
-2.035483379176321606e+00
-2.039105752619238210e+00
-2.042417540380960350e+00
-2.045417545535714865e+00
-2.048104683259078129e+00
-2.050477981393564963e+00
-2.052536580955664824e+00
-2.054279736583999760e+00
-2.055706816928342562e+00
-2.056817304979212668e+00
-2.057610798337818903e+00
-2.058087009426233571e+00
-2.058245765637585212e+00
