-2.268660994964325772e-01
-2.268142116511170925e-01
-2.266585817383217627e-01
-2.263993106055927906e-01
-2.260365662591698743e-01
-2.255705837545324555e-01
-2.250016650432742071e-01
-2.243301787764088728e-01
-2.235565600642507589e-01
-2.226813101930330552e-01
-2.217049962984658784e-01
-2.206282509964615501e-01
-2.194517719712855419e-01
-2.181763215214210239e-01
-2.168027260634639575e-01
-2.153318755943959273e-01
-2.137647231126089953e-01
-2.121022839980840902e-01
-2.103456353521573619e-01
-2.084959152973304974e-01
-2.065543222376103327e-01
-2.045221140798919035e-01
-2.024006074169214520e-01
-2.001911766724038810e-01
-1.978952532088441574e-01
-1.955143243987340074e-01
-1.930499326597252263e-01
-1.905036744544456040e-01
-1.878771992556462211e-01
-1.851722084773806676e-01
-1.823904543729484296e-01
-1.795337389003468509e-01
-1.766039125560017187e-01
-1.736028731775655642e-01
-1.705325647165876757e-01
-1.673949759818824379e-01
-1.641921393544394925e-01
-1.609261294747323934e-01
-1.575990619033019735e-01
-1.542130917555060987e-01
-1.507704123099241900e-01
-1.472732536000124492e-01
-1.437238809677780227e-01
-1.401245933472644034e-01
-1.364777230996391810e-01
-1.327856318763791788e-01
-1.290507117369098511e-01
-1.252753822905473824e-01
-1.214620894051097327e-01
-1.176133036351166006e-01
-1.137315186347412632e-01
-1.098192495565317173e-01
-1.058790314369241758e-01
-1.019134175695704525e-01
-9.792497786751525046e-02
-9.391629721525156238e-02
-8.988997381169400169e-02
-8.584861750510815182e-02
-8.179484812103415825e-02
-7.773129378424888103e-02
-7.366058923580343087e-02
-6.958537414618048977e-02
-6.550829142560793406e-02
-6.143198553256747074e-02
-5.735910078153452080e-02
-5.329227965097932396e-02
-4.923416109266140483e-02
-4.518737884323959647e-02
-4.115455973921820082e-02
-3.713832203624857498e-02
-3.314127373378755737e-02
-2.916601090612650285e-02
-2.521511604077861929e-02
-2.129115638522241158e-02
-1.739668230297668206e-02
-1.353422563998765010e-02
-9.706298102292020696e-03
-5.915389645911241223e-03
-2.163966879931686349e-03
1.545528516297581950e-03
5.210681360914223847e-03
8.829104521323644789e-03
1.239844044910101521e-02
1.591636269711927537e-02
1.938057741801202730e-02
2.278882484310096670e-02
2.613888074092180283e-02
2.942855785449612072e-02
3.265570731651173952e-02
3.581822004158478900e-02
3.891402809478714669e-02
4.194110603564006612e-02
4.489747223678457883e-02
4.778119017655439033e-02
5.059036970469057981e-02
5.332316828044923740e-02
5.597779218236945825e-02
5.855249768898290741e-02
6.104559222975781962e-02
6.345543550558960244e-02
6.578044057816051504e-02
6.801907492750727813e-02
7.016986147715111033e-02
7.223137958616095144e-02
7.420226600753103419e-02
7.608121581227651753e-02
7.786698327866095615e-02
7.955838274598793503e-02
8.115428943240532433e-02
8.265364021618559764e-02
8.405543437996280953e-02
8.535873431742378725e-02
8.656266620196853556e-02
8.766642061686694132e-02
8.866925314646667555e-02
8.957048492801025774e-02
9.036950316365191527e-02
9.106576159226942302e-02
9.165878092069368321e-02
9.214814921399318293e-02
9.253352224446598218e-02
9.281462379902163939e-02
9.299124594357255358e-02
9.306324925099838941e-02
9.303056297417405807e-02
9.289318518930086976e-02
9.265118289034335319e-02
9.230469204041868991e-02
9.185391716216068092e-02
9.129913297735220423e-02
9.064068222847115885e-02
8.987897557476041965e-02
8.901449349831408453e-02
8.804778443056231196e-02
8.697946491440128325e-02
8.581021930598314862e-02
8.454079943245453033e-02
8.317202420565977805e-02
8.170477919184382376e-02
8.014001613741952856e-02
7.847875245088514751e-02
7.672207064100408647e-02
7.487111771138393879e-02
7.292710451161607543e-02
7.089130504516744091e-02
6.876505573423546958e-02
6.654975464181082934e-02
6.424686065121369694e-02
6.185789260339995266e-02
5.938442839236096615e-02
5.682810401896664504e-02
5.419061260363021437e-02
5.147370335820287968e-02
4.867918051753330339e-02
4.580890223115653692e-02
4.286477941560611071e-02
3.984877456787144084e-02
3.676290054055447731e-02
3.360921927930463071e-02
3.038984052314609025e-02
2.710692046833962365e-02
2.376266039644567285e-02
2.035930526729773371e-02
1.689914227761045440e-02
1.338449938599059821e-02
9.817743805138263655e-03
6.201280462063267843e-03
2.537550427169979472e-03
-1.170970686911484634e-03
-4.921774355827520514e-03
-8.712320802405321835e-03
-1.254004068297516310e-02
-1.640233680012155928e-02
-2.029658584082463108e-02
-2.422014013893585005e-02
-2.817032946090154005e-02
-3.214446281361981600e-02
-3.613983027328107611e-02
-4.015370483403186974e-02
-4.418334427525591468e-02
-4.822599304625426603e-02
-5.227888416707451164e-02
-5.633924114421205720e-02
-6.040427989989059776e-02
-6.447121071359389333e-02
-6.853724017450753270e-02
-7.259957314350241886e-02
-7.665541472326982408e-02
-8.070197223520145235e-02
-8.473645720158388961e-02
-8.875608733166137632e-02
-9.275808851010020062e-02
-9.673969678637518721e-02
-1.006981603635793004e-01
-1.046307415851475131e-01
-1.085347189179647620e-01
-1.124073889303292828e-01
-1.162460682632134590e-01
-1.200480955932750476e-01
-1.238108335860455683e-01
-1.275316708377265962e-01
-1.312080238040152502e-01
-1.348373387143762814e-01
-1.384170934850897927e-01
-1.419447995407044638e-01
-1.454180037624921706e-01
-1.488342902711501381e-01
-1.521912822411902177e-01
-1.554866437641436450e-01
-1.587180815132087086e-01
-1.618833465524377735e-01
-1.649802360319485850e-01
-1.680065948697797296e-01
-1.709603174019398431e-01
-1.738393489356573340e-01
-1.766416875992626312e-01
-1.793653855002401987e-01
-1.820085503734126253e-01
-1.845693472267275481e-01
-1.870459995855600077e-01
-1.894367909282464457e-01
-1.917400660288133829e-01
-1.939542322550110165e-01
-1.960777608203511102e-01
-1.981091879888725593e-01
-2.000471162313960938e-01
-2.018902153320618897e-01
-2.036372234439799145e-01
-2.052869480928626311e-01
-2.068382671275480200e-01
-2.082901296163630067e-01
-2.096415566883173265e-01
-2.108916423181663446e-01
-2.120395540544213198e-01
-2.130845336894404696e-01
-2.140258978707712256e-01
-2.148630386529759573e-01
-2.155954239892147184e-01
-2.162225981619169957e-01
-2.167441821519230094e-01
-2.171598739455334881e-01
-2.174694487789605724e-01
-2.176727593197277655e-01
-2.177697357846287984e-01
-2.177603859939065134e-01
-2.176447953613810660e-01
-2.174231268203090650e-01
-2.170956206848193293e-01
-2.166625944468345832e-01
-2.161244425084449527e-01
-2.154816358497675943e-01
-2.147347216323846342e-01
-2.138843227385193724e-01
-2.129311372461708540e-01
-2.118759378404929394e-01
-2.107195711617656231e-01
-2.094629570903762672e-01
-2.081070879692833164e-01
-2.066530277645064473e-01
-2.051019111642494730e-01
-2.034549426173229147e-01
-2.017133953115992362e-01
-1.998786100932962440e-01
-1.979519943279449135e-01
-1.959350207039616543e-01
-1.938292259798047867e-01
-1.916362096757555367e-01
-1.893576327114253055e-01
-1.869952159901440980e-01
-1.845507389314528512e-01
-1.820260379529675954e-01
-1.794230049029454654e-01
-1.767435854449395383e-01
-1.739897773959724891e-01
-1.711636290197218746e-01
-1.682672372762550050e-01
-1.653027460298973073e-01
-1.622723442168736152e-01
-1.591782639743977434e-01
-1.560227787329374893e-01
-1.528082012734227058e-01
-1.495368817511976145e-01
-1.462112056885692679e-01
-1.428335919378311003e-01
-1.394064906166763151e-01
-1.359323809816992412e-01
-1.324137694596307369e-01
-1.288531872938768752e-01
-1.252531885701700654e-01
-1.216163478646485607e-01
-1.179452582702233410e-01
-1.142425290514822167e-01
-1.105107834676002515e-01
-1.067526565501947661e-01
-1.029707928741746825e-01
-9.916784432373271230e-02
-9.534646785564424021e-02
-9.150932326203928269e-02
-8.765907093481423162e-02
-8.379836963385203785e-02
-7.992987426122014072e-02
-7.605623364350455606e-02
-7.218008832443642553e-02
-6.830406836995375763e-02
-6.443079118783220927e-02
-6.056285936400251924e-02
-5.670285851765279050e-02
-5.285335517719914195e-02
-4.901689467918202842e-02
-4.519599909212212996e-02
-4.139316516734487666e-02
-3.761086231875002822e-02
-3.385153063347717817e-02
-3.011757891537610726e-02
-2.641138276316108008e-02
-2.273528268509115297e-02
-1.909158225197291753e-02
-1.548254629024329448e-02
-1.191039911684559777e-02
-8.377322817564647472e-03
-4.885455570441198103e-03
-1.436890015829861422e-03
1.966328325379268493e-03
5.322202583914803498e-03
8.628786023246209913e-03
1.188418346832550293e-02
1.508655268064960919e-02
1.823410567842211061e-02
2.132511000063374781e-02
2.435788991395885367e-02
2.733082756142108521e-02
3.024236405184834581e-02
3.309100048920569914e-02
3.587529894095739524e-02
3.859388334467839243e-02
4.124544035220804178e-02
4.382872011070196999e-02
4.634253698001234573e-02
4.878577018589816405e-02
5.115736440863029311e-02
5.345633030663984875e-02
5.568174497491817226e-02
5.783275233795590053e-02
5.990856347707708418e-02
6.190845689209679981e-02
6.383177869730471965e-02
6.567794275184184183e-02
6.744643072461906086e-02
6.913679209398845837e-02
7.074864408245115643e-02
7.228167152675893381e-02
7.373562668382831198e-02
7.511032897296555932e-02
7.640566465495729487e-02
7.762158644865349566e-02
7.875811308573918423e-02
7.981532880444841549e-02
8.079338278304136478e-02
8.169248851393225153e-02
8.251292311940672253e-02
8.325502660993731874e-02
8.391920108615938401e-02
8.450590988562511896e-02
8.501567667551476748e-02
8.544908449252962279e-02
8.580677473125192245e-02
8.608944608229998630e-02
8.629785339642576103e-02
8.643280662845122253e-02
8.649516947872895600e-02
8.648585827073775045e-02
8.640584054459488073e-02
8.625613385972076552e-02
8.603780433145595541e-02
8.575196524403430609e-02
8.539977560420773661e-02
8.498243866033322602e-02
8.450120038867868499e-02
8.395734794873110918e-02
8.335220810931248669e-02
8.268714564733056771e-02
8.196356172101391946e-02
8.118289221949268053e-02
8.034660609060444159e-02
7.945620364881521291e-02
7.851321490800580727e-02
7.751919770329253334e-02
7.647573606822391512e-02
7.538443867572405810e-02
7.424693666749995757e-02
7.306488215089700089e-02
7.183994635892608505e-02
7.057381786790024869e-02
6.926820081237811122e-02
6.792481309930711864e-02
6.654538462324052772e-02
6.513165548449229014e-02
6.368537421207437488e-02
6.220829599324281811e-02
6.070218091146108164e-02
5.916879219456230854e-02
5.760989447487217113e-02
5.602725206302369004e-02
5.442262723717150585e-02
5.279777854927801550e-02
5.115445915011673783e-02
4.949441513460305087e-02
4.781938390902899794e-02
4.613109258173814231e-02
4.443125637874433681e-02
4.272157708575546886e-02
4.100374151802210765e-02
3.927942001939400962e-02
3.755026499191318340e-02
3.581790945724225989e-02
3.408396565116907084e-02
3.235002365238875272e-02
3.061765004671376106e-02
2.888838662781687688e-02
2.716374913555632403e-02
2.544522603289406035e-02
2.373427732235132426e-02
2.203233340291006065e-02
2.034079396820605290e-02
1.866102694681096019e-02
1.699436748534690136e-02
1.534211697512592384e-02
1.370554212295111915e-02
1.208587406665971933e-02
1.048430753594292025e-02
8.902000058912482722e-03
7.340071214839972297e-03
5.799601933434404138e-03
4.281633840969835403e-03
2.787168653528567658e-03
1.317167617559972942e-03
-1.274490020864854634e-04
-1.545802386554873814e-03
-2.937055579755168400e-03
-4.300413857516560689e-03
-5.635125049176098466e-03
-6.940479811709601710e-03
-8.215811856556509696e-03
-9.460498129346413265e-03
-1.067395894277919054e-02
-1.185565806295795117e-02
-1.300510274952518600e-02
-1.412184374999270360e-02
-1.520547524870642306e-02
-1.625563477432414097e-02
-1.727200304255353466e-02
-1.825430381034441954e-02
-1.920230359323082600e-02
-2.011581145541268059e-02
-2.099467865185469795e-02
-2.183879829697702585e-02
-2.264810496725777611e-02
-2.342257426855896135e-02
-2.416222236471559509e-02
-2.486710546825088991e-02
-2.553731929411018342e-02
-2.617299847733525059e-02
-2.677431595563102562e-02
-2.734148231780186150e-02
-2.787474511906224556e-02
-2.837438816424898980e-02
-2.884073075998609681e-02
-2.927412693687540118e-02
-2.967496464280553956e-02
-3.004366490849010030e-02
-3.038068098636523620e-02
-3.068649760498563805e-02
-3.096162949903105699e-02
-3.120662115555761229e-02
-3.142204590716792673e-02
-3.160850420091637636e-02
-3.176662319046993227e-02
-3.189705557537020342e-02
-3.200047856906586968e-02
-3.207759285101596108e-02
-3.212912150409178574e-02
-3.215580893850689126e-02
-3.215841980350499230e-02
-3.213773788803624132e-02
-3.209456501165208753e-02
-3.202971990684291836e-02
-3.194403709404340652e-02
-3.183836575052218648e-02
-3.171356857436788412e-02
-3.157052064477604281e-02
-3.141010827983362064e-02
-3.123322789298645791e-02
-3.104078484936881668e-02
-3.083369232315715663e-02
-3.061287015710286580e-02
-3.037924372538216428e-02
-3.013374280088842311e-02
-2.987730042807629563e-02
-2.961085180245213305e-02
-2.933533315778575137e-02
-2.905168066210436079e-02
-2.876082932350730939e-02
-2.846371190682352517e-02
-2.816125786211286924e-02
-2.785439226599123116e-02
-2.754403477673800574e-02
-2.723109860412381220e-02
-2.691648949487209300e-02
-2.660110473464518538e-02
-2.628583216742390316e-02
-2.597154923312119251e-02
-2.565912202425071204e-02
-2.534940436244204065e-02
-2.504323689557000007e-02
-2.474144621624060209e-02
-2.444484400234776117e-02
-2.415422618038920791e-02
-2.387037211220424324e-02
-2.359404380576533844e-02
-2.332598515063124406e-02
-2.306692117864025601e-02
-2.281755735039344563e-02
-2.257857886805018227e-02
-2.235065001493092424e-02
-2.213441352239101101e-02
-2.193048996440315548e-02
-2.173947718025659101e-02
-2.156194972575123728e-02
-2.139845835323822901e-02
-2.124952952082730107e-02
-2.111566493105383399e-02
-2.099734108810554639e-02
-2.089500894123215435e-02
-2.080909344508091383e-02
-2.073999327425600850e-02
-2.068808046112542015e-02
-2.065370017644919606e-02
-2.063717043914237853e-02
-2.063878190802659329e-02
-2.065879769405263786e-02
-2.069745320333032934e-02
-2.075495601094728623e-02
-2.083148576552799544e-02
-2.092719412445753074e-02
-2.104220471966938497e-02
-2.117661315386699591e-02
-2.133048702702451671e-02
-2.150386599298471924e-02
-2.169676184594611021e-02
-2.190915863660729962e-02
-2.214101281770710153e-02
-2.239225341868046962e-02
-2.266278224911783684e-02
-2.295247413069841438e-02
-2.326117715723882706e-02
-2.358871298247706971e-02
-2.393487713518916565e-02
-2.429943955892672688e-02
-2.468214399191599046e-02
-2.508271033868320760e-02
-2.550083311285382404e-02
-2.593618287067212674e-02
-2.638840648267251621e-02
-2.685712762695791761e-02
-2.734194730579853072e-02
-2.784244438495460730e-02
-2.835817615511480871e-02
-2.888867891481622721e-02
-2.943346857420267235e-02
-2.999204127895267052e-02
-3.056387405369817567e-02
-3.114842546423550462e-02
-3.174513629781409996e-02
-3.235343026077876216e-02
-3.297271469281896905e-02
-3.360238129707100035e-02
-3.424180688530454458e-02
-3.489035413740963765e-02
-3.554737237439251074e-02
-3.621219834407276433e-02
-3.688415701866883806e-02
-3.756256240344425790e-02
-3.824671835558002275e-02
-3.893591941242887516e-02
-3.962945162830154577e-02
-4.032659341892377847e-02
-4.102661641269995940e-02
-4.172878630790992360e-02
-4.243236373496658831e-02
-4.313660512284678283e-02
-4.384076356881699832e-02
-4.454408971056190297e-02
-4.524583259982614680e-02
-4.594524057668137457e-02
-4.664156214352058183e-02
-4.733404683789332185e-02
-4.802194610328650026e-02
-4.870451415696283592e-02
-4.938100885396995432e-02
-5.005069254643491200e-02
-5.071283293726482067e-02
-5.136670392737983232e-02
-5.201158645560392119e-02
-5.264676933035697393e-02
-5.327155005228741830e-02
-5.388523562699738811e-02
-5.448714336702499550e-02
-5.507660168224919051e-02
-5.565295085790125662e-02
-5.621554381937481082e-02
-5.676374688303598842e-02
-5.729694049225417252e-02
-5.781451993788009475e-02
-5.831589606446342666e-02
-5.880049594888153708e-02
-5.926776358293425750e-02
-5.971716051395833946e-02
-6.014816648363882634e-02
-6.056028003234546764e-02
-6.095301909584642519e-02
-6.132592157415595047e-02
-6.167854588005481503e-02
-6.201047146528285148e-02
-6.232129932383220772e-02
-6.261065247179575799e-02
-6.287817640324311341e-02
-6.312353952162833015e-02
-6.334643354624716616e-02
-6.354657389329775030e-02
-6.372370003111484105e-02
-6.387757580917979849e-02
-6.400798976053180545e-02
-6.411475537723408669e-02
-6.419771135857584021e-02
-6.425672183172045915e-02
-6.429167654453511738e-02
-6.430249103036966840e-02
-6.428910674457982699e-02
-6.425149117261914899e-02
-6.418963790955492521e-02
-6.410356671089266489e-02
-6.399332351462411195e-02
-6.385898043444521166e-02
-6.370063535710517033e-02
-6.351841371299361827e-02
-6.331246471270879361e-02
-6.308296489516715400e-02
-6.283011614186510829e-02
-6.255414586471759464e-02
-6.225530679853966132e-02
-6.193387676537897429e-02
-6.159015841092302379e-02
-6.122447891323884450e-02
-6.083718966412977880e-02
-6.042866592342842347e-02
-5.999930644657108791e-02
-5.954953308583253030e-02
-5.907979036562650138e-02
-5.859054503231021782e-02
-5.808228557895542266e-02
-5.755552174558122014e-02
-5.701078399537003183e-02
-5.644862296741561675e-02
-5.586960890657775847e-02
-5.527433107104885029e-02
-5.466339711825782960e-02
-5.403743246976607656e-02
-5.339707965583322113e-02
-5.274299764035274285e-02
-5.207586112688428887e-02
-5.139635984652757283e-02
-5.070519782840573336e-02
-5.000309265354978966e-02
-4.929077469298728115e-02
-4.856898633086884770e-02
-4.783848117347219014e-02
-4.710002324494919068e-02
-4.635438617069241596e-02
-4.560235234921508618e-02
-4.484471211344967512e-02
-4.408226288238965146e-02
-4.331580830399897608e-02
-4.254615739033928284e-02
-4.177412364586201299e-02
-4.100052418982811503e-02
-4.022617887382600593e-02
-3.945190939535577618e-02
-3.867853840846816743e-02
-3.790688863243425050e-02
-3.713778195943828048e-02
-3.637203856227819859e-02
-3.561047600306462002e-02
-3.485390834390591358e-02
-3.410314526056429374e-02
-3.335899116698828881e-02
-3.262224430992463620e-02
-3.189369593963738841e-02
-3.117412941683416969e-02
-3.046431935723964771e-02
-2.976503080686201258e-02
-2.907701836817827915e-02
-2.840102539643619278e-02
-2.773778317747747219e-02
-2.708801012410146092e-02
-2.645241098579458050e-02
-2.583167607269252347e-02
-2.522648049463113024e-02
-2.463748341613245310e-02
-2.406532732813469050e-02
-2.351063733727717237e-02
-2.297402047351335824e-02
-2.245606501681249312e-02
-2.195733984368661990e-02
-2.147839379425326573e-02
-2.101975506052551623e-02
-2.058193059658820420e-02
-2.016540555130325388e-02
-1.977064272415211127e-02
-1.939808204479947715e-02
-1.904814007693687514e-02
-1.872120954693149222e-02
-1.841765889778017654e-02
-1.813783186883865736e-02
-1.788204710176284976e-02
-1.765059777307416075e-02
-1.744375125372258153e-02
-1.726174879599725806e-02
-1.710480524809746342e-02
-1.697310879259213492e-02
-1.686682072541396613e-02
-1.678607527434490543e-02
-1.673097934746544876e-02
-1.670161248914969754e-02
-1.669802670955220641e-02
-1.672024641087616753e-02
-1.676826833066994565e-02
-1.684206151415482480e-02
-1.694156731557098367e-02
-1.706669942849846008e-02
-1.721734394507631188e-02
-1.739335944401081482e-02
-1.759457710723329182e-02
-1.782080086503420521e-02
-1.807180756947056322e-02
-1.834734719581363957e-02
-1.864714307176998029e-02
-1.897089213418428483e-02
-1.931826521289711773e-02
-1.968890734140669660e-02
-2.008243809395388046e-02
-2.049845194861849365e-02
-2.093651867599578484e-02
-2.139618375298608932e-02
-2.187696880121314455e-02
-2.237837204955642895e-02
-2.289986882026003728e-02
-2.344091203806009105e-02
-2.400093276174440626e-02
-2.457934073754163701e-02
-2.517552497371443668e-02
-2.578885433570870730e-02
-2.641867816119793100e-02
-2.706432689433551850e-02
-2.772511273851780908e-02
-2.840033032694148571e-02
-2.908925741022030248e-02
-2.979115556031983192e-02
-3.050527089004639522e-02
-3.123083478732153681e-02
-3.196706466345635572e-02
-3.271316471463428521e-02
-3.346832669579716257e-02
-3.423173070612556962e-02
-3.500254598529227434e-02
-3.577993171966654257e-02
-3.656303785763610759e-02
-3.735100592696517785e-02
-3.814296989144083661e-02
-3.893805694924783178e-02
-3.973538840763010671e-02
-4.053408050597397810e-02
-4.133324529675846959e-02
-4.213199148160293173e-02
-4.292942527438788070e-02
-4.372465126088753012e-02
-4.451677325914073224e-02
-4.530489517973277508e-02
-4.608812188516862168e-02
-4.686556004752575472e-02
-4.763631900358118731e-02
-4.839951160661599971e-02
-4.915425507410719347e-02
-4.989967183053340555e-02
-5.063489034452239163e-02
-5.135904595958793589e-02
-5.207128171770854241e-02
-5.277074917501787393e-02
-5.345660920888966466e-02
-5.412803281570725822e-02
-5.478420189863329737e-02
-5.542431004469724337e-02
-5.604756329054635944e-02
-5.665318087620785370e-02
-5.724039598623966579e-02
-5.780845647765421591e-02
-5.835662559401925964e-02
-5.888418266515856037e-02
-5.939042379189082843e-02
-5.987466251526539496e-02
-6.033623046976653581e-02
-6.077447801998286936e-02
-6.118877488025142863e-02
-6.157851071680857380e-02
-6.194309573199290042e-02
-6.228196149772055601e-02
-6.259456042361859207e-02
-6.288036766469444483e-02
-6.313888154645586059e-02
-6.336962279822497268e-02
-6.357213605026101888e-02
-6.374599002197894881e-02
-6.389077794862683957e-02
-6.400611798681209164e-02
-6.409165359860950761e-02
-6.414705391401534507e-02
-6.417201407151265635e-02
-6.416625553655012915e-02
-6.412952639773843166e-02
-6.406160164059354623e-02
-6.396228339867854329e-02
-6.383140118200004987e-02
-6.366881208254351887e-02
-6.347440095684565853e-02
-6.324808058551488477e-02
-6.298979180963419633e-02
-6.269950364398647891e-02
-6.237721336707080511e-02
-6.202294658788184284e-02
-6.163675728944871535e-02
-6.121872784913728188e-02
-6.076896903573860559e-02
-6.028761998338147410e-02
-5.977484814231517202e-02
-5.923084920662772396e-02
-5.865584701897903069e-02
-5.805009345243115210e-02
-5.741386826948512156e-02
-5.674747895843781920e-02
-5.605126054717748940e-02
-5.532557539457243212e-02
-5.457081295958348538e-02
-5.378738954827994023e-02
-5.297574803891690054e-02
-5.213635758526594111e-02
-5.126971329838914126e-02
-5.037633590706105252e-02
-4.945677139705218633e-02
-4.851159062950099327e-02
-4.754138893729502324e-02
-4.654678570794742315e-02
-4.552842393166726953e-02
-4.448696974483613148e-02
-4.342311194537668007e-02
-4.233756149229242483e-02
-4.123105098329055140e-02
-4.010433411549310656e-02
-3.895818512720763960e-02
-3.779339822152723988e-02
-3.661078697208833971e-02
-3.541118371132240261e-02
-3.419543890152786092e-02
-3.296442048912669870e-02
-3.171901324245118142e-02
-3.046011807343160585e-02
-2.918865134355781016e-02
-2.790554415449435915e-02
-2.661174162374537605e-02
-2.530820214576701838e-02
-2.399589663892876673e-02
-2.267580777875375861e-02
-2.134892921784990738e-02
-2.001626479297639177e-02
-1.867882771968768993e-02
-1.733763977499858458e-02
-1.599373046854814934e-02
-1.464813620271603577e-02
-1.330189942218646011e-02
-1.195606775343789965e-02
-1.061169313466763485e-02
-9.269830936652921627e-03
-7.931539075067677372e-03
-6.597877114792607967e-03
-5.269905366740374256e-03
-3.948683977761468719e-03
-2.635272014179331889e-03
-1.330726539521079679e-03
-3.610168703413138037e-05
1.247552272436925095e-03
2.519189866602220343e-03
3.777771361303602568e-03
5.022263702943677126e-03
6.251641462819869724e-03
7.464887783658741109e-03
8.660995326152448257e-03
9.838967216377846742e-03
1.099781799250933514e-02
1.213657455044761871e-02
1.325427708763137966e-02
1.434998004433709132e-02
1.542275304175179731e-02
1.647168181610304816e-02
1.749586914812123126e-02
1.849443578709503155e-02
1.946652136877826192e-02
2.041128532639435722e-02
2.132790779397715150e-02
2.221559050128300156e-02
2.307355765949715629e-02
2.390105683695653224e-02
2.469735982409460018e-02
2.546176348682378451e-02
2.619359060754899993e-02
2.689219071301593086e-02
2.755694088818410117e-02
2.818724657531203326e-02
2.878254235744802381e-02
2.934229272550322593e-02
2.986599282809539527e-02
3.035316920334546129e-02
3.080338049180903273e-02
3.121621812972413812e-02
3.159130702176492916e-02
3.192830619248328283e-02
3.222690941563598893e-02
3.248684582058718184e-02
3.270788047498912610e-02
3.288981494294792446e-02
3.303248781788759719e-02
3.313577522933439101e-02
3.319959132285148218e-02
3.322388871468572036e-02
3.320865890819844901e-02
3.315393269746025329e-02
3.305978052069522000e-02
3.292631282382750546e-02
3.275368032381838213e-02
3.254207430502652210e-02
3.229172685230964623e-02
3.200291105673105235e-02
3.167594118746241971e-02
3.131117282928080892e-02
3.090900298508663518e-02
3.046987014288891557e-02
2.999425430673078111e-02
2.948267699105013018e-02
2.893570117800544142e-02
2.835393123731229370e-02
2.773801280817759368e-02
2.708863264293953632e-02
2.640651841205660794e-02
2.569243847012116222e-02
2.494720158260316581e-02
2.417165661307019153e-02
2.336669217065439133e-02
2.253323621758816786e-02
2.167225563665068841e-02
2.078475575841865625e-02
1.987177984824860591e-02
1.893440855295404693e-02
1.797375930718862064e-02
1.699098569958060884e-02
1.598727679871082483e-02
1.496385643906837995e-02
1.392198246715569895e-02
1.286294594796699373e-02
1.178807033210265039e-02
1.069871058382828623e-02
9.596252270432982859e-03
8.482110613284344486e-03
7.357729501029986949e-03
6.224580465430522638e-03
5.084161620368520679e-03
3.937996564612218989e-03
2.787633248966895141e-03
1.634642808491270846e-03
4.806185430835715339e-04
-6.728260568782014339e-04
-1.824057622742786614e-03
-2.971424293304629136e-03
-4.113257872519138908e-03
-5.247874502708967798e-03
-6.373576228060166826e-03
-7.488652411991704796e-03
-8.591381181306912557e-03
-9.680030895998111701e-03
-1.075286164353835006e-02
-1.180812675644362167e-02
-1.284407435185622864e-02
-1.385894889185906517e-02
-1.485099276318722905e-02
-1.581844787497286436e-02
-1.675955727311580559e-02
-1.767256676984291924e-02
-1.855572658698156213e-02
-1.940729301144207899e-02
-2.022553006137146198e-02
-2.100871116141052666e-02
-2.175512082546143117e-02
-2.246305634534089685e-02
-2.313082948367269076e-02
-2.375676816935037849e-02
-2.433921819387575500e-02
-2.487654490686105196e-02
-2.536713490896535736e-02
-2.580939774051857136e-02
-2.620176756406985760e-02
-2.654270483909013795e-02
-2.683069798704177528e-02
-2.706426504502604941e-02
-2.724195530620794267e-02
-2.736235094521638489e-02
-2.742406862671539769e-02
-2.742576110192863556e-02
-2.736611875275499553e-02
-2.724387117561379718e-02
-2.705778867200581833e-02
-2.680668378801993879e-02
-2.648941273070182928e-02
-2.610487684334981268e-02
-2.565202400648781272e-02
-2.512985001450110389e-02
-2.453739991776535817e-02
-2.387376932858609885e-02
-2.313810568929184491e-02
-2.232960950085133983e-02
-2.144753551041273659e-02
-2.049119385619348893e-02
-1.945995116818892423e-02
-1.835323162319109358e-02
-1.717051795266203579e-02
-1.591135240203072482e-02
-1.457533764003809268e-02
-1.316213761678631383e-02
-1.167147836920471443e-02
-1.010314877268364553e-02
-8.457001237682788830e-03
-6.732952350170906541e-03
-4.930983454805283606e-03
-3.051141179813546267e-03
-1.093537902602553791e-03
9.416478448313406191e-04
3.054171031549805793e-03
5.243719845177789718e-03
7.509915472006599424e-03
9.852311940365718335e-03
1.227039602787841077e-02
1.476358723313652560e-02
1.733123781227444149e-02
1.997263288085021626e-02
2.268699058136632030e-02
2.547346231670750971e-02
2.833113304968205848e-02
3.125902166879578059e-02
3.425608142032064013e-02
3.732120040661992405e-02
4.045320215065709851e-02
4.365084622651128204e-02
4.691282895566067923e-02
5.023778416872805991e-02
5.362428403229105994e-02
5.707083994030843349e-02
6.057590382038977039e-02
6.413786777199891043e-02
6.775506679047663128e-02
7.142578013402114956e-02
7.514823055165779919e-02
7.892058706324270312e-02
8.274096591104763976e-02
8.660743194275848100e-02
9.051800005167603969e-02
9.447063667296039247e-02
9.846326133467087072e-02
1.024937482623036050e-01
1.065599280354555256e-01
1.106595892951733051e-01
1.147904805005178358e-01
1.189503117327597448e-01
1.231367565456159552e-01
1.273474538598590167e-01
1.315800099005573764e-01
1.358320001751897599e-01
1.401009714908021397e-01
1.443844440083086322e-01
1.486799133320542698e-01
1.529848526326239300e-01
1.572967148009226379e-01
1.616129346314494897e-01
1.659309310326849973e-01
1.702481092624651138e-01
1.745618631861700076e-01
1.788695775555531053e-01
1.831686303059683607e-01
1.874563948697625104e-01
1.917302424937093464e-01
1.959875446163592549e-01
2.002256751598145701e-01
2.044420129215598347e-01
2.086339439387741579e-01
2.127988637970887609e-01
2.169341800708900203e-01
2.210373146314307813e-01
2.251057060140260468e-01
2.291368117654544179e-01
2.331281107818110043e-01
2.370771056344134764e-01
2.409813248814620390e-01
2.448383253630693757e-01
2.486456944773528521e-01
2.524010524352860441e-01
2.561020544919974107e-01
2.597463931522643876e-01
2.633318003479437897e-01
2.668560495851316494e-01
2.703169580588508092e-01
2.737123887331144312e-01
2.770402523842367959e-01
2.802985096053086655e-01
2.834851727697805801e-01
2.865983079521532417e-01
2.896360368038052302e-01
2.925965383820418042e-01
2.954780509304897329e-01
2.982788736090181136e-01
3.009973681714215865e-01
3.036319605891363294e-01
3.061811426193400409e-01
3.086434733158274213e-01
3.110175804811140532e-01
3.133021620582991384e-01
3.154959874612424109e-01
3.175978988417254012e-01
3.196068122922835486e-01
3.215217189834929101e-01
3.233416862345579457e-01
3.250658585161049219e-01
3.266934583841671347e-01
3.282237873444153187e-01
3.296562266457532253e-01
3.309902380024886126e-01
3.322253642443332433e-01
3.333612298936005636e-01
3.343975416690001534e-01
3.353340889155401738e-01
3.361707439601053782e-01
3.369074623923546952e-01
3.375442832706723184e-01
3.380813292529590286e-01
3.385188059990967835e-01
3.388570054164473655e-01
3.390962990341560568e-01
3.392371443634735750e-01
3.392800813871676979e-01
3.392257328925433746e-01
3.390748040769862581e-01
3.388280820794814518e-01
3.384864354386056817e-01
3.380508134775198625e-01
3.375222456166011575e-01
3.369018406144023703e-01
3.361907857376951192e-01
3.353903458614420074e-01
3.345018624995833578e-01
3.335267527676110122e-01
3.324665082779618142e-01
3.313226939693212914e-01
3.300969468709959997e-01
3.287909748035777735e-01
3.274065550171691985e-01
3.259455327685134574e-01
3.244098198384177678e-01
3.228013929909157032e-01
3.211222923756744674e-01
3.193746198751853949e-01
3.175605373983523272e-01
3.156822651221125042e-01
3.137420797135430095e-01
3.117423123513646255e-01
3.096853470014086507e-01
3.075736183142063207e-01
3.054096098032151874e-01
3.031958516023051109e-01
3.009349185312998332e-01
2.986294279521602979e-01
2.962820376239169717e-01
2.938954435242781549e-01
2.914723776399550936e-01
2.890156057277541990e-01
2.865279250485207041e-01
2.840121620760277521e-01
2.814711701829200052e-01
2.789078273058441804e-01
2.763250335918965850e-01
2.737257090285447059e-01
2.711127910591650814e-01
2.684892321863642795e-01
2.658579975652457517e-01
2.632220625887842780e-01
2.605844104674661654e-01
2.579480298053599685e-01
2.553159121747670124e-01
2.526910496915993343e-01
2.500764325936158938e-01
2.474750468236490974e-01
2.448898716199288672e-01
2.423238771155967752e-01
2.397800219494936602e-01
2.372612508902744444e-01
2.347704924758954315e-01
2.323106566704795095e-01
2.298846325405560220e-01
2.274952859526403470e-01
2.251454572940813081e-01
2.228379592190959935e-01
2.205755744218506620e-01
2.183610534384477497e-01
2.161971124796129851e-01
2.140864312958617177e-01
2.120316510768841256e-01
2.100353723868352285e-01
2.081001531371955982e-01
2.062285065988220256e-01
2.044228994547499234e-01
2.026857498952929770e-01
2.010194257569166143e-01
1.994262427063307475e-01
1.979084624711964779e-01
1.964682911187952130e-01
1.951078773839554359e-01
1.938293110474927361e-01
1.926346213663591711e-01
1.915257755566573683e-01
1.905046773306101338e-01
1.895731654885432493e-01
1.887330125343202047e-01
1.879859235429875430e-01
1.873335345980970956e-01
1.867774119385653131e-01
1.863190506768309662e-01
1.859598737724424966e-01
1.857012310339551664e-01
1.855443981822861577e-01
1.854905759760943074e-01
1.855408893996962627e-01
1.856963869139616752e-01
1.859580397705902222e-01
1.863267413901130987e-01
1.868033068038957856e-01
1.873884721603901460e-01
1.880828942957944172e-01
1.888871503692581277e-01
1.898017375626922798e-01
1.908270728452014231e-01
1.919634928020976516e-01
1.932112535284050969e-01
1.945705305867056201e-01
1.960414190291368264e-01
1.976239334832803340e-01
1.993180082652633855e-01
2.011234977366290477e-01
2.030401763658795378e-01
2.050677392480375616e-01
2.072058023091687962e-01
2.094539030063339857e-01
2.118115006916583554e-01
2.142779772335109412e-01
2.168526376579709980e-01
2.195347108489679178e-01
2.223233503063308802e-01
2.252176349609185113e-01
2.282165700459676538e-01
2.313190880237531721e-01
2.345240495666167102e-01
2.378302445913756114e-01
2.412363933460839049e-01
2.447411475480967269e-01
2.483430915723169874e-01
2.520407436885103714e-01
2.558325573465045077e-01
2.597169225080754873e-01
2.636921670242914351e-01
2.677565580570288040e-01
2.719083035433808582e-01
2.761455537016278550e-01
2.804664025773962455e-01
2.848688896286695749e-01
2.893510013481801479e-01
2.939106729218084468e-01
2.985457899215016031e-01
3.032541900312339389e-01
3.080336648045374770e-01
3.128819614520524928e-01
3.177967846575694422e-01
3.227757984210279374e-01
3.278166279268726613e-01
3.329168614362096879e-01
3.380740522011360660e-01
3.432857203996544371e-01
3.485493550895415460e-01
3.538624161795312362e-01
3.592223364161901689e-01
3.646265233848196563e-01
3.700723615227287100e-01
3.755572141432496069e-01
3.810784254687821226e-01
3.866333226712540538e-01
3.922192179182967808e-01
3.978334104234843571e-01
4.034731884989707917e-01
4.091358316088591351e-01
4.148186124216582393e-01
4.205187988601559179e-01
4.262336561470811969e-01
4.319604488449057533e-01
4.376964428881535696e-01
4.434389076066315161e-01
4.491851177379171389e-01
4.549323554275638837e-01
4.606779122154137651e-01
4.664190919397919743e-01
4.721532089559499767e-01
4.778775947484520392e-01
4.835895998257300210e-01
4.892865909678716929e-01
4.949659568203450544e-01
5.006251088090198920e-01
5.062614829605570632e-01
5.118725416955098861e-01
5.174557755927620128e-01
5.230087051239463714e-01
5.285288823565252869e-01
5.340138926242279371e-01
5.394613561635949184e-01
5.448689297153819222e-01
5.502343080896229255e-01
5.555552256932009270e-01
5.608294580187385137e-01
5.660548230937795244e-01
5.712291828891239431e-01
5.763504446853242591e-01
5.814165624205770433e-01
5.864255378494404036e-01
5.913754220455661459e-01
5.962643162223367765e-01
6.010903732504029318e-01
6.058517984760426467e-01
6.105468508956894969e-01
6.151738441298049143e-01
6.197311473726851982e-01
6.242171862922673009e-01
6.286304438793699489e-01
6.329694612457750225e-01
6.372328383707174249e-01
6.414192347952810680e-01
6.455273702643241629e-01
6.495560253155800989e-01
6.535040418155975139e-01
6.573703234422703101e-01
6.611538361137481168e-01
6.648536083635221416e-01
6.684687316616118036e-01
6.719983606817248045e-01
6.754417135143950812e-01
6.787980718261085178e-01
6.820667809644704871e-01
6.852472500095483365e-01
6.883389517715299277e-01
6.913414227349219399e-01
6.942542629495350726e-01
6.970771358685511343e-01
6.998097681340467169e-01
7.024519493103276169e-01
7.050035315655600598e-01
7.074644293021449259e-01
7.098346187363948623e-01
7.121141374280819392e-01
7.143030837604644745e-01
7.164016163714843621e-01
7.184099535368076994e-01
7.203283725054903108e-01
7.221572087890431035e-01
7.238968554047230386e-01
7.255477620739425593e-01
7.271104343766918721e-01
7.285854328629290944e-01
7.299733721219308080e-01
7.312749198106183179e-01
7.324907956419299815e-01
7.336217703343241858e-01
7.346686645235493973e-01
7.356323476378364701e-01
7.365137367377069255e-01
7.373137953216215568e-01
7.380335320987183589e-01
7.386739997299154314e-01
7.392362935386912470e-01
7.397215501928694481e-01
7.401309463587639748e-01
7.404656973290585364e-01
7.407270556258178651e-01
7.409163095800624932e-01
7.410347818893189276e-01
7.410838281546252571e-01
7.410648353984428116e-01
7.409792205649641250e-01
7.408284279504484537e-01
7.406139319241289432e-01
7.403372299360976294e-01
7.399998413208761505e-01
7.396033106430190962e-01
7.391492020873897673e-01
7.386390988966224924e-01
7.380746017851604890e-01
7.374573273494215986e-01
7.367889064756245610e-01
7.360709827468108202e-01
7.353052108505995221e-01
7.344932549892012608e-01
7.336367872932003653e-01
7.327374862406221823e-01
7.317970350827862624e-01
7.308171202784263798e-01
7.297994299407980501e-01
7.287456522799125036e-01
7.276574740892114423e-01
7.265365792110405341e-01
7.253846470519925704e-01
7.242033510747094560e-01
7.229943573448227578e-01
7.217593230791690129e-01
7.204998952184649141e-01
7.192177090221411051e-01
7.179143866865649315e-01
7.165915359878980428e-01
7.152507489507793359e-01
7.138936005440053023e-01
7.125216474043426507e-01
7.111364265895807613e-01
7.097394543618782414e-01
7.083322250024577382e-01
7.069162096586253385e-01
7.054928552240911088e-01
7.040635832534953842e-01
7.026297889120418638e-01
7.011928399610702911e-01
6.997540757803608624e-01
6.983148064279639522e-01
6.968763117382377192e-01
6.954398404587982530e-01
6.940066094270040953e-01
6.925778027865663322e-01
6.911545712448481371e-01
6.897380313713322719e-01
6.883292649377390493e-01
6.869293183001943248e-01
6.855392018238277707e-01
6.841598893501165124e-01
6.827923177072654504e-01
6.814373862638503088e-01
6.800959565259142581e-01
6.787688517776643282e-01
6.774568567658655338e-01
6.761607174279913313e-01
6.748811406641266331e-01
6.736187941526147194e-01
6.723743062093272549e-01
6.711482656904881328e-01
6.699412219388327649e-01
6.687536847729316225e-01
6.675861245194049109e-01
6.664389720877440526e-01
6.653126190874047996e-01
6.642074179867869521e-01
6.631236823137017788e-01
6.620616868968591806e-01
6.610216681478758849e-01
6.600038243832988538e-01
6.590083161860407213e-01
6.580352668056559384e-01
6.570847625967922712e-01
6.561568534951527365e-01
6.552515535302750882e-01
6.543688413743637966e-01
6.535086609264190161e-01
6.526709219308640675e-01
6.518555006298303311e-01
6.510622404482460102e-01
6.502909527108536869e-01
6.495414173902258614e-01
6.488133838848589852e-01
6.481065718263783193e-01
6.474206719148820621e-01
6.467553467814071144e-01
6.461102318765050700e-01
6.454849363838911502e-01
6.448790441580907196e-01
6.442921146850287828e-01
6.437236840644572355e-01
6.431732660131287416e-01
6.426403528875906934e-01
6.421244167254820390e-01
6.416249103041875568e-01
6.411412682157101584e-01
6.406729079566061413e-01
6.402192310045334844e-01
6.397796240438649029e-01
6.393534599305112920e-01
6.389400989666919051e-01
6.385388899114667893e-01
6.381491713017211076e-01
6.377702725048104426e-01
6.374015149144830472e-01
6.370422131238375751e-01
6.366916761016655490e-01
6.363492083710232672e-01
6.360141111888623078e-01
6.356856837255969728e-01
6.353632242434524846e-01
6.350460312724846013e-01
6.347334047831374448e-01
6.344246473542413112e-01
6.341190653353601103e-01
6.338159700023984211e-01
6.335146787054057871e-01
6.332145160075214330e-01
6.329148148140282260e-01
6.326149174904831529e-01
6.323141769689289982e-01
6.320119578411895755e-01
6.317076374382886161e-01
6.314006068950266393e-01
6.310902721987980968e-01
6.307760552217264172e-01
6.304573947352239971e-01
6.301337474061113886e-01
6.298045887734365911e-01
6.294694142051784347e-01
6.291277398339996108e-01
6.287791034713067218e-01
6.284230654988054443e-01
6.280592097368586924e-01
6.276871442888928287e-01
6.273065023611851254e-01
6.269169430573510171e-01
6.265181521468903281e-01
6.261098428071689703e-01
6.256917563382438097e-01
6.252636628499516069e-01
6.248253619207208009e-01
6.243766832275773337e-01
6.239174871468502470e-01
6.234476653250968781e-01
6.229671412198000136e-01
6.224758706094165595e-01
6.219738420723687211e-01
6.214610774346019939e-01
6.209376321853703473e-01
6.204035958608963286e-01
6.198590923956277532e-01
6.193042804407947743e-01
6.187393536500150892e-01
6.181645409317237938e-01
6.175801066682011786e-01
6.169863509010292679e-01
6.163836094828114565e-01
6.157722541950132467e-01
6.151526928318047371e-01
6.145253692498234832e-01
6.138907633837784594e-01
6.132493912278392800e-01
6.126018047828039048e-01
6.119485919690258457e-01
6.112903765051146410e-01
6.106278177524634421e-01
6.099616105256481235e-01
6.092924848687881756e-01
6.086212054393258519e-01
6.079485726609203944e-01
6.072754205565555896e-01
6.066026164871606285e-01
6.059310624557114888e-01
6.052616932962110452e-01
6.045954765646708307e-01
6.039334120484989299e-01
6.032765312434864580e-01
6.026258968378069847e-01
6.019826019683605089e-01
6.013477698375325753e-01
6.007225529066645420e-01
6.001081322167591825e-01
5.995057168303243866e-01
5.989165428607408082e-01
5.983418728551442856e-01
5.977829949561808132e-01
5.972412220734325539e-01
5.967178910265419356e-01
5.962143616605023455e-01
5.957320159336227938e-01
5.952722569786753626e-01
5.948365081377644525e-01
5.944262119714623926e-01
5.940428292427730739e-01
5.936878378765260145e-01
5.933627318947816143e-01
5.930690203288673246e-01
5.928082261087056493e-01
5.925818849300393820e-01
5.923915441002635118e-01
5.922387613635337056e-01
5.921251037058363753e-01
5.920521461407685093e-01
5.920214704767334801e-01
5.920346640663202153e-01
5.920933185386283437e-01
5.921990285153048150e-01
5.923533903111258825e-01
5.925580006198933880e-01
5.928144551865224265e-01
5.931243474661184178e-01
5.934892672709378703e-01
5.939107994061025853e-01
5.943905222949334988e-01
5.949300065948535110e-01
5.955308138047281652e-01
5.961944948646217268e-01
5.969225887488929239e-01
5.977166210535990176e-01
5.985781025791833132e-01
5.995085279094376496e-01
6.005093739877304104e-01
6.015820986915461077e-01
6.027281394063074282e-01
6.039489115995806401e-01
6.052458073966606733e-01
6.066201941586466528e-01
6.080734130640288448e-01
6.096067776948966843e-01
6.112215726288708906e-01
6.129190520378188234e-01
6.147004382944971645e-01
6.165669205882242654e-01
6.185196535506947146e-01
6.205597558930925350e-01
6.226883090556011302e-01
6.249063558704770482e-01
6.272148992398345335e-01
6.296149008292547533e-01
6.321072797784125230e-01
6.346929114298489605e-01
6.373726260770381513e-01
6.401472077329224408e-01
6.430173929200488914e-01
6.459838694834756367e-01
6.490472754275823375e-01
6.522081977779241591e-01
6.554671714693071083e-01
6.588246782611670849e-01
6.622811456814183817e-01
6.658369459998798590e-01
6.694923952323795779e-01
6.732477521766657702e-01
6.771032174811842941e-01
6.810589331412854053e-01
6.851149800579328097e-01
6.892713792048608124e-01
6.935280907875098766e-01
6.978850115767837314e-01
7.023419757006517106e-01
7.068987537627703377e-01
7.115550519428099907e-01
7.163105116296242247e-01
7.211647086622365865e-01
7.261171530815786479e-01
7.311672885031544888e-01
7.363144917480275442e-01
7.415580724773556121e-01
7.468972728740330691e-01
7.523312673721761490e-01
7.578591624351445066e-01
7.634799963828257097e-01
7.691927392688049370e-01
7.749962928080248448e-01
7.808894903555599898e-01
7.868710969369796526e-01
7.929398093308736017e-01
7.990942562039469177e-01
8.053329982991215275e-01
8.116545286770433520e-01
8.180572730113088165e-01
8.245395899377032656e-01
8.310997714577338380e-01
8.377360433965892472e-01
8.444465659157774917e-01
8.512294340804609227e-01
8.580826784815956954e-01
8.650042659128971412e-01
8.719921001025464635e-01
8.790440224996185492e-01
8.861578131150020798e-01
8.933311914167245682e-01
9.005618172793747878e-01
9.078472919873192826e-01
9.151851592914459488e-01
9.225729065189280931e-01
9.300079657356500329e-01
9.374877149607516724e-01
9.450094794327165149e-01
9.525705329264270160e-01
9.601680991204966098e-01
9.677993530141741907e-01
9.754614223930607730e-01
9.831513893427695772e-01
9.908662918097178585e-01
9.986031252080548315e-01
1.006358844071802761e+00
1.014130363751160280e+00
1.021914562151825301e+00
1.029708281516334090e+00
1.037508330246094124e+00
1.045311484762978527e+00
1.053114491409133491e+00
1.060914068383745912e+00
1.068706907715313958e+00
1.076489677268064105e+00
1.084259022781028925e+00
1.092011569938289073e+00
1.099743926468806920e+00
1.107452684274310428e+00
1.115134421583534152e+00
1.122785705131253975e+00
1.130403092360282136e+00
1.137983133644807632e+00
1.145522374533250565e+00
1.153017358008831206e+00
1.160464626766056107e+00
1.167860725501225883e+00
1.175202203215110819e+00
1.182485615525878275e+00
1.189707526990298803e+00
1.196864513431360244e+00
1.203953164270259890e+00
1.210970084860771401e+00
1.217911898824067585e+00
1.224775250381881397e+00
1.231556806686059380e+00
1.238253260142442969e+00
1.244861330727022874e+00
1.251377768292358139e+00
1.257799354656228941e+00
1.264122906936076651e+00
1.270345277656826921e+00
1.276463359206505999e+00
1.282474084914241752e+00
1.288374431560949551e+00
1.294161421446413662e+00
1.299832124622350538e+00
1.305383660999509310e+00
1.310813202444884196e+00
1.316117974847017980e+00
1.321295260147576700e+00
1.326342398337226003e+00
1.331256789413994168e+00
1.336035895302248644e+00
1.340677241730509950e+00
1.345178420066325709e+00
1.349537089106467747e+00
1.353750976820748297e+00
1.357817882047820834e+00
1.361735676141317741e+00
1.365502304564792935e+00
1.369115788433907355e+00
1.372574226004395603e+00
1.375875794104383321e+00
1.379018749509697273e+00
1.382001430260777930e+00
1.384822256920012151e+00
1.387479733768185231e+00
1.389972449938961185e+00
1.392299080490236651e+00
1.394458387411370959e+00
1.396449220565275651e+00
1.398270518564477705e+00
1.399921309580275608e+00
1.401400712084217348e+00
1.402707935521167126e+00
1.403842280913310203e+00
1.404803141394480814e+00
1.405590002674336203e+00
1.406202443431873395e+00
1.406640135637927225e+00
1.406902844806338981e+00
1.406990430173536089e+00
1.406902844806338981e+00
1.406640135637927225e+00
1.406202443431872950e+00
1.405590002674336203e+00
1.404803141394481036e+00
1.403842280913309759e+00
1.402707935521168237e+00
1.401400712084217348e+00
1.399921309580275608e+00
1.398270518564477705e+00
1.396449220565274318e+00
1.394458387411368960e+00
1.392299080490236429e+00
1.389972449938961185e+00
1.387479733768184564e+00
1.384822256920012373e+00
1.382001430260777708e+00
1.379018749509697717e+00
1.375875794104383321e+00
1.372574226004394271e+00
1.369115788433906467e+00
1.365502304564791825e+00
1.361735676141317963e+00
1.357817882047818170e+00
1.353750976820748519e+00
1.349537089106467302e+00
1.345178420066325486e+00
1.340677241730511282e+00
1.336035895302248866e+00
1.331256789413995278e+00
1.326342398337224449e+00
1.321295260147574258e+00
1.316117974847015759e+00
1.310813202444882641e+00
1.305383660999510642e+00
1.299832124622351204e+00
1.294161421446414773e+00
1.288374431560949773e+00
1.282474084914240864e+00
1.276463359206507997e+00
1.270345277656824479e+00
1.264122906936075097e+00
1.257799354656225388e+00
1.251377768292356141e+00
1.244861330727023319e+00
1.238253260142441858e+00
1.231556806686060268e+00
1.224775250381880731e+00
1.217911898824068029e+00
1.210970084860773177e+00
1.203953164270259890e+00
1.196864513431360466e+00
1.189707526990297914e+00
1.182485615525877609e+00
1.175202203215111041e+00
1.167860725501222774e+00
1.160464626766052998e+00
1.153017358008831206e+00
1.145522374533252341e+00
1.137983133644810962e+00
1.130403092360281248e+00
1.122785705131254197e+00
1.115134421583533930e+00
1.107452684274306653e+00
1.099743926468808919e+00
1.092011569938287296e+00
1.084259022781026705e+00
1.076489677268060552e+00
1.068706907715310850e+00
1.060914068383744135e+00
1.053114491409135045e+00
1.045311484762978083e+00
1.037508330246096344e+00
1.029708281516334534e+00
1.021914562151825967e+00
1.014130363751155839e+00
1.006358844071801428e+00
9.986031252080522780e-01
9.908662918097151939e-01
9.831513893427701323e-01
9.754614223930603290e-01
9.677993530141757450e-01
9.601680991204957216e-01
9.525705329264279042e-01
9.450094794327164038e-01
9.374877149607498961e-01
9.300079657356472573e-01
9.225729065189239853e-01
9.151851592914435063e-01
9.078472919873220581e-01
9.005618172793770082e-01
8.933311914167240131e-01
8.861578131150013027e-01
8.790440224996172169e-01
8.719921001025492391e-01
8.650042659128943656e-01
8.580826784815943631e-01
8.512294340804575921e-01
8.444465659157752713e-01
8.377360433965871378e-01
8.310997714577303963e-01
8.245395899377021554e-01
8.180572730113080393e-01
8.116545286770437961e-01
8.053329982991244140e-01
7.990942562039471397e-01
7.929398093308729356e-01
7.868710969369775432e-01
7.808894903555576583e-01
7.749962928080242897e-01
7.691927392688028275e-01
7.634799963828237113e-01
7.578591624351430633e-01
7.523312673721747057e-01
7.468972728740365108e-01
7.415580724773565002e-01
7.363144917480290985e-01
7.311672885031580416e-01
7.261171530815782038e-01
7.211647086622388070e-01
7.163105116296245578e-01
7.115550519428084364e-01
7.068987537627681172e-01
7.023419757006497122e-01
6.978850115767843976e-01
6.935280907875118750e-01
6.892713792048610344e-01
6.851149800579339200e-01
6.810589331412852943e-01
6.771032174811834059e-01
6.732477521766634387e-01
6.694923952323773575e-01
6.658369459998798590e-01
6.622811456814183817e-01
6.588246782611653085e-01
6.554671714693069973e-01
6.522081977779241591e-01
6.490472754275820044e-01
6.459838694834771911e-01
6.430173929200498906e-01
6.401472077329221078e-01
6.373726260770364860e-01
6.346929114298482943e-01
6.321072797784111907e-01
6.296149008292528659e-01
6.272148992398361989e-01
6.249063558704786026e-01
6.226883090556027955e-01
6.205597558930947555e-01
6.185196535506953808e-01
6.165669205882227111e-01
6.147004382944958323e-01
6.129190520378184903e-01
6.112215726288693363e-01
6.096067776948970174e-01
6.080734130640279567e-01
6.066201941586468749e-01
6.052458073966617835e-01
6.039489115995807511e-01
6.027281394063094266e-01
6.015820986915477731e-01
6.005093739877322978e-01
5.995085279094369834e-01
5.985781025791833132e-01
5.977166210535986846e-01
5.969225887488930349e-01
5.961944948646205056e-01
5.955308138047280542e-01
5.949300065948535110e-01
5.943905222949342759e-01
5.939107994061026963e-01
5.934892672709388695e-01
5.931243474661188619e-01
5.928144551865223155e-01
5.925580006198938321e-01
5.923533903111258825e-01
5.921990285153049260e-01
5.920933185386280106e-01
5.920346640663205484e-01
5.920214704767321479e-01
5.920521461407690644e-01
5.921251037058363753e-01
5.922387613635344827e-01
5.923915441002644000e-01
5.925818849300392710e-01
5.928082261087065374e-01
5.930690203288673246e-01
5.933627318947815033e-01
5.936878378765256814e-01
5.940428292427726298e-01
5.944262119714625037e-01
5.948365081377656738e-01
5.952722569786761397e-01
5.957320159336232379e-01
5.962143616605037888e-01
5.967178910265420466e-01
5.972412220734328869e-01
5.977829949561807021e-01
5.983418728551447296e-01
5.989165428607405861e-01
5.995057168303249417e-01
6.001081322167599597e-01
6.007225529066654302e-01
6.013477698375330194e-01
6.019826019683611751e-01
6.026258968378074288e-01
6.032765312434869021e-01
6.039334120484999291e-01
6.045954765646701645e-01
6.052616932962103791e-01
6.059310624557113778e-01
6.066026164871601845e-01
6.072754205565551455e-01
6.079485726609205054e-01
6.086212054393265181e-01
6.092924848687883976e-01
6.099616105256480125e-01
6.106278177524636641e-01
6.112903765051149740e-01
6.119485919690259568e-01
6.126018047828047930e-01
6.132493912278388359e-01
6.138907633837783484e-01
6.145253692498233722e-01
6.151526928318046261e-01
6.157722541950124695e-01
6.163836094828120116e-01
6.169863509010294900e-01
6.175801066682017337e-01
6.181645409317244599e-01
6.187393536500145341e-01
6.193042804407941082e-01
6.198590923956274201e-01
6.204035958608965506e-01
6.209376321853704583e-01
6.214610774346029931e-01
6.219738420723689432e-01
6.224758706094172256e-01
6.229671412198002356e-01
6.234476653250969891e-01
6.239174871468500250e-01
6.243766832275771117e-01
6.248253619207200238e-01
6.252636628499512739e-01
6.256917563382440317e-01
6.261098428071697475e-01
6.265181521468903281e-01
6.269169430573513502e-01
6.273065023611853475e-01
6.276871442888930508e-01
6.280592097368589144e-01
6.284230654988058884e-01
6.287791034713064997e-01
6.291277398340002769e-01
6.294694142051779906e-01
6.298045887734371462e-01
6.301337474061111665e-01
6.304573947352243302e-01
6.307760552217268613e-01
6.310902721987978747e-01
6.314006068950264172e-01
6.317076374382887272e-01
6.320119578411896866e-01
6.323141769689288871e-01
6.326149174904827088e-01
6.329148148140277819e-01
6.332145160075206558e-01
6.335146787054057871e-01
6.338159700023989762e-01
6.341190653353603324e-01
6.344246473542410891e-01
6.347334047831371118e-01
6.350460312724844902e-01
6.353632242434524846e-01
6.356856837255969728e-01
6.360141111888620857e-01
6.363492083710231562e-01
6.366916761016653270e-01
6.370422131238367980e-01
6.374015149144831582e-01
6.377702725048104426e-01
6.381491713017207745e-01
6.385388899114669004e-01
6.389400989666920161e-01
6.393534599305115140e-01
6.397796240438645698e-01
6.402192310045330403e-01
6.406729079566061413e-01
6.411412682157102694e-01
6.416249103041873347e-01
6.421244167254815949e-01
6.426403528875905824e-01
6.431732660131282975e-01
6.437236840644569025e-01
6.442921146850286718e-01
6.448790441580904975e-01
6.454849363838918164e-01
6.461102318765052921e-01
6.467553467814073365e-01
6.474206719148821731e-01
6.481065718263778752e-01
6.488133838848586521e-01
6.495414173902256394e-01
6.502909527108534649e-01
6.510622404482457881e-01
6.518555006298302201e-01
6.526709219308644006e-01
6.535086609264193491e-01
6.543688413743635746e-01
6.552515535302750882e-01
6.561568534951528475e-01
6.570847625967916050e-01
6.580352668056559384e-01
6.590083161860397221e-01
6.600038243832981877e-01
6.610216681478759959e-01
6.620616868968589586e-01
6.631236823137023340e-01
6.642074179867868411e-01
6.653126190874045776e-01
6.664389720877446077e-01
6.675861245194054661e-01
6.687536847729319556e-01
6.699412219388319878e-01
6.711482656904872446e-01
6.723743062093268108e-01
6.736187941526148304e-01
6.748811406641275212e-01
6.761607174279909982e-01
6.774568567658660889e-01
6.787688517776646613e-01
6.800959565259147022e-01
6.814373862638499757e-01
6.827923177072650063e-01
6.841598893501168455e-01
6.855392018238278817e-01
6.869293183001947689e-01
6.883292649377391603e-01
6.897380313713319389e-01
6.911545712448481371e-01
6.925778027865673314e-01
6.940066094270049835e-01
6.954398404587991411e-01
6.968763117382383854e-01
6.983148064279636191e-01
6.997540757803601963e-01
7.011928399610694029e-01
7.026297889120411977e-01
7.040635832534943850e-01
7.054928552240906647e-01
7.069162096586256716e-01
7.083322250024581823e-01
7.097394543618789076e-01
7.111364265895803172e-01
7.125216474043423176e-01
7.138936005440047472e-01
7.152507489507791139e-01
7.165915359878978208e-01
7.179143866865649315e-01
7.192177090221404390e-01
7.204998952184649141e-01
7.217593230791689018e-01
7.229943573448230909e-01
7.242033510747092340e-01
7.253846470519929035e-01
7.265365792110412002e-01
7.276574740892115534e-01
7.287456522799126146e-01
7.297994299407977170e-01
7.308171202784257137e-01
7.317970350827864845e-01
7.327374862406226264e-01
7.336367872932010314e-01
7.344932549892011497e-01
7.353052108505997442e-01
7.360709827468101540e-01
7.367889064756251161e-01
7.374573273494223757e-01
7.380746017851587126e-01
7.386390988966216042e-01
7.391492020873896562e-01
7.396033106430197623e-01
7.399998413208761505e-01
7.403372299360976294e-01
7.406139319241278329e-01
7.408284279504483427e-01
7.409792205649651242e-01
7.410648353984430337e-01
7.410838281546260342e-01
7.410347818893188165e-01
7.409163095800616050e-01
7.407270556258187533e-01
7.404656973290588695e-01
7.401309463587641968e-01
7.397215501928688930e-01
7.392362935386906919e-01
7.386739997299156535e-01
7.380335320987183589e-01
7.373137953216226670e-01
7.365137367377069255e-01
7.356323476378359150e-01
7.346686645235495083e-01
7.336217703343239638e-01
7.324907956419309807e-01
7.312749198106187620e-01
7.299733721219318072e-01
7.285854328629292054e-01
7.271104343766914280e-01
7.255477620739427813e-01
7.238968554047229276e-01
7.221572087890428815e-01
7.203283725054907549e-01
7.184099535368074774e-01
7.164016163714845842e-01
7.143030837604652517e-01
7.121141374280814951e-01
7.098346187363953064e-01
7.074644293021441488e-01
7.050035315655596158e-01
7.024519493103275058e-01
6.998097681340464948e-01
6.970771358685509123e-01
6.942542629495350726e-01
6.913414227349221619e-01
6.883389517715303718e-01
6.852472500095484476e-01
6.820667809644705981e-01
6.787980718261085178e-01
6.754417135143944151e-01
6.719983606817245825e-01
6.684687316616110264e-01
6.648536083635219196e-01
6.611538361137470066e-01
6.573703234422701991e-01
6.535040418155978470e-01
6.495560253155800989e-01
6.455273702643241629e-01
6.414192347952806239e-01
6.372328383707182020e-01
6.329694612457751335e-01
6.286304438793690608e-01
6.242171862922665238e-01
6.197311473726838660e-01
6.151738441298052473e-01
6.105468508956906071e-01
6.058517984760412034e-01
6.010903732504025987e-01
5.962643162223364435e-01
5.913754220455668120e-01
5.864255378494404036e-01
5.814165624205768212e-01
5.763504446853247032e-01
5.712291828891222778e-01
5.660548230937798575e-01
5.608294580187385137e-01
5.555552256932008159e-01
5.502343080896243688e-01
5.448689297153813671e-01
5.394613561635963617e-01
5.340138926242300466e-01
5.285288823565251759e-01
5.230087051239462603e-01
5.174557755927611247e-01
5.118725416955101082e-01
5.062614829605581734e-01
5.006251088090213353e-01
4.949659568203457205e-01
4.892865909678725256e-01
4.835895998257315198e-01
4.778775947484539821e-01
4.721532089559498102e-01
4.664190919397919188e-01
4.606779122154126549e-01
4.549323554275647719e-01
4.491851177379178606e-01
4.434389076066300728e-01
4.376964428881519042e-01
4.319604488449050872e-01
4.262336561470816410e-01
4.205187988601564175e-01
4.148186124216581838e-01
4.091358316088589686e-01
4.034731884989704032e-01
3.978334104234838020e-01
3.922192179182963923e-01
3.866333226712521109e-01
3.810784254687811234e-01
3.755572141432487188e-01
3.700723615227292651e-01
3.646265233848203224e-01
3.592223364161898913e-01
3.538624161795320133e-01
3.485493550895419901e-01
3.432857203996556583e-01
3.380740522011376759e-01
3.329168614362095213e-01
3.278166279268722727e-01
3.227757984210275488e-01
3.177967846575698307e-01
3.128819614520534365e-01
3.080336648045389758e-01
3.032541900312324956e-01
2.985457899215006039e-01
2.939106729218087799e-01
2.893510013481802590e-01
2.848688896286701855e-01
2.804664025773970226e-01
2.761455537016271333e-01
2.719083035433809137e-01
2.677565580570285819e-01
2.636921670242915461e-01
2.597169225080755428e-01
2.558325573465040637e-01
2.520407436885112040e-01
2.483430915723177645e-01
2.447411475480958387e-01
2.412363933460832666e-01
2.378302445913748342e-01
2.345240495666165714e-01
2.313190880237532276e-01
2.282165700459675706e-01
2.252176349609189276e-01
2.223233503063307970e-01
2.195347108489681121e-01
2.168526376579716364e-01
2.142779772335107469e-01
2.118115006916578558e-01
2.094539030063342078e-01
2.072058023091689349e-01
2.050677392480375894e-01
2.030401763658791492e-01
2.011234977366285204e-01
1.993180082652638574e-01
1.976239334832804451e-01
1.960414190291374925e-01
1.945705305867057866e-01
1.932112535284051802e-01
1.919634928020984288e-01
1.908270728452017562e-01
1.898017375626920855e-01
1.888871503692579612e-01
1.880828942957944172e-01
1.873884721603900905e-01
1.868033068038962019e-01
1.863267413901130709e-01
1.859580397705904720e-01
1.856963869139618695e-01
1.855408893996965403e-01
1.854905759760943906e-01
1.855443981822864352e-01
1.857012310339551941e-01
1.859598737724427464e-01
1.863190506768311328e-01
1.867774119385652021e-01
1.873335345980968458e-01
1.879859235429873765e-01
1.887330125343202047e-01
1.895731654885430828e-01
1.905046773306104391e-01
1.915257755566567854e-01
1.926346213663594764e-01
1.938293110474925973e-01
1.951078773839557690e-01
1.964682911187955738e-01
1.979084624711961449e-01
1.994262427063303866e-01
2.010194257569164478e-01
2.026857498952929215e-01
2.044228994547494238e-01
2.062285065988220811e-01
2.081001531371950430e-01
2.100353723868350064e-01
2.120316510768842644e-01
2.140864312958615234e-01
2.161971124796120414e-01
2.183610534384476665e-01
2.205755744218506620e-01
2.228379592190956049e-01
2.251454572940814192e-01
2.274952859526397364e-01
2.298846325405555502e-01
2.323106566704792320e-01
2.347704924758959866e-01
2.372612508902745554e-01
2.397800219494933271e-01
2.423238771155964422e-01
2.448898716199284231e-01
2.474750468236489309e-01
2.500764325936154497e-01
2.526910496915991677e-01
2.553159121747672899e-01
2.579480298053601350e-01
2.605844104674660544e-01
2.632220625887851106e-01
2.658579975652457517e-01
2.684892321863651121e-01
2.711127910591658585e-01
2.737257090285454830e-01
2.763250335918971956e-01
2.789078273058432367e-01
2.814711701829202828e-01
2.840121620760279741e-01
2.865279250485213147e-01
2.890156057277547541e-01
2.914723776399552602e-01
2.938954435242783214e-01
2.962820376239175268e-01
2.986294279521605199e-01
3.009349185312999442e-01
3.031958516023050554e-01
3.054096098032149653e-01
3.075736183142064317e-01
3.096853470014080401e-01
3.117423123513645700e-01
3.137420797135432315e-01
3.156822651221123377e-01
3.175605373983522162e-01
3.193746198751859500e-01
3.211222923756745784e-01
3.228013929909159252e-01
3.244098198384168241e-01
3.259455327685129022e-01
3.274065550171693095e-01
3.287909748035777735e-01
3.300969468709958332e-01
3.313226939693209028e-01
3.324665082779618697e-01
3.335267527676109567e-01
3.345018624995838019e-01
3.353903458614418964e-01
3.361907857376948972e-01
3.369018406144018707e-01
3.375222456166012686e-01
3.380508134775200846e-01
3.384864354386054597e-01
3.388280820794811188e-01
3.390748040769860916e-01
3.392257328925433191e-01
3.392800813871678089e-01
3.392371443634732975e-01
3.390962990341552796e-01
3.388570054164465883e-01
3.385188059990966170e-01
3.380813292529591951e-01
3.375442832706719298e-01
3.369074623923543621e-01
3.361707439601051561e-01
3.353340889155402849e-01
3.343975416690003755e-01
3.333612298936010632e-01
3.322253642443329658e-01
3.309902380024878354e-01
3.296562266457534474e-01
3.282237873444157072e-01
3.266934583841671902e-01
3.250658585161048109e-01
3.233416862345581677e-01
3.215217189834922440e-01
3.196068122922834376e-01
3.175978988417256788e-01
3.154959874612420778e-01
3.133021620582987499e-01
3.110175804811143307e-01
3.086434733158265331e-01
3.061811426193396524e-01
3.036319605891359408e-01
3.009973681714210869e-01
2.982788736090174475e-01
2.954780509304896219e-01
2.925965383820423038e-01
2.896360368038038979e-01
2.865983079521522425e-01
2.834851727697794699e-01
2.802985096053078884e-01
2.770402523842364628e-01
2.737123887331139871e-01
2.703169580588505871e-01
2.668560495851314829e-01
2.633318003479439007e-01
2.597463931522649982e-01
2.561020544919966335e-01
2.524010524352850449e-01
2.486456944773518529e-01
2.448383253630684875e-01
2.409813248814620945e-01
2.370771056344115613e-01
2.331281107818109766e-01
2.291368117654553616e-01
2.251057060140261301e-01
2.210373146314318082e-01
2.169341800708889934e-01
2.127988637970877339e-01
2.086339439387742412e-01
2.044420129215598625e-01
2.002256751598147644e-01
1.959875446163579504e-01
1.917302424937075978e-01
1.874563948697614835e-01
1.831686303059698318e-01
1.788695775555546041e-01
1.745618631861695913e-01
1.702481092624646419e-01
1.659309310326855802e-01
1.616129346314500170e-01
1.572967148009232485e-01
1.529848526326225144e-01
1.486799133320529376e-01
1.443844440083080771e-01
1.401009714908017512e-01
1.358320001751905093e-01
1.315800099005569601e-01
1.273474538598590444e-01
1.231367565456164964e-01
1.189503117327602166e-01
1.147904805005193901e-01
1.106595892951729582e-01
1.065599280354547485e-01
1.024937482623036744e-01
9.846326133467099562e-02
9.447063667296094758e-02
9.051800005167695562e-02
8.660743194275943857e-02
8.274096591104856957e-02
7.892058706324356354e-02
7.514823055165960330e-02
7.142578013402123283e-02
6.775506679047665903e-02
6.413786777199906308e-02
6.057590382038985366e-02
5.707083994030922453e-02
5.362428403229176077e-02
5.023778416872737296e-02
4.691282895566029065e-02
4.365084622651109469e-02
4.045320215065716096e-02
3.732120040661993793e-02
3.425608142032109116e-02
3.125902166879646060e-02
2.833113304968112173e-02
2.547346231670730154e-02
2.268699058136611213e-02
1.997263288084993871e-02
1.733123781227480231e-02
1.476358723313683091e-02
1.227039602787888262e-02
9.852311940365031384e-03
7.509915472005863901e-03
5.243719845177595429e-03
3.054171031549632320e-03
9.416478448310838800e-04
-1.093537902602685630e-03
-3.051141179814420568e-03
-4.930983454805901167e-03
-6.732952350171454714e-03
-8.457001237682330863e-03
-1.010314877268383288e-02
-1.167147836920493648e-02
-1.316213761678643873e-02
-1.457533764003798860e-02
-1.591135240203069012e-02
-1.717051795266251457e-02
-1.835323162319103113e-02
-1.945995116818902831e-02
-2.049119385619370404e-02
-2.144753551041270190e-02
-2.232960950085147167e-02
-2.313810568929153266e-02
-2.387376932858598783e-02
-2.453739991776562879e-02
-2.512985001450095124e-02
-2.565202400648784742e-02
-2.610487684334979880e-02
-2.648941273070184316e-02
-2.680668378801996654e-02
-2.705778867200582527e-02
-2.724387117561376248e-02
-2.736611875275502676e-02
-2.742576110192858005e-02
-2.742406862671546014e-02
-2.736235094521642305e-02
-2.724195530620791145e-02
-2.706426504502614655e-02
-2.683069798704171630e-02
-2.654270483909005468e-02
-2.620176756406986801e-02
-2.580939774051856095e-02
-2.536713490896547532e-02
-2.487654490686105890e-02
-2.433921819387560928e-02
-2.375676816935059013e-02
-2.313082948367256586e-02
-2.246305634534113971e-02
-2.175512082546139994e-02
-2.100871116141032890e-02
-2.022553006137159382e-02
-1.940729301144205818e-02
-1.855572658698186397e-02
-1.767256676984299557e-02
-1.675955727311578825e-02
-1.581844787497294763e-02
-1.485099276318729497e-02
-1.385894889185915191e-02
-1.284407435185627375e-02
-1.180812675644326085e-02
-1.075286164353865884e-02
-9.680030895997976392e-03
-8.591381181306874393e-03
-7.488652411991611121e-03
-6.373576228060102641e-03
-5.247874502709028513e-03
-4.113257872519093805e-03
-2.971424293304729750e-03
-1.824057622742779675e-03
-6.728260568778579587e-04
4.806185430833807143e-04
1.634642808491433910e-03
2.787633248966994021e-03
3.937996564611905004e-03
5.084161620368680273e-03
6.224580465430539986e-03
7.357729501030057205e-03
8.482110613283978459e-03
9.596252270433067860e-03
1.069871058382859327e-02
1.178807033210233120e-02
1.286294594796713597e-02
1.392198246715541099e-02
1.496385643906860546e-02
1.598727679871090462e-02
1.699098569958048394e-02
1.797375930718859288e-02
1.893440855295371386e-02
1.987177984824847060e-02
2.078475575841873951e-02
2.167225563665080984e-02
2.253323621758828582e-02
2.336669217065407561e-02
2.417165661307010480e-02
2.494720158260314152e-02
2.569243847012114140e-02
2.640651841205686468e-02
2.708863264293921713e-02
2.773801280817789899e-02
2.835393123731247064e-02
2.893570117800524366e-02
2.948267699105006773e-02
2.999425430673043416e-02
3.046987014288948109e-02
3.090900298508665600e-02
3.131117282928060075e-02
3.167594118746200338e-02
3.200291105673076786e-02
3.229172685231004869e-02
3.254207430502641107e-02
3.275368032381813926e-02
3.292631282382748464e-02
3.305978052069516449e-02
3.315393269746082228e-02
3.320865890819826860e-02
3.322388871468554689e-02
3.319959132285117687e-02
3.313577522933449510e-02
3.303248781788782618e-02
3.288981494294797303e-02
3.270788047498936896e-02
3.248684582058727899e-02
3.222690941563682160e-02
3.192830619248324814e-02
3.159130702176460997e-02
3.121621812972439139e-02
3.080338049180873783e-02
3.035316920334601293e-02
2.986599282809495465e-02
2.934229272550361450e-02
2.878254235744842973e-02
2.818724657531232469e-02
2.755694088818348014e-02
2.689219071301631944e-02
2.619359060754885074e-02
2.546176348682475249e-02
2.469735982409482916e-02
2.390105683695590427e-02
2.307355765949721527e-02
2.221559050128192256e-02
2.132790779397770314e-02
2.041128532639511703e-02
1.946652136877829314e-02
1.849443578709491359e-02
1.749586914812083227e-02
1.647168181610324939e-02
1.542275304175218936e-02
1.434998004433686060e-02
1.325427708763208395e-02
1.213657455044683114e-02
1.099781799250929872e-02
9.838967216377815517e-03
8.660995326151655488e-03
7.464887783659180862e-03
6.251641462819614720e-03
5.022263702943451612e-03
3.777771361303357105e-03
2.519189866602010008e-03
1.247552272437091846e-03
-3.610168703443278858e-05
-1.330726539521896300e-03
-2.635272014179525744e-03
-3.948683977762277968e-03
-5.269905366740824416e-03
-6.597877114793536044e-03
-7.931539075067866457e-03
-9.269830936653450718e-03
-1.061169313466713178e-02
-1.195606775343753883e-02
-1.330189942218767442e-02
-1.464813620271661170e-02
-1.599373046854926303e-02
-1.733763977499844233e-02
-1.867882771968756503e-02
-2.001626479297702668e-02
-2.134892921785052494e-02
-2.267580777875433801e-02
-2.399589663892819080e-02
-2.530820214576707389e-02
-2.661174162374631974e-02
-2.790554415449371037e-02
-2.918865134355856997e-02
-3.046011807343156075e-02
-3.171901324245165327e-02
-3.296442048912677503e-02
-3.419543890152780541e-02
-3.541118371132237486e-02
-3.661078697208838134e-02
-3.779339822152721212e-02
-3.895818512720848614e-02
-4.010433411549242655e-02
-4.123105098329051671e-02
-4.233756149229250115e-02
-4.342311194537676333e-02
-4.448696974483754008e-02
-4.552842393166683238e-02
-4.654678570794687498e-02
-4.754138893729546039e-02
-4.851159062950034101e-02
-4.945677139705306063e-02
-5.037633590706006026e-02
-5.126971329838905106e-02
-5.213635758526580233e-02
-5.297574803891644257e-02
-5.378738954828066188e-02
-5.457081295958281231e-02
-5.532557539457206436e-02
-5.605126054717778777e-02
-5.674747895843686163e-02
-5.741386826948596811e-02
-5.805009345243100638e-02
-5.865584701897826048e-02
-5.923084920662769620e-02
-5.977484814231435323e-02
-6.028761998338221656e-02
-6.076896903573890396e-02
-6.121872784913755944e-02
-6.163675728944899984e-02
-6.202294658788133630e-02
-6.237721336707103409e-02
-6.269950364398692300e-02
-6.298979180963439062e-02
-6.324808058551489864e-02
-6.347440095684489525e-02
-6.366881208254393520e-02
-6.383140118200014701e-02
-6.396228339867882084e-02
-6.406160164059346296e-02
-6.412952639773768226e-02
-6.416625553655030956e-02
-6.417201407151272574e-02
-6.414705391401542833e-02
-6.409165359860960476e-02
-6.400611798681153652e-02
-6.389077794862695059e-02
-6.374599002197885167e-02
-6.357213605026121317e-02
-6.336962279822501432e-02
-6.313888154645556916e-02
-6.288036766469459748e-02
-6.259456042361849493e-02
-6.228196149772059764e-02
-6.194309573199352492e-02
-6.157851071680842114e-02
-6.118877488025145639e-02
-6.077447801998268201e-02
-6.033623046976651499e-02
-5.987466251526600558e-02
-5.939042379189070353e-02
-5.888418266515853955e-02
-5.835662559401909311e-02
-5.780845647765393142e-02
-5.724039598624016539e-02
-5.665318087620759002e-02
-5.604756329054649822e-02
-5.542431004469710459e-02
-5.478420189863274226e-02
-5.412803281570781333e-02
-5.345660920888933854e-02
-5.277074917501785312e-02
-5.207128171770812608e-02
-5.135904595958742935e-02
-5.063489034452264836e-02
-4.989967183053314881e-02
-4.915425507410731837e-02
-4.839951160661602747e-02
-4.763631900358077792e-02
-4.686556004752592819e-02
-4.608812188516830249e-02
-4.530489517973291386e-02
-4.451677325914116246e-02
-4.372465126088743992e-02
-4.292942527438796396e-02
-4.213199148160252927e-02
-4.133324529675849734e-02
-4.053408050597421403e-02
-3.973538840763021079e-02
-3.893805694924803301e-02
-3.814296989144040639e-02
-3.735100592696515009e-02
-3.656303785763624636e-02
-3.577993171966656338e-02
-3.500254598529253802e-02
-3.423173070612520186e-02
-3.346832669579715563e-02
-3.271316471463425746e-02
-3.196706466345639042e-02
-3.123083478732167906e-02
-3.050527089004616277e-02
-2.979115556031981457e-02
-2.908925741022045167e-02
-2.840033032694152040e-02
-2.772511273851801378e-02
-2.706432689433535543e-02
-2.641867816119788243e-02
-2.578885433570875935e-02
-2.517552497371439157e-02
-2.457934073754187640e-02
-2.400093276174432300e-02
-2.344091203806004595e-02
-2.289986882026000953e-02
-2.237837204955622078e-02
-2.187696880121367538e-02
-2.139618375298596789e-02
-2.093651867599564259e-02
-2.049845194861858386e-02
-2.008243809395370005e-02
-1.968890734140709906e-02
-1.931826521289691651e-02
-1.897089213418430564e-02
-1.864714307176999764e-02
-1.834734719581356324e-02
-1.807180756947083036e-02
-1.782080086503421909e-02
-1.759457710723342366e-02
-1.739335944401087380e-02
-1.721734394507620086e-02
-1.706669942849872723e-02
-1.694156731557094897e-02
-1.684206151415505379e-02
-1.676826833067001157e-02
-1.672024641087612937e-02
-1.669802670955217866e-02
-1.670161248914957264e-02
-1.673097934746600735e-02
-1.678607527434508237e-02
-1.686682072541446226e-02
-1.697310879259229105e-02
-1.710480524809758485e-02
-1.726174879599751133e-02
-1.744375125372233173e-02
-1.765059777307426830e-02
-1.788204710176254791e-02
-1.813783186883856369e-02
-1.841765889778064491e-02
-1.872120954693144018e-02
-1.904814007693727412e-02
-1.939808204479948062e-02
-1.977064272415228474e-02
-2.016540555130342388e-02
-2.058193059658833951e-02
-2.101975506052552664e-02
-2.147839379425290490e-02
-2.195733984368629377e-02
-2.245606501681287476e-02
-2.297402047351301130e-02
-2.351063733727740829e-02
-2.406532732813446152e-02
-2.463748341613249127e-02
-2.522648049463124126e-02
-2.583167607269246102e-02
-2.645241098579442784e-02
-2.708801012410128051e-02
-2.773778317747707320e-02
-2.840102539643658136e-02
-2.907701836817787322e-02
-2.976503080686199870e-02
-3.046431935723926954e-02
-3.117412941683401356e-02
-3.189369593963783250e-02
-3.262224430992440721e-02
-3.335899116698797656e-02
-3.410314526056423823e-02
-3.485390834390533071e-02
-3.561047600306464778e-02
-3.637203856227762266e-02
-3.713778195943809313e-02
-3.790688863243428519e-02
-3.867853840846788988e-02
-3.945190939535607455e-02
-4.022617887382567287e-02
-4.100052418982826768e-02
-4.177412364586158278e-02
-4.254615739033936611e-02
-4.331580830399906629e-02
-4.408226288238971391e-02
-4.484471211344954328e-02
-4.560235234921485026e-02
-4.635438617069211759e-02
-4.710002324494943354e-02
-4.783848117347246076e-02
-4.856898633086902117e-02
-4.929077469298738523e-02
-5.000309265354966476e-02
-5.070519782840568479e-02
-5.139635984652737855e-02
-5.207586112688452479e-02
-5.274299764035240978e-02
-5.339707965583324195e-02
-5.403743246976621534e-02
-5.466339711825784348e-02
-5.527433107104879478e-02
-5.586960890657776541e-02
-5.644862296741583185e-02
-5.701078399537033714e-02
-5.755552174558140055e-02
-5.808228557895548511e-02
-5.859054503231012068e-02
-5.907979036562651526e-02
-5.954953308583282867e-02
-5.999930644657106016e-02
-6.042866592342855531e-02
-6.083718966412977186e-02
-6.122447891323896246e-02
-6.159015841092313481e-02
-6.193387676537893266e-02
-6.225530679853955029e-02
-6.255414586471755301e-02
-6.283011614186509441e-02
-6.308296489516726502e-02
-6.331246471270871035e-02
-6.351841371299364603e-02
-6.370063535710517033e-02
-6.385898043444521166e-02
-6.399332351462402868e-02
-6.410356671089256775e-02
-6.418963790955482807e-02
-6.425149117261920451e-02
-6.428910674457977148e-02
-6.430249103036964065e-02
-6.429167654453507574e-02
-6.425672183172036200e-02
-6.419771135857603450e-02
-6.411475537723404505e-02
-6.400798976053181932e-02
-6.387757580917989564e-02
-6.372370003111450798e-02
-6.354657389329780581e-02
-6.334643354624724942e-02
-6.312353952162846893e-02
-6.287817640324351587e-02
-6.261065247179548043e-02
-6.232129932383249915e-02
-6.201047146528285148e-02
-6.167854588005480809e-02
-6.132592157415626966e-02
-6.095301909584638356e-02
-6.056028003234556478e-02
-6.014816648363855572e-02
-5.971716051395842273e-02
-5.926776358293477098e-02
-5.880049594888173831e-02
-5.831589606446331564e-02
-5.781451993788012944e-02
-5.729694049225414476e-02
-5.676374688303637700e-02
-5.621554381937474143e-02
-5.565295085790139540e-02
-5.507660168224891989e-02
-5.448714336702537714e-02
-5.388523562699747138e-02
-5.327155005228751544e-02
-5.264676933035743189e-02
-5.201158645560386568e-02
-5.136670392737992252e-02
-5.071283293726473046e-02
-5.005069254643468996e-02
-4.938100885397003759e-02
-4.870451415696299552e-02
-4.802194610328615332e-02
-4.733404683789280837e-02
-4.664156214352015856e-02
-4.594524057668121497e-02
-4.524583259982618844e-02
-4.454408971056197236e-02
-4.384076356881694975e-02
-4.313660512284672038e-02
-4.243236373496678954e-02
-4.172878630790957666e-02
-4.102661641269968185e-02
-4.032659341892357030e-02
-3.962945162830140006e-02
-3.893591941242868781e-02
-3.824671835557985622e-02
-3.756256240344386238e-02
-3.688415701866877561e-02
-3.621219834407221616e-02
-3.554737237439290626e-02
-3.489035413740931846e-02
-3.424180688530496786e-02
-3.360238129707100035e-02
-3.297271469281828210e-02
-3.235343026077896339e-02
-3.174513629781372526e-02
-3.114842546423558789e-02
-3.056387405369841853e-02
-2.999204127895221256e-02
-2.943346857420295337e-02
-2.888867891481609884e-02
-2.835817615511476014e-02
-2.784244438495491955e-02
-2.734194730579802418e-02
-2.685712762695797312e-02
-2.638840648267213457e-02
-2.593618287067230022e-02
-2.550083311285416404e-02
-2.508271033868331862e-02
-2.468214399191612923e-02
-2.429943955892653606e-02
-2.393487713518915871e-02
-2.358871298247734727e-02
-2.326117715723875420e-02
-2.295247413069886888e-02
-2.266278224911741357e-02
-2.239225341868041064e-02
-2.214101281770706336e-02
-2.190915863660723023e-02
-2.169676184594648144e-02
-2.150386599298441739e-02
-2.133048702702457916e-02
-2.117661315386703755e-02
-2.104220471966935374e-02
-2.092719412445762789e-02
-2.083148576552813422e-02
-2.075495601094744236e-02
-2.069745320333035710e-02
-2.065879769405269684e-02
-2.063878190802661758e-02
-2.063717043914249302e-02
-2.065370017644926545e-02
-2.068808046112518423e-02
-2.073999327425592176e-02
-2.080909344508101791e-02
-2.089500894123222374e-02
-2.099734108810564701e-02
-2.111566493105367440e-02
-2.124952952082726290e-02
-2.139845835323832615e-02
-2.156194972575131361e-02
-2.173947718025658060e-02
-2.193048996440301671e-02
-2.213441352239099366e-02
-2.235065001493111159e-02
-2.257857886804988390e-02
-2.281755735039363991e-02
-2.306692117864026989e-02
-2.332598515063130304e-02
-2.359404380576533497e-02
-2.387037211220409058e-02
-2.415422618038917668e-02
-2.444484400234753219e-02
-2.474144621624081025e-02
-2.504323689557011803e-02
-2.534940436244198167e-02
-2.565912202425075367e-02
-2.597154923312125496e-02
-2.628583216742367765e-02
-2.660110473464507783e-02
-2.691648949487215892e-02
-2.723109860412398914e-02
-2.754403477673825207e-02
-2.785439226599133872e-02
-2.816125786211291088e-02
-2.846371190682340027e-02
-2.876082932350755572e-02
-2.905168066210438507e-02
-2.933533315778601505e-02
-2.961085180245222673e-02
-2.987730042807644829e-02
-3.013374280088842658e-02
-3.037924372538235163e-02
-3.061287015710286580e-02
-3.083369232315741337e-02
-3.104078484936875076e-02
-3.123322789298654464e-02
-3.141010827983355819e-02
-3.157052064477626485e-02
-3.171356857436807147e-02
-3.183836575052218648e-02
-3.194403709404357306e-02
-3.202971990684309878e-02
-3.209456501165212222e-02
-3.213773788803628989e-02
-3.215841980350472862e-02
-3.215580893850685656e-02
-3.212912150409182738e-02
-3.207759285101614843e-02
-3.200047856906576560e-02
-3.189705557537021730e-02
-3.176662319047000860e-02
-3.160850420091665391e-02
-3.142204590716821122e-02
-3.120662115555736249e-02
-3.096162949903103964e-02
-3.068649760498566581e-02
-3.038068098636534375e-02
-3.004366490849043336e-02
-2.967496464280525159e-02
-2.927412693687545323e-02
-2.884073075998565966e-02
-2.837438816424888571e-02
-2.787474511906238434e-02
-2.734148231780157007e-02
-2.677431595563125460e-02
-2.617299847733484813e-02
-2.553731929411028057e-02
-2.486710546825100787e-02
-2.416222236471537999e-02
-2.342257426855903074e-02
-2.264810496725736325e-02
-2.183879829697711952e-02
-2.099467865185467366e-02
-2.011581145541248630e-02
-1.920230359323093702e-02
-1.825430381034403790e-02
-1.727200304255368385e-02
-1.625563477432418608e-02
-1.520547524870630857e-02
-1.412184374999316851e-02
-1.300510274952488589e-02
-1.185565806295769270e-02
-1.067395894277888869e-02
-9.460498129346057647e-03
-8.215811856556936438e-03
-6.940479811709587832e-03
-5.635125049176438472e-03
-4.300413857516054150e-03
-2.937055579754741658e-03
-1.545802386555172186e-03
-1.274490020863119910e-04
1.317167617559754367e-03
2.787168653528650925e-03
4.281633840970772154e-03
5.799601933434744144e-03
7.340071214840641900e-03
8.902000058912395986e-03
1.048430753594315618e-02
1.208587406666020159e-02
1.370554212295106711e-02
1.534211697512687100e-02
1.699436748534628727e-02
1.866102694681147020e-02
2.034079396820677454e-02
2.203233340291016126e-02
2.373427732235160528e-02
2.544522603289363361e-02
2.716374913555717058e-02
2.888838662781796282e-02
3.061765004671337942e-02
3.235002365238939109e-02
3.408396565116807858e-02
3.581790945724194070e-02
3.755026499191459893e-02
3.927942001939378758e-02
4.100374151802325257e-02
4.272157708575496232e-02
4.443125637874442702e-02
4.613109258173898192e-02
4.781938390902917141e-02
4.949441513460389741e-02
5.115445915011564149e-02
5.279777854927753672e-02
5.442262723717263689e-02
5.602725206302294064e-02
5.760989447487312176e-02
5.916879219456228078e-02
6.070218091146108164e-02
6.220829599324317893e-02
6.368537421207437488e-02
6.513165548449259545e-02
6.654538462324081916e-02
6.792481309930707700e-02
6.926820081237874960e-02
7.057381786789937439e-02
7.183994635892669567e-02
7.306488215089676497e-02
7.424693666750037391e-02
7.538443867572484913e-02
7.647573606822340164e-02
7.751919770329232517e-02
7.851321490800595992e-02
7.945620364881493536e-02
8.034660609060458036e-02
8.118289221949154255e-02
8.196356172101411375e-02
8.268714564733023464e-02
8.335220810931240343e-02
8.395734794873163653e-02
8.450120038867782457e-02
8.498243866033360072e-02
8.539977560420775049e-02
8.575196524403391751e-02
8.603780433145578888e-02
8.625613385972019653e-02
8.640584054459464480e-02
8.648585827073800025e-02
8.649516947872867845e-02
8.643280662845126416e-02
8.629785339642569164e-02
8.608944608230002793e-02
8.580677473125253307e-02
8.544908449252960891e-02
8.501567667551401808e-02
8.450590988562504957e-02
8.391920108615887053e-02
8.325502660993754078e-02
8.251292311940640334e-02
8.169248851393168254e-02
8.079338278304160070e-02
7.981532880444897060e-02
7.875811308573937852e-02
7.762158644865330137e-02
7.640566465495635118e-02
7.511032897296589239e-02
7.373562668382879770e-02
7.228167152675896157e-02
7.074864408245121195e-02
6.913679209398752856e-02
6.744643072461907474e-02
6.567794275184202224e-02
6.383177869730491394e-02
6.190845689209649449e-02
5.990856347707612661e-02
5.783275233795590053e-02
5.568174497491841513e-02
5.345633030663995977e-02
5.115736440863098006e-02
4.878577018589690117e-02
4.634253698001210287e-02
4.382872011070188673e-02
4.124544035220799321e-02
3.859388334467905163e-02
3.587529894095731198e-02
3.309100048920547710e-02
3.024236405184840479e-02
2.733082756142097766e-02
2.435788991395966205e-02
2.132511000063340087e-02
1.823410567842218347e-02
1.508655268064902980e-02
1.188418346832569722e-02
8.628786023247070336e-03
5.322202583913700213e-03
1.966328325379344821e-03
-1.436890015830298573e-03
-4.885455570440483397e-03
-8.377322817565931168e-03
-1.191039911684618063e-02
-1.548254629024414797e-02
-1.909158225197333386e-02
-2.273528268509147215e-02
-2.641138276316187805e-02
-3.011757891537641951e-02
-3.385153063347751123e-02
-3.761086231874984781e-02
-4.139316516734439094e-02
-4.519599909212265731e-02
-4.901689467918361048e-02
-5.285335517719893378e-02
-5.670285851765455992e-02
-6.056285936400140207e-02
-6.443079118783340276e-02
-6.830406836995485398e-02
-7.218008832443764677e-02
-7.605623364350538873e-02
-7.992987426121969663e-02
-8.379836963385295379e-02
-8.765907093481478674e-02
-9.150932326203992107e-02
-9.534646785564435123e-02
-9.916784432373274005e-02
-1.029707928741750295e-01
-1.067526565501959179e-01
-1.105107834675999323e-01
-1.142425290514819253e-01
-1.179452582702237018e-01
-1.216163478646493518e-01
-1.252531885701721470e-01
-1.288531872938771528e-01
-1.324137694596316805e-01
-1.359323809816982420e-01
-1.394064906166767037e-01
-1.428335919378324326e-01
-1.462112056885698508e-01
-1.495368817511979476e-01
-1.528082012734224282e-01
-1.560227787329375448e-01
-1.591782639743977434e-01
-1.622723442168745311e-01
-1.653027460298978624e-01
-1.682672372762549218e-01
-1.711636290197220966e-01
-1.739897773959738492e-01
-1.767435854449399824e-01
-1.794230049029464369e-01
-1.820260379529670125e-01
-1.845507389314523239e-01
-1.869952159901447364e-01
-1.893576327114251667e-01
-1.916362096757558420e-01
-1.938292259798040096e-01
-1.959350207039624592e-01
-1.979519943279458571e-01
-1.998786100932966880e-01
-2.017133953115995415e-01
-2.034549426173231645e-01
-2.051019111642498061e-01
-2.066530277645068081e-01
-2.081070879692833997e-01
-2.094629570903765170e-01
-2.107195711617654843e-01
-2.118759378404928562e-01
-2.129311372461713259e-01
-2.138843227385191781e-01
-2.147347216323852448e-01
-2.154816358497671780e-01
-2.161244425084454246e-01
-2.166625944468348886e-01
-2.170956206848196068e-01
-2.174231268203089540e-01
-2.176447953613807329e-01
-2.177603859939067354e-01
-2.177697357846288817e-01
-2.176727593197277932e-01
-2.174694487789604058e-01
-2.171598739455334881e-01
-2.167441821519230094e-01
-2.162225981619167459e-01
-2.155954239892148017e-01
-2.148630386529756797e-01
-2.140258978707714199e-01
-2.130845336894404696e-01
-2.120395540544209312e-01
-2.108916423181665389e-01
-2.096415566883168824e-01
-2.082901296163634230e-01
-2.068382671275476314e-01
-2.052869480928621315e-01
-2.036372234439797202e-01
-2.018902153320616677e-01
-2.000471162313960383e-01
-1.981091879888723373e-01
-1.960777608203508049e-01
-1.939542322550112941e-01
-1.917400660288132441e-01
-1.894367909282468898e-01
-1.870459995855598967e-01
-1.845693472267266044e-01
-1.820085503734130417e-01
-1.793653855002391995e-01
-1.766416875992628810e-01
-1.738393489356573618e-01
-1.709603174019387051e-01
-1.680065948697799239e-01
-1.649802360319477523e-01
-1.618833465524383564e-01
-1.587180815132082923e-01
-1.554866437641431454e-01
-1.521912822411899679e-01
-1.488342902711496940e-01
-1.454180037624924759e-01
-1.419447995407045748e-01
-1.384170934850887935e-01
-1.348373387143759206e-01
-1.312080238040143343e-01
-1.275316708377265962e-01
-1.238108335860451104e-01
-1.200480955932729382e-01
-1.162460682632136394e-01
-1.124073889303282142e-01
-1.085347189179656779e-01
-1.046307415851465555e-01
-1.006981603635780237e-01
-9.673969678637479863e-02
-9.275808851009981204e-02
-8.875608733166287512e-02
-8.473645720158234917e-02
-8.070197223519970375e-02
-7.665541472326890815e-02
-7.259957314350161395e-02
-6.853724017450707473e-02
-6.447121071359303290e-02
-6.040427989988967489e-02
-5.633924114421195312e-02
-5.227888416707458796e-02
-4.822599304625467542e-02
-4.418334427525603958e-02
-4.015370483403034318e-02
-3.613983027328177000e-02
-3.214446281361797719e-02
-2.817032946090308049e-02
-2.422014013893399043e-02
-2.029658584082258410e-02
-1.640233680012019579e-02
-1.254004068297420206e-02
-8.712320802404787540e-03
-4.921774355826611519e-03
-1.170970686910636355e-03
2.537550427170187639e-03
6.201280462063332027e-03
9.817743805137838647e-03
1.338449938599072138e-02
1.689914227761308077e-02
2.035930526729713350e-02
2.376266039644758105e-02
2.710692046833850649e-02
3.038984052314537554e-02
3.360921927930619196e-02
3.676290054055320750e-02
3.984877456787268291e-02
4.286477941560444538e-02
4.580890223115780674e-02
4.867918051753401809e-02
5.147370335820314335e-02
5.419061260363058907e-02
5.682810401896669361e-02
5.938442839236142412e-02
6.185789260339971674e-02
6.424686065121323897e-02
6.654975464181073219e-02
6.876505573423487283e-02
7.089130504516709397e-02
7.292710451161722729e-02
7.487111771138313387e-02
7.672207064100501628e-02
7.847875245088493934e-02
8.014001613742048613e-02
8.170477919184432336e-02
8.317202420565994458e-02
8.454079943245446094e-02
8.581021930598274616e-02
8.697946491440186612e-02
8.804778443056256176e-02
8.901449349831400126e-02
8.987897557476014210e-02
9.064068222847095069e-02
9.129913297735220423e-02
9.185391716216140257e-02
9.230469204041866216e-02
9.265118289034328380e-02
9.289318518930064772e-02
9.303056297417411358e-02
9.306324925099865308e-02
9.299124594357248419e-02
9.281462379902141735e-02
9.253352224446600993e-02
9.214814921399318293e-02
9.165878092069368321e-02
9.106576159226953404e-02
9.036950316365183200e-02
8.957048492801003570e-02
8.866925314646663392e-02
8.766642061686687193e-02
8.656266620196832740e-02
8.535873431742342643e-02
8.405543437996289280e-02
8.265364021618565316e-02
8.115428943240515780e-02
7.955838274598771298e-02
7.786698327866037328e-02
7.608121581227690611e-02
7.420226600753086765e-02
7.223137958616059062e-02
7.016986147715140176e-02
6.801907492750614015e-02
6.578044057816158363e-02
6.345543550558899182e-02
6.104559222975691063e-02
5.855249768898219964e-02
5.597779218236878518e-02
5.332316828044922352e-02
5.059036970469043409e-02
4.778119017655396705e-02
4.489747223678453719e-02
4.194110603564005224e-02
3.891402809478754915e-02
3.581822004158533024e-02
3.265570731650957459e-02
2.942855785449674522e-02
2.613888074091959973e-02
2.278882484310213244e-02
1.938057741801054237e-02
1.591636269711778698e-02
1.239844044909998132e-02
8.829104521322492932e-03
5.210681360915025290e-03
1.545528516296995614e-03
-2.163966879932421872e-03
-5.915389645911581229e-03
-9.706298102292208047e-03
-1.353422563998736908e-02
-1.739668230297646001e-02
-2.129115638522538489e-02
-2.521511604077810581e-02
-2.916601090612562508e-02
-3.314127373378654429e-02
-3.713832203624729822e-02
-4.115455973922028943e-02
-4.518737884323950627e-02
-4.923416109266273710e-02
-5.329227965097846353e-02
-5.735910078153574898e-02
-6.143198553256856015e-02
-6.550829142560847529e-02
-6.958537414618079509e-02
-7.366058923580327822e-02
-7.773129378424903368e-02
-8.179484812103411662e-02
-8.584861750510772160e-02
-8.988997381169326617e-02
-9.391629721525025787e-02
-9.792497786751590272e-02
-1.019134175695725897e-01
-1.058790314369247032e-01
-1.098192495565334242e-01
-1.137315186347406804e-01
-1.176133036351178912e-01
-1.214620894051107736e-01
-1.252753822905467718e-01
-1.290507117369105172e-01
-1.327856318763775967e-01
-1.364777230996394586e-01
-1.401245933472644867e-01
-1.437238809677778006e-01
-1.472732536000135317e-01
-1.507704123099248006e-01
-1.542130917555069591e-01
-1.575990619033027229e-01
-1.609261294747326154e-01
-1.641921393544396868e-01
-1.673949759818822991e-01
-1.705325647165876757e-01
-1.736028731775667577e-01
-1.766039125560012468e-01
-1.795337389003476281e-01
-1.823904543729475691e-01
-1.851722084773811394e-01
-1.878771992556475257e-01
-1.905036744544466587e-01
-1.930499326597260035e-01
-1.955143243987347568e-01
-1.978952532088449623e-01
-2.001911766724045194e-01
-2.024006074169218128e-01
-2.045221140798922921e-01
-2.065543222376104715e-01
-2.084959152973307472e-01
-2.103456353521581668e-01
-2.121022839980838126e-01
-2.137647231126088010e-01
-2.153318755943955665e-01
-2.168027260634635689e-01
-2.181763215214217178e-01
-2.194517719712851256e-01
-2.206282509964620497e-01
-2.217049962984653788e-01
-2.226813101930334160e-01
-2.235565600642509532e-01
-2.243301787764090671e-01
-2.250016650432743459e-01
-2.255705837545325110e-01
-2.260365662591699021e-01
-2.263993106055927906e-01
-2.266585817383217627e-01
-2.268142116511170925e-01
-2.268660994964325772e-01
