-1.940192664112996512e+00
-1.940012683900856461e+00
-1.939472817910390612e+00
-1.938573290035899399e+00
-1.937314473289356132e+00
-1.935696889582726454e+00
-1.933721209423445497e+00
-1.931388251523257216e+00
-1.928698982320724564e+00
-1.925654515417734913e+00
-1.922256110930439021e+00
-1.918505174755063880e+00
-1.914403257749171861e+00
-1.909952054828924384e+00
-1.905153403983049110e+00
-1.900009285204189657e+00
-1.894521819338438773e+00
-1.888693266853891162e+00
-1.882526026529097951e+00
-1.876022634062390448e+00
-1.869185760603077284e+00
-1.862018211205572760e+00
-1.854522923207587715e+00
-1.846702964533561531e+00
-1.838561531924539194e+00
-1.830101949095806146e+00
-1.821327664823583659e+00
-1.812242250962177392e+00
-1.802849400393013557e+00
-1.793152924907031265e+00
-1.783156753021939656e+00
-1.772864927735952723e+00
-1.762281604219553488e+00
-1.751411047463544923e+00
-1.740257629785530780e+00
-1.728825828445807788e+00
-1.717120223041585403e+00
-1.705145492931363638e+00
-1.692906414591155206e+00
-1.680407858921134423e+00
-1.667654788504649321e+00
-1.654652254821489255e+00
-1.641405395399581080e+00
-1.627919431005166784e+00
-1.614199662650720013e+00
-1.600251468734104066e+00
-1.586080301875260501e+00
-1.571691686137973054e+00
-1.557091213827971554e+00
-1.542284542448970619e+00
-1.527277391584865640e+00
-1.512075539812250291e+00
-1.496684821478259542e+00
-1.481111123570503008e+00
-1.465360382511531556e+00
-1.449438580948445576e+00
-1.433351744528302607e+00
-1.417105938661553433e+00
-1.400707265275668911e+00
-1.384161859561177543e+00
-1.367475886712257394e+00
-1.350655538664113031e+00
-1.333707030829274887e+00
-1.316636598835007721e+00
-1.299450495263990257e+00
-1.282154986400395380e+00
-1.264756348983523626e+00
-1.247260866971100279e+00
-1.229674828314343271e+00
-1.212004521746879115e+00
-1.194256233589587879e+00
-1.176436244573405343e+00
-1.158550826682121393e+00
-1.140606240017151718e+00
-1.122608729686277895e+00
-1.104564522718285424e+00
-1.086479825005415067e+00
-1.068360818275535751e+00
-1.050213657095853126e+00
-1.032044465910026299e+00
-1.013859336110429332e+00
-9.956643231473578659e-01
-9.774654436768588361e-01
-9.592686727488861642e-01
-9.410799410374014462e-01
-9.229051321140422370e-01
-9.047500797668934780e-01
-8.866205653658868480e-01
-8.685223152763065224e-01
-8.504609983218138769e-01
-8.324422232983862413e-01
-8.144715365405040819e-01
-7.965544195408695849e-01
-7.786962866249099724e-01
-7.609024826812441633e-01
-7.431782809492745168e-01
-7.255288808649794641e-01
-7.079594059659762850e-01
-6.904749018568152596e-01
-6.730803342354749752e-01
-6.557805869819398614e-01
-6.385804603096859600e-01
-6.214846689808840585e-01
-6.044978405860269577e-01
-5.876245138886777575e-01
-5.708691372359604443e-01
-5.542360670353572161e-01
-5.377295662983417879e-01
-5.213538032513066467e-01
-5.051128500141941480e-01
-4.890106813471956082e-01
-4.730511734658077172e-01
-4.572381029245198292e-01
-4.415751455692942806e-01
-4.260658755590172597e-01
-4.107137644227052964e-01
-3.955221803523141233e-01
-3.804943872314128228e-01
-3.656335440661803715e-01
-3.509427043185884831e-01
-3.364248153416387055e-01
-3.220827178830959481e-01
-3.079191456574493779e-01
-2.939367249857711140e-01
-2.801379745031239432e-01
-2.665253049330854052e-01
-2.531010189289362722e-01
-2.398673109810064985e-01
-2.268262674665402490e-01
-2.139798663858390182e-01
-2.013299778195805356e-01
-1.888783641540476010e-01
-1.766266798914836178e-01
-1.645764721762056626e-01
-1.527291812188965037e-01
-1.410861406056260758e-01
-1.296485777966128738e-01
-1.184176146575055266e-01
-1.073942680484118173e-01
-9.657945046968198499e-02
-8.597397076340682065e-02
-7.557853486958016065e-02
-6.539374663583202851e-02
-5.542010867961092574e-02
-4.565802330166020967e-02
-3.610779344961855680e-02
-2.676962373053226596e-02
-1.764362147105759393e-02
-8.729797824093235570e-03
-2.806892057356791259e-05
8.461742934879439015e-03
1.673990802576002385e-02
2.480678794426833395e-02
3.266283427204856593e-02
4.030858722243500780e-02
4.774467424558787726e-02
5.497180859792587249e-02
6.199078787724719708e-02
6.880249252497214196e-02
7.540788429692184269e-02
8.180800470407982583e-02
8.800397342476917739e-02
9.399698668969982962e-02
9.978831564132940868e-02
1.053793046689978086e-01
1.107713697212874271e-01
1.159659965970665924e-01
1.209647392166652846e-01
1.257692178746405431e-01
1.303811174755769020e-01
1.348021857543628688e-01
1.390342314823856951e-01
1.430791226610685085e-01
1.469387847041729867e-01
1.506151986102848561e-01
1.541103991268720497e-01
1.574264729073144020e-01
1.605655566622805341e-01
1.635298353068064259e-01
1.663215401044337571e-01
1.689429468097328191e-01
1.713963738105269696e-01
1.736841802711146798e-01
1.758087642777685644e-01
1.777725609877706114e-01
1.795780407832148207e-01
1.812277074308058789e-01
1.827240962488356768e-01
1.840697722825146154e-01
1.852673284888097793e-01
1.863193839319020884e-01
1.872285819903724835e-01
1.879975885771800193e-01
1.886290903734844093e-01
1.891257930773285467e-01
1.894904196681739539e-01
1.897257086882525867e-01
1.898344125158465678e-01
1.898192957865690311e-01
1.896831335750827630e-01
1.894287098566699856e-01
1.890588158601020086e-01
1.885762484685031826e-01
1.879838086429599653e-01
1.872842998695957162e-01
1.864805266308117715e-01
1.855752929013515518e-01
1.845714006698250531e-01
1.834716484862909114e-01
1.822788300364668601e-01
1.809957327431052643e-01
1.796251363950381874e-01
1.781698118043702483e-01
1.766325195999525199e-01
1.750160085132763388e-01
1.733230147628891105e-01
1.715562603071433545e-01
1.697184521377564370e-01
1.678122805411377261e-01
1.658404183429798007e-01
1.638055197096005278e-01
1.617102190746383394e-01
1.595571300969311490e-01
1.573488446497184889e-01
1.550879318412715924e-01
1.527769370670381266e-01
1.504183810933485133e-01
1.480147591727163370e-01
1.455685401907231280e-01
1.430821658444661748e-01
1.405580498525118571e-01
1.379985771962736474e-01
1.354061033927133062e-01
1.327829537982328223e-01
1.301314229436046632e-01
1.274537738997671421e-01
1.247522376742812300e-01
1.220290126382312101e-01
1.192862639833260907e-01
1.165261232089397497e-01
1.137506876388049981e-01
1.109620199670627583e-01
1.081621478333439357e-01
1.053530634265443244e-01
1.025367231169394266e-01
9.971504711626645590e-02
9.688991916538552962e-02
9.406318624911626236e-02
9.123665833783486945e-02
8.841210815540098689e-02
8.559127097296913289e-02
8.277584442823229804e-02
7.996748836962994100e-02
7.716782472504313262e-02
7.437843739449079283e-02
7.160087216633155560e-02
6.883663665646687357e-02
6.608720027003428532e-02
6.335399418507178804e-02
6.063841135762872842e-02
5.794180654779631373e-02
5.526549636611828575e-02
5.261075933984936392e-02
4.997883599851402070e-02
4.737092897822523657e-02
4.478820314421733811e-02
4.223178573104226230e-02
3.970276649988596640e-02
3.720219791245321650e-02
3.473109532087620410e-02
3.229043717310068479e-02
2.988116523320588636e-02
2.750418481611670990e-02
2.516036503616999459e-02
2.285053906900091220e-02
2.057550442621925574e-02
1.833602324234926209e-02
1.613282257351304760e-02
1.396659471311662709e-02
1.183799748913822412e-02
9.747654630366770628e-03
7.696156083147125473e-03
5.684058367208219206e-03
3.711884934233525973e-03
1.780126534716895692e-03
-1.107584073560662768e-04
-1.960343412458440474e-03
-3.768233556543861516e-03
-5.534065075578697285e-03
-7.257504964006974632e-03
-8.938250567561740675e-03
-1.057602917083105311e-02
-1.217059757996728775e-02
-1.372174170092740550e-02
-1.522927611361207453e-02
-1.669304364341501687e-02
-1.811291492340766363e-02
-1.948878796591555634e-02
-2.082058771842874856e-02
-2.210826569290013505e-02
-2.335179917712203526e-02
-2.455119154788269753e-02
-2.570647079594121087e-02
-2.681769009891305997e-02
-2.788492662789955959e-02
-2.890828143555014204e-02
-2.988787893834896764e-02
-3.082386646614148143e-02
-3.171641381156790201e-02
-3.256571277960534222e-02
-3.337197673740803505e-02
-3.413544016462213837e-02
-3.485635820434308113e-02
-3.553500621487152428e-02
-3.617167932241541900e-02
-3.676669197487195812e-02
-3.732037749681512556e-02
-3.783308764580760319e-02
-3.830519217013919619e-02
-3.873707836809103106e-02
-3.912915064881410804e-02
-3.948183009489839024e-02
-3.979555402670560682e-02
-4.007077556852664535e-02
-4.030796321661747617e-02
-4.050760040916243782e-02
-4.067018509820054251e-02
-4.079622932355156384e-02
-4.088625878876329944e-02
-4.094081243910312889e-02
-4.096044204160437241e-02
-4.094571176717751171e-02
-4.089719777478714041e-02
-4.081548779769265251e-02
-4.070118073174693735e-02
-4.055488622573936303e-02
-4.037722427377114093e-02
-4.016882480964173441e-02
-3.993032730322634838e-02
-3.966238035881898549e-02
-3.936564131541648442e-02
-3.904077584891096908e-02
-3.868845757616385522e-02
-3.830936766092721962e-02
-3.790419442158049490e-02
-3.747363294064874617e-02
-3.701838467606933386e-02
-3.653915707417179637e-02
-3.603666318433925569e-02
-3.551162127531663076e-02
-3.496475445313624447e-02
-3.439679028062844757e-02
-3.380846039848917767e-02
-3.320050014787733622e-02
-3.257364819451818994e-02
-3.192864615428891301e-02
-3.126623822026843719e-02
-3.058717079123387389e-02
-2.989219210159046319e-02
-2.918205185272593205e-02
-2.845750083737066602e-02
-2.771929060730960598e-02
-2.696817305890187449e-02
-2.620490010335596240e-02
-2.543022329692010142e-02
-2.464489348079506453e-02
-2.384966042251835533e-02
-2.304527245884139403e-02
-2.223247614013395407e-02
-2.141201587634751491e-02
-2.058463358458139519e-02
-1.975106833829474648e-02
-1.891205601821756288e-02
-1.806832896501838620e-02
-1.722061563378743387e-02
-1.636964025040869505e-02
-1.551612246989007154e-02
-1.466077704493096157e-02
-1.380431345545127253e-02
-1.294743562298684633e-02
-1.209084154443363680e-02
-1.123522296982982886e-02
-1.038126507430428558e-02
-9.529646132655731142e-03
-8.681037196680190318e-03
-7.836101780168499079e-03
-6.995495524462227999e-03
-6.159865908905867715e-03
-5.329851916475652346e-03
-4.506083766279499192e-03
-3.689182558055784794e-03
-2.879760005611528909e-03
-2.078418133054234576e-03
-1.285748982951050168e-03
-5.023343286696558413e-04
2.712546089274989886e-04
1.034457440272229176e-03
1.786724881184672056e-03
2.527519022102700519e-03
3.256313592264668128e-03
3.972594218668237462e-03
4.675858679622196812e-03
5.365617152707648219e-03
6.041392456963546459e-03
6.702720289110284876e-03
7.349149453623683888e-03
7.980242086472790972e-03
8.595573872331178228e-03
9.194734255076105617e-03
9.777326641386680992e-03
1.034296859725372664e-02
1.089129203721581410e-02
1.142194340613679471e-02
1.193458385334087053e-02
1.242888939892535134e-02
1.290455109207029778e-02
1.336127516117112564e-02
1.379878315561778451e-02
1.421681207905286203e-02
1.461511451394099242e-02
1.499345873728586201e-02
1.535162882733785358e-02
1.568942476113721618e-02
1.600666250274335525e-02
1.630317408200686324e-02
1.657880766374484824e-02
1.683342760718658376e-02
1.706691451556295591e-02
1.727916527571833616e-02
1.747009308763117913e-02
1.763962748373581330e-02
1.778771433794526166e-02
1.791431586428193778e-02
1.801941060503183326e-02
1.810299340834385304e-02
1.816507539520569037e-02
1.820568391573448852e-02
1.822486249473101450e-02
1.822267076645252976e-02
1.819918439856981277e-02
1.815449500528292653e-02
1.808871004957906398e-02
1.800195272510952266e-02
1.789436187487802171e-02
1.776609180355826628e-02
1.761731217465910618e-02
1.744820784898723498e-02
1.725897872194839811e-02
1.704983955014732419e-02
1.682101976734713678e-02
1.657276329814928381e-02
1.630532831146749850e-02
1.601898708791425069e-02
1.571402571116195523e-02
1.539074387343392428e-02
1.504945462122467097e-02
1.469048409939214053e-02
1.431417128548052864e-02
1.392086771442752405e-02
1.351093719966644721e-02
1.308475551541150514e-02
1.264271012957446372e-02
1.218519986743941616e-02
1.171263459713214362e-02
1.122543490045663922e-02
1.072403173548285536e-02
1.020886609111600063e-02
9.680388633892264907e-03
9.139059347252582316e-03
8.585347163551198743e-03
8.019729589074498996e-03
7.442692364349814960e-03
6.854728909308252863e-03
6.256340132396230255e-03
5.648034043813162861e-03
5.030325126480268520e-03
4.403734099905997831e-03
3.768787461100001068e-03
3.126017064269213247e-03
2.475959696284644324e-03
1.819156648259974939e-03
1.156153283586675018e-03
4.874986027786033446e-04
-1.862551945191739597e-04
-8.645531499980301654e-04
-1.546837989261607219e-03
-2.232550566147263431e-03
-2.921130308415359304e-03
-3.612015664436613906e-03
-4.304644550498163379e-03
-4.998454798347503822e-03
-5.692884602596903418e-03
-6.387372967601501195e-03
-7.081360153429261568e-03
-7.774288120539216487e-03
-8.465600972780198616e-03
-9.154745398330464690e-03
-9.841171108188993474e-03
-1.052433127183987314e-02
-1.120368294970685609e-02
-1.187868752201720265e-02
-1.254881111369998171e-02
-1.321352501494256829e-02
-1.387230609703377082e-02
-1.452463722312670631e-02
-1.517000765355475296e-02
-1.580791344534434803e-02
-1.643785784556472604e-02
-1.705935167816872641e-02
-1.767191372397721588e-02
-1.827507109346840353e-02
-1.886835959204120547e-02
-1.945132407742340697e-02
-2.002351880890890223e-02
-2.058450778810964887e-02
-2.113386509091817744e-02
-2.167117519038737339e-02
-2.219603327023445330e-02
-2.270804552869533366e-02
-2.320682947245557293e-02
-2.369201420039764722e-02
-2.416324067691527980e-02
-2.462016199454866716e-02
-2.506244362571459494e-02
-2.548976366040247438e-02
-2.590181304725592409e-02
-2.629829579326260769e-02
-2.667892918197054680e-02
-2.704344396447565246e-02
-2.739158454144467736e-02
-2.772310913291336359e-02
-2.803778993572124401e-02
-2.833541326844950248e-02
-2.861577970374774155e-02
-2.887870418794225708e-02
-2.912401614783365761e-02
-2.935155958460418726e-02
-2.956119315476540138e-02
-2.975279023809420526e-02
-2.992623899251291991e-02
-3.008144239588498442e-02
-3.021831827412255894e-02
-3.033679931895617160e-02
-3.043683308743356380e-02
-3.051838199316195960e-02
-3.058142328229065607e-02
-3.062594899691324299e-02
-3.065196592554324945e-02
-3.065949554073620770e-02
-3.064857392394739616e-02
-3.061925167771932521e-02
-3.057159382531667025e-02
-3.050567969792650908e-02
-3.042160280956458449e-02
-3.031947071983276051e-02
-3.019940488468841888e-02
-3.006154050954088636e-02
-2.990602632151544843e-02
-2.973302446562789414e-02
-2.954271023880608582e-02
-2.933527196920843877e-02
-2.911091069165784237e-02
-2.886983999004672646e-02
-2.861228574216165277e-02
-2.833848587161588023e-02
-2.804869008999789567e-02
-2.774315962951482556e-02
-2.742216696641264911e-02
-2.708599553546848712e-02
-2.673493943585536839e-02
-2.636930312868905613e-02
-2.598940112657428803e-02
-2.559555767547345290e-02
-2.518810642923068749e-02
-2.476739011708646229e-02
-2.433376020452846650e-02
-2.388757654782621559e-02
-2.342920704260547521e-02
-2.295902726682150230e-02
-2.247742011849417076e-02
-2.198477544857579263e-02
-2.148148968932038494e-02
-2.096796547853288853e-02
-2.044461128007324727e-02
-1.991184100099902335e-02
-1.937007360572783055e-02
-1.881973272760319171e-02
-1.826124627825110106e-02
-1.769504605511345099e-02
-1.712156734754340104e-02
-1.654124854185217569e-02
-1.595453072569142164e-02
-1.536185729215703254e-02
-1.476367354400082502e-02
-1.416042629832811248e-02
-1.355256349216672242e-02
-1.294053378928095369e-02
-1.232478618860861734e-02
-1.170576963469049936e-02
-1.108393263046150538e-02
-1.045972285276730931e-02
-9.833586770965345447e-03
-9.205969268964374688e-03
-8.577313271052797866e-03
-7.948059371859453326e-03
-7.318645470783360571e-03
-6.689506407253254135e-03
-6.061073620917333329e-03
-5.433774777793061450e-03
-4.808033441519555910e-03
-4.184268731067430219e-03
-3.562894988706208528e-03
-2.944321454610956262e-03
-2.328951948388031414e-03
-1.717184557788287852e-03
-1.109411334871131943e-03
-5.060179998665967349e-04
9.261634701715135143e-05
6.861195056123729416e-04
1.274126447412525856e-03
1.856279578581861850e-03
2.432228994154081794e-03
3.001632723224986581e-03
3.564156961775442022e-03
4.119476312232659386e-03
4.667273981013451457e-03
5.207241999209111759e-03
5.739081416923521792e-03
6.262502491021657014e-03
6.777224862837079658e-03
7.282977725735173720e-03
7.779499982441017043e-03
8.266540392049982061e-03
8.743857706654131756e-03
9.211220797525513510e-03
9.668408770811626196e-03
1.011521107270920566e-02
1.055142758409095827e-02
1.097686870457812228e-02
1.139135542605563406e-02
1.179471939564227800e-02
1.218680296813934825e-02
1.256745923568064124e-02
1.293655210958537943e-02
1.329395626431886801e-02
1.363955720994715695e-02
1.397325124192605461e-02
1.429494548911297049e-02
1.460455785465276067e-02
1.490201699651742991e-02
1.518726228807846385e-02
1.546024376897760060e-02
1.572092208643270303e-02
1.596926842712654768e-02
1.620526443983495019e-02
1.642890214895810150e-02
1.664018385913142856e-02
1.683912205109526147e-02
1.702573926901691445e-02
1.720006799946051032e-02
1.736215054221225407e-02
1.751203887317386715e-02
1.764979449954416982e-02
1.777548830751531778e-02
1.788920040271801612e-02
1.799101994365361057e-02
1.808104496835925140e-02
1.815938221455593374e-02
1.822614693353553222e-02
1.828146269804623025e-02
1.832546120444275214e-02
1.835828206936792467e-02
1.838007262124105590e-02
1.839098768682606577e-02
1.839118937316099045e-02
1.838084684512896610e-02
1.836013609895547141e-02
1.832923973191782907e-02
1.828834670855458353e-02
1.823765212366376676e-02
1.817735696238023668e-02
1.810766785762209230e-02
1.802879684519769626e-02
1.794096111686319106e-02
1.784438277162163008e-02
1.773928856555199302e-02
1.762590966045742003e-02
1.750448136518978001e-02
1.737524290874859628e-02
1.723843714782644435e-02
1.709431033997962229e-02
1.694311188397998325e-02
1.678509406732583975e-02
1.662051181452843529e-02
1.644962243644468650e-02
1.627268538091834749e-02
1.608996198498740746e-02
1.590171522891643124e-02
1.570820949229910155e-02
1.550971031247903344e-02
1.530648414552735967e-02
1.509879813000929161e-02
1.488691985377153630e-02
1.467111712396805892e-02
1.445165774135638223e-02
1.422880927379658982e-02
1.400283884333454118e-02
1.377401290684310275e-02
1.354259704656033542e-02
1.330885576385426594e-02
1.307305227759440053e-02
1.283544832729615996e-02
1.259630398119770782e-02
1.235587744941873262e-02
1.211442490234429688e-02
1.187220029436988379e-02
1.162945519313033672e-02
1.138643861433561062e-02
1.114339686231923671e-02
1.090057337640347457e-02
1.065820858317278498e-02
1.041653975474029353e-02
1.017580087308371690e-02
9.936222500517087608e-03
9.698031656358092195e-03
9.461451699840254387e-03
9.226702219311782097e-03
8.993998927754681683e-03
8.763553563838240301e-03
8.535573804205253898e-03
8.310263169889059442e-03
8.087820955526375810e-03
7.868442152465406417e-03
7.652317383312078752e-03
7.439632841886454490e-03
7.230570239475438143e-03
7.025306757326569770e-03
6.824015005333692804e-03
6.626862986855799192e-03
6.434014069606983424e-03
6.245626962543892463e-03
6.061855698672988929e-03
5.882849623692234034e-03
5.708753390371973033e-03
5.539706958578810223e-03
5.375845600833104379e-03
5.217299913290221122e-03
5.064195832026279973e-03
4.916654654504394595e-03
4.774793066089678267e-03
4.638723171480896301e-03
4.508552530914061718e-03
4.384384200995895126e-03
4.266316780013794038e-03
4.154444457569647295e-03
4.048857068375533858e-03
3.949640150050224771e-03
3.856875004749116959e-03
3.770638764454534164e-03
3.691004459756805009e-03
3.618041091943623513e-03
3.551813708223158089e-03
3.492383479895673493e-03
3.439807783289653212e-03
3.394140283278047204e-03
3.355431019183131511e-03
3.323726492883717284e-03
3.299069758932973717e-03
3.281500516494685257e-03
3.271055204916092918e-03
3.267767090333856261e-03
3.271666375042191210e-03
3.282780285673905438e-03
3.301133173716986474e-03
3.326746614331967458e-03
3.359639505645347843e-03
3.399828168333323547e-03
3.447326445305850043e-03
3.502145801306469006e-03
3.564295422245088163e-03
3.633782314080983775e-03
3.710611401078034444e-03
3.794785623256155191e-03
3.886306032865383120e-03
3.985171889713264026e-03
4.091380755176976872e-03
4.204928588089244107e-03
4.325809822463664786e-03
4.454017476016312524e-03
4.589543224631609936e-03
4.732377490550524965e-03
4.882509525216464225e-03
5.039927489751650294e-03
5.204618532932072869e-03
5.376568866534382415e-03
5.555763837931026669e-03
5.742187999818236174e-03
5.935825176964603170e-03
6.136658529874786105e-03
6.344670615268482167e-03
6.559843443280357830e-03
6.782158531292745846e-03
7.011596954319418776e-03
7.248139391863993308e-03
7.491766171184051706e-03
7.742457306896417465e-03
8.000192536867845039e-03
8.264951354339728981e-03
8.536713036243604932e-03
8.815456667668506580e-03
9.101161162450719516e-03
9.393805279860520038e-03
9.693367637368388579e-03
9.999826739391344879e-03
1.031316089985405068e-02
1.063334837064757420e-02
1.096036723931601009e-02
1.129419549444040348e-02
1.163481093614559050e-02
1.198219121671932619e-02
1.233631380766577780e-02
1.269715597746517294e-02
1.306469476559478024e-02
1.343890695286199810e-02
1.381976902811074201e-02
1.420725715136461273e-02
1.460134711348013044e-02
1.500201429238449610e-02
1.540923360598242531e-02
1.582297946181956613e-02
1.624322570359684748e-02
1.666994555463332389e-02
1.710311155838314945e-02
1.754269551611587971e-02
1.798866842187332726e-02
1.844100039482319750e-02
1.889966060913126841e-02
1.936461722148168779e-02
1.983583729637739337e-02
2.031328672935502760e-02
2.079693016825771845e-02
2.128673093270595784e-02
2.178265093191682905e-02
2.228465058102089419e-02
2.279268871603075050e-02
2.330672250761828962e-02
2.382670737386006349e-02
2.435259689211253381e-02
2.488434271018161864e-02
2.542189445695395081e-02
2.596519965265651347e-02
2.651420362557510915e-02
2.706884939549664484e-02
2.762907762367571018e-02
2.819482649687126211e-02
2.876603164492418443e-02
2.934262605240798433e-02
2.992453997112508660e-02
3.051170083361983559e-02
3.110403316788946243e-02
3.170145851346284349e-02
3.230389533902693067e-02
3.291125896177150845e-02
3.352346146862854315e-02
3.414041163957633879e-02
3.476201487318084787e-02
3.538817311454393183e-02
3.601878478582287019e-02
3.665374471504927179e-02
3.729294409038537428e-02
3.793627037174578109e-02
3.858360725194887042e-02
3.923483459779768256e-02
3.988982839944104491e-02
4.054846072341217189e-02
4.121059966949716658e-02
4.187610933157194515e-02
4.254484976254832573e-02
4.321667694356463862e-02
4.389144275755123975e-02
4.456899496729923443e-02
4.524917719815241962e-02
4.593182892544449281e-02
4.661678546679012825e-02
4.730387797934273303e-02
4.799293346211958022e-02
4.868377476349496080e-02
4.937622059395082447e-02
5.007008554417980567e-02
5.076518010861394425e-02
5.146131071446345684e-02
5.215827975633374747e-02
5.285588563648344756e-02
5.355392281078884265e-02
5.425218184046137065e-02
5.495044944957103161e-02
5.564850858841324105e-02
5.634613850275480701e-02
5.704311480899013076e-02
5.773920956971431012e-02
5.843419140815644952e-02
5.912782554589210426e-02
5.981987396001792190e-02
6.051009545272825751e-02
6.119824577620210787e-02
6.188407774487986873e-02
6.256734135906881489e-02
6.324778393349070327e-02
6.392515023166983612e-02
6.459918260611102747e-02
6.526962114422407701e-02
6.593620381993305080e-02
6.659866665091025706e-02
6.725674386136364091e-02
6.791016805030118675e-02
6.855867036519101843e-02
6.920198068092565935e-02
6.983982778399634717e-02
7.047193956177449925e-02
7.109804319679303986e-02
7.171786536591097383e-02
7.233113244424356492e-02
7.293757071372679313e-02
7.353690657618931759e-02
7.412886677078732445e-02
7.471317859566045660e-02
7.528957013366055495e-02
7.585777048199233985e-02
7.641750998561067099e-02
7.696852047420102427e-02
7.751053550257824831e-02
7.804329059432013604e-02
7.856652348845843958e-02
7.907997437741245972e-02
7.958338620614896497e-02
8.007650485589513922e-02
8.055907944886202265e-02
8.103086259528682889e-02
8.149161065436741347e-02
8.194108399684681132e-02
8.237904726903191865e-02
8.280526965802706418e-02
8.321952515795470740e-02
8.362159283693916534e-02
8.401125710461855578e-02
8.438830797995501565e-02
8.475254135910265108e-02
8.510375928309736604e-02
8.544177020512452869e-02
8.576638925712011530e-02
8.607743851740562446e-02
8.637474726677367431e-02
8.665815226527584514e-02
8.692749800390663084e-02
8.718263696676055441e-02
8.742342988840999529e-02
8.764974600886485390e-02
8.786146332585433039e-02
8.805846884417770082e-02
8.824065882186482579e-02
8.840793901289517587e-02
8.856022490621520693e-02
8.869744196080095455e-02
8.881952583651145372e-02
8.892642262047563417e-02
8.901808904876250261e-02
8.909449272308224421e-02
8.915561232226557054e-02
8.920143780827609337e-02
8.923197062650398137e-02
8.924722390009931505e-02
8.924722261809993340e-02
8.923200381711685059e-02
8.920161675633356269e-02
8.915612308559177357e-02
8.909559700632448120e-02
8.902012542511279769e-02
8.892980809964065592e-02
8.882475777682496965e-02
8.870510032290397640e-02
8.857097484527064191e-02
8.842253380584511047e-02
8.825994312577487011e-02
8.808338228127170211e-02
8.789304439038334027e-02
8.768913627318503101e-02
8.747187858988696163e-02
8.724150579330941513e-02
8.699826626368155347e-02
8.674242226885717222e-02
8.647425008521483769e-02
8.619403995357877157e-02
8.590209610293964015e-02
8.559873674780360542e-02
8.528429407484430791e-02
8.495911421872534564e-02
8.462355722697786908e-02
8.427799701381354092e-02
8.392282130276779162e-02
8.355843155807619882e-02
8.318524290468956583e-02
8.280368403684498779e-02
8.241419711511949187e-02
8.201723765189494753e-02
8.161327438517677890e-02
8.120278914071762943e-02
8.078627668239739268e-02
8.036424455083457374e-02
7.993721289019514731e-02
7.950571426319057167e-02
7.907029345424906874e-02
7.863150726087118902e-02
7.818992427317361660e-02
7.774612464164504244e-02
7.730069983314122317e-02
7.685425238185247809e-02
7.640739559465965780e-02
7.596075331370552575e-02
7.551495959763833421e-02
7.507065842674937040e-02
7.462850338955880070e-02
7.418915735811512646e-02
7.375329215211495759e-02
7.332158819195544464e-02
7.289473414085101410e-02
7.247342653614204100e-02
7.205836940995043183e-02
7.165027389932905610e-02
7.124985784607405781e-02
7.085784538637657226e-02
7.047496653049242776e-02
7.010195673263126814e-02
6.973955645195994979e-02
6.938851070109341990e-02
6.904956859106095579e-02
6.872348286243695759e-02
6.841100940991562407e-02
6.811290679811730919e-02
6.782993576924455092e-02
6.756285874285261617e-02
6.731243930801655839e-02
6.707944170818413987e-02
6.686463031901034026e-02
6.666876911948002582e-02
6.649262115663744088e-02
6.633694800423949045e-02
6.620250921567208402e-02
6.609006177146405092e-02
6.600035952175033194e-02
6.593415262404035693e-02
6.589218697665301383e-02
6.587520364819363095e-02
6.588393830344893565e-02
6.591912062608711043e-02
6.598147373855592357e-02
6.607171361957792088e-02
6.619054851965078257e-02
6.633867837496223996e-02
6.651679422014117327e-02
6.672557760026592844e-02
6.696569998256379774e-02
6.723782216823107061e-02
6.754259370481915936e-02
6.788065229962719771e-02
6.825262323455343061e-02
6.865911878285521630e-02
6.910073762827810551e-02
6.957806428701066026e-02
7.009166853293291588e-02
7.064210482662147683e-02
7.122991174858062102e-02
7.185561145351573864e-02
7.251970904409610341e-02
7.322269212127821558e-02
7.396503019943134749e-02
7.474717412584611087e-02
7.556955559476913331e-02
7.643258661113039309e-02
7.733665897466884820e-02
7.828214377256315082e-02
7.926939088104228981e-02
8.029872847645003198e-02
8.137046255623625601e-02
8.248487647034372094e-02
8.364223046345652113e-02
8.484276122857672964e-02
8.608668147238751622e-02
8.737417949285827823e-02
8.870541876954925187e-02
9.008053756705908244e-02
9.149964855205841574e-02
9.296283842434910349e-02
9.447016756237872070e-02
9.602166968363860799e-02
9.761735152035512508e-02
9.925719251090094064e-02
1.009411445073147146e-01
1.026691315053874093e-01
1.044410493613293911e-01
1.062567655864249949e-01
1.081161190985775178e-01
1.100189200222490421e-01
1.119649495006809214e-01
1.139539595268157790e-01
1.159856727932431913e-01
1.180597825614871921e-01
1.201759525509559362e-01
1.223338168478221161e-01
1.245329798341473504e-01
1.267730161374935050e-01
1.290534706012940735e-01
1.313738582762274398e-01
1.337336644328090685e-01
1.361323445954344402e-01
1.385693245964343401e-01
1.410440006606134555e-01
1.435557394935342290e-01
1.461038784111467204e-01
1.486877254816723060e-01
1.513065596920152023e-01
1.539596311367006920e-01
1.566461612294426375e-01
1.593653429374136954e-01
1.621163410382703285e-01
1.648982923999822714e-01
1.677103062834865987e-01
1.705514646681714486e-01
1.734208226001772712e-01
1.763174085634909849e-01
1.792402248737751669e-01
1.821882480948812111e-01
1.851604294779470583e-01
1.881556954229791911e-01
1.911729479628075101e-01
1.942110652692562445e-01
1.972689021813840426e-01
2.003452907556085849e-01
2.034390408375136849e-01
2.065489406551312690e-01
2.096737574334590348e-01
2.128122380299475869e-01
2.159631095907049714e-01
2.191250802271007825e-01
2.222968397124732987e-01
2.254770601986056389e-01
2.286643969516164443e-01
2.318574891068961308e-01
2.350549604427052408e-01
2.382554201720289422e-01
2.414574637522487466e-01
2.446596737122154752e-01
2.478606204962357507e-01
2.510588633245036116e-01
2.542529510694901407e-01
2.574414231477512582e-01
2.606228104266595236e-01
2.637956361286105667e-01
2.669584168375320754e-01
2.701096633332141783e-01
2.732478816364545260e-01
2.763715739389200343e-01
2.794792396260434852e-01
2.825693762417928467e-01
2.856404805020895110e-01
2.886910493090787955e-01
2.917195807741211899e-01
2.947245752488031334e-01
2.977045363632576103e-01
3.006579720710678694e-01
3.035833957000304006e-01
3.064793270080192755e-01
3.093442932431990644e-01
3.121768302078249402e-01
3.149754833248437080e-01
3.177388087065212696e-01
3.204653742242934977e-01
3.231537605790448797e-01
3.258025623709995267e-01
3.284103891499879357e-01
3.309758665564570546e-01
3.334976372728729599e-01
3.359743621593920260e-01
3.384047212904587876e-01
3.407874150050747009e-01
3.431211649508618122e-01
3.454047151210868360e-01
3.476368328837953769e-01
3.498163100022019245e-01
3.519419636455067835e-01
3.540126373892816258e-01
3.560272022045758433e-01
3.579845574349210802e-01
3.598836317603647528e-01
3.617233841477331957e-01
3.635028047862592926e-01
3.652209160115059694e-01
3.668767731932979226e-01
3.684694656481234398e-01
3.699981174900101588e-01
3.714618884855841463e-01
3.728599748848706597e-01
3.741916102318471049e-01
3.754560661539809718e-01
3.766526531299848046e-01
3.777807212350524635e-01
3.788396608628402107e-01
3.798289034234657580e-01
3.807479220168327183e-01
3.815962320805748043e-01
3.823733920119587459e-01
3.830790037630703582e-01
3.837127134086537605e-01
3.842742116859709234e-01
3.847632345060781334e-01
3.851795634359281295e-01
3.855230261507284206e-01
3.857934968560130518e-01
3.859908966788870854e-01
3.861151940279496930e-01
3.861664049214049710e-01
3.861445932828920236e-01
3.860498712046060987e-01
3.858823991772867279e-01
3.856423862866773522e-01
3.853300903761030516e-01
3.849458181748033336e-01
3.844899253917228865e-01
3.839628167744538190e-01
3.833649461330719266e-01
3.826968163286275093e-01
3.819589792260833505e-01
3.811520356115035701e-01
3.802766350733566836e-01
3.793334758477909796e-01
3.783233046277861833e-01
3.772469163361181765e-01
3.761051538620849843e-01
3.748989077619938604e-01
3.736291159234124137e-01
3.722967631932448951e-01
3.709028809697030860e-01
3.694485467582752647e-01
3.679348837313539122e-01
3.663630600541007420e-01
3.647342885719894734e-01
3.630498260265827559e-01
3.613109726273729394e-01
3.595190711654369653e-01
3.576755064768106784e-01
3.557817046793296245e-01
3.538391324143548289e-01
3.518492960552117021e-01
3.498137408827855510e-01
3.477340502287197266e-01
3.456118445867250033e-01
3.434487806925125009e-01
3.412465505729011528e-01
3.390068805646854200e-01
3.367315303038508345e-01
3.344222916857920724e-01
3.320809878176690377e-01
3.297094718398308477e-01
3.273096259283891918e-01
3.248833600619436823e-01
3.224326108684302250e-01
3.199593404260313578e-01
3.174655350402411091e-01
3.149532039979086040e-01
3.124243782991142915e-01
3.098811093677673045e-01
3.073254677418138514e-01
3.047595417439863397e-01
3.021854361340311490e-01
2.996052707433693452e-01
2.970211790931870377e-01
2.944353069969296577e-01
2.918498111482281665e-01
2.892668576902293620e-01
2.866886207986976132e-01
2.841172811992147551e-01
2.815550247304124953e-01
2.790040408687756712e-01
2.764665212512916748e-01
2.739446581910409684e-01
2.714406431868341962e-01
2.689566654280433622e-01
2.664949102957523408e-01
2.640575578613728602e-01
2.616467813838878054e-01
2.592647458068587651e-01
2.569136062563800449e-01
2.545955065411289464e-01
2.523125776556865985e-01
2.500669362882979030e-01
2.478606833342311411e-01
2.456959024159138250e-01
2.435746584110098922e-01
2.414989959896005345e-01
2.394709381616267896e-01
2.374924848357501395e-01
2.355656113907877436e-01
2.336922672608487406e-01
2.318743745353284424e-01
2.301138265748691181e-01
2.284124866444084967e-01
2.267721865644271306e-01
2.251947253814802763e-01
2.236818680591024511e-01
2.222353441901497306e-01
2.208568467316239514e-01
2.195480307630322536e-01
2.183105122692830524e-01
2.171458669491387328e-01
2.160556290501957633e-01
2.150412902313609820e-01
2.141042984537680216e-01
2.132460569010626861e-01
2.124679229299413774e-01
2.117712070518447398e-01
2.111571719466351360e-01
2.106270315091059442e-01
2.101819499291179005e-01
2.098230408061416974e-01
2.095513662989611503e-01
2.093679363112569691e-01
2.092737077137650503e-01
2.092695836036790602e-01
2.093564126019339111e-01
2.095349881309075402e-01
2.098060480174039621e-01
2.101702736373072533e-01
2.106282893290338798e-01
2.111806622201126415e-01
2.118279015105632435e-01
2.125704581127240977e-01
2.134087242707399801e-01
2.143430332222311385e-01
2.153736589024578540e-01
2.165008156912538451e-01
2.177246582029698507e-01
2.190452811196284266e-01
2.204627190674699477e-01
2.219769465274600284e-01
2.235878778376141907e-01
2.252953671417321224e-01
2.270992084799654254e-01
2.289991358735890548e-01
2.309948234633892039e-01
2.330858856916181998e-01
2.352718775273889562e-01
2.375522947414945574e-01
2.399265741874416491e-01
2.423940942175478730e-01
2.449541750186874645e-01
2.476060790825554969e-01
2.503490116809862220e-01
2.531821213890295130e-01
2.561045006491917686e-01
2.591151863764237784e-01
2.622131606063563547e-01
2.653973511681372299e-01
2.686666324273593864e-01
2.720198260361633702e-01
2.754557017374105188e-01
2.789729782029872207e-01
2.825703239088281915e-01
2.862463580459598256e-01
2.899996514668486958e-01
2.938287276662583380e-01
2.977320637958790761e-01
3.017080917118527550e-01
3.057551990543946330e-01
3.098717303586183136e-01
3.140559881956657695e-01
3.183062343432373487e-01
3.226206909845477644e-01
3.269975419347697643e-01
3.314349338939465150e-01
3.359309777253631224e-01
3.404837497583689809e-01
3.450912931145525553e-01
3.497516190562384719e-01
3.544627083561762704e-01
3.592225126873485608e-01
3.640289560317556683e-01
3.688799361070280725e-01
3.737733258097510336e-01
3.787069746742897647e-01
3.836787103459712300e-01
3.886863400674323565e-01
3.937276521769106363e-01
3.988004176173149951e-01
4.039023914548219851e-01
4.090313144058032035e-01
4.141849143708590808e-01
4.193609079747101509e-01
4.245570021107462066e-01
4.297708954889739030e-01
4.350002801861286850e-01
4.402428431967511657e-01
4.454962679839489237e-01
4.507582360286496170e-01
4.560264283761079618e-01
4.612985271784288410e-01
4.665722172319332617e-01
4.718451875081181024e-01
4.771151326770270984e-01
4.823797546218511201e-01
4.876367639435461587e-01
4.928838814543548552e-01
4.981188396590044976e-01
5.033393842225097892e-01
5.085432754233896180e-01
5.137282896000102683e-01
5.188922205425319234e-01
5.240328809296604939e-01
5.291481036687427641e-01
5.342357433667572764e-01
5.392936775262140436e-01
5.443198079581099691e-01
5.493120620587028657e-01
5.542683940837651591e-01
5.591867863979871345e-01
5.640652506986263415e-01
5.689018292050693759e-01
5.736945958582621019e-01
5.784416574168488312e-01
5.831411545993554491e-01
5.877912631587779435e-01
5.923901949340713013e-01
5.969361988702664990e-01
6.014275620065179240e-01
6.058626104314407401e-01
6.102397102050804989e-01
6.145572682469553349e-01
6.188137331895842141e-01
6.230075961969705478e-01
6.271373917475415727e-01
6.312016983810834203e-01
6.351991394092393328e-01
6.391283835891506948e-01
6.429881457618433771e-01
6.467771874428630552e-01
6.504943173965043179e-01
6.541383921494978715e-01
6.577083164780792579e-01
6.612030438541015576e-01
6.646215768524543765e-01
6.679629675196738781e-01
6.712263177036593698e-01
6.744107793444242827e-01
6.775155547258751021e-01
6.805398966886281320e-01
6.834831088038967328e-01
6.863445455085632751e-01
6.891236122015108601e-01
6.918197653013948845e-01
6.944325122660239824e-01
6.969614115735666138e-01
6.994060726658219984e-01
7.017661558538698108e-01
7.040413721863609808e-01
7.062314832808346265e-01
7.083363011184132807e-01
7.103556878022900811e-01
7.122895552804447972e-01
7.141378650330461042e-01
7.159006277250398176e-01
7.175779028244400060e-01
7.191697981868829803e-01
7.206764696069966059e-01
7.220981203372257573e-01
7.234350005746985612e-01
7.246874069168240950e-01
7.258556817862684696e-01
7.269402128260401552e-01
7.279414322653734448e-01
7.288598162571893191e-01
7.296958841878679047e-01
7.304501979601472073e-01
7.311233612499274948e-01
7.317160187378208835e-01
7.322288553162858982e-01
7.326625952731917746e-01
7.330180014526984644e-01
7.332958743943398527e-01
7.334970514511951478e-01
7.336224058880858045e-01
7.336728459607083641e-01
7.336493139766284699e-01
7.335527853391241582e-01
7.333842675747905826e-01
7.331447993458770629e-01
7.328354494483577675e-01
7.324573157966711712e-01
7.320115243961307083e-01
7.314992283039951637e-01
7.309216065801751316e-01
7.302798632285680824e-01
7.295752262036425684e-01
7.288089459678528392e-01
7.279822952083443433e-01
7.270965667083276740e-01
7.261530732366879848e-01
7.251531457681261728e-01
7.240981326926402284e-01
7.229893986742319534e-01
7.218283234795772607e-01
7.206163009898896021e-01
7.193547380300885363e-01
7.180450532929251173e-01
7.166886762476931683e-01
7.152870460530884600e-01
7.138416104751247326e-01
7.123538248109865245e-01
7.108251508197190871e-01
7.092570556606001553e-01
7.076510108400400068e-01
7.060084911678695674e-01
7.043309737237842816e-01
7.026199368348071683e-01
7.008768590644869345e-01
6.991032182146259544e-01
6.973004903377720831e-01
6.954701487773959911e-01
6.936136631931495433e-01
6.917324986332905601e-01
6.898281146061711055e-01
6.879019641719973377e-01
6.859554930518685367e-01
6.839901387547122624e-01
6.820073297226433295e-01
6.800084844953205865e-01
6.779950108938165299e-01
6.759683052244750412e-01
6.739297515032623975e-01
6.718807207010173421e-01
6.698225700100597368e-01
6.677566421325156210e-01
6.656842645907474765e-01
6.636067490602339802e-01
6.615253907251976706e-01
6.594414676572908363e-01
6.573562402175823216e-01
6.552709504820988240e-01
6.531868216911260738e-01
6.511050577224479774e-01
6.490268425886830395e-01
6.469533399588593969e-01
6.448856927043185028e-01
6.428250224690377213e-01
6.407724292644141340e-01
6.387289910885536326e-01
6.366957635700418727e-01
6.346737796361980877e-01
6.326640492057455933e-01
6.306675589058361453e-01
6.286852718133203455e-01
6.267181272201498565e-01
6.247670404227589902e-01
6.228329025352677961e-01
6.209165803262903793e-01
6.190189160791621514e-01
6.171407274753291095e-01
6.152828075006455677e-01
6.134459243743052292e-01
6.116308215000935133e-01
6.098382174396577149e-01
6.080688059074377261e-01
6.063232557869063788e-01
6.046022111677430422e-01
6.029062914035474563e-01
6.012360911896657001e-01
5.995921806607211746e-01
5.979751055073967425e-01
5.963853871119983996e-01
5.948235227023432881e-01
5.932899855234794462e-01
5.917852250267173764e-01
5.903096670754945929e-01
5.888637141675149289e-01
5.874477456726492353e-01
5.860621180860352553e-01
5.847071652958339971e-01
5.833831988650682865e-01
5.820905082185922064e-01
5.808293613907039576e-01
5.796000046782473492e-01
5.784026634984144044e-01
5.772375423141081763e-01
5.761048254517759926e-01
5.750046771513857014e-01
5.739372420195867353e-01
5.729026454118568701e-01
5.719009938227892498e-01
5.709323752838889598e-01
5.699968597682864013e-01
5.690944996017397450e-01
5.682253298793416008e-01
5.673893688873068442e-01
5.665866185292420809e-01
5.658170647563153244e-01
5.650806780007134877e-01
5.643774136118070439e-01
5.637072122908207694e-01
5.630700005438977751e-01
5.624656911050160968e-01
5.618941833878976500e-01
5.613553639247862437e-01
5.608491068068945928e-01
5.603752741236530666e-01
5.599337164002282652e-01
5.595242730328073844e-01
5.591467727211292260e-01
5.588010338978114389e-01
5.584868651539481865e-01
5.582040656605498086e-01
5.579524255853693937e-01
5.577317265046586314e-01
5.575417418094561484e-01
5.573822371059796721e-01
5.572529706097393287e-01
5.571536935329984841e-01
5.570841504651842246e-01
5.570440797459660365e-01
5.570332138305920111e-01
5.570512796472378847e-01
5.570979989460214110e-01
5.571730886394186122e-01
5.572762611338301086e-01
5.574072246520174190e-01
5.575656835462172722e-01
5.577513386016809127e-01
5.579638873304699764e-01
5.582030242553281951e-01
5.584684411834546225e-01
5.587598274700446010e-01
5.590768702714690175e-01
5.594192547879850430e-01
5.597866644959029747e-01
5.601787813690882745e-01
5.605952860898095746e-01
5.610358582488310653e-01
5.615001765347823470e-01
5.619879189127541252e-01
5.624987627921568256e-01
5.630323851838741067e-01
5.635884628467379143e-01
5.641666724234000174e-01
5.647666905656765213e-01
5.653881940494424052e-01
5.660308598792107571e-01
5.666943653824871863e-01
5.673783882940616197e-01
5.680826068303832521e-01
5.688066997541664227e-01
5.695503464294313645e-01
5.703132268671651239e-01
5.710950217617760671e-01
5.718954125186195281e-01
5.727140812727595787e-01
5.735507108992489167e-01
5.744049850151669023e-01
5.752765879736532195e-01
5.761652048502600154e-01
5.770705214218454504e-01
5.779922241383333992e-01
5.789300000876385077e-01
5.798835369540270568e-01
5.808525229799177403e-01
5.818366468723213947e-01
5.828355978700360263e-01
5.838490653724025536e-01
5.848767392278174659e-01
5.859183096153089965e-01
5.869734666856158967e-01
5.880419007168253831e-01
5.891233019681095806e-01
5.902173605908581644e-01
5.913237665370046914e-01
5.924422094648794657e-01
5.935723786429722981e-01
5.947139628519583221e-01
5.958666502853263713e-01
5.970301284489958338e-01
5.982040840602452780e-01
5.993882029582547899e-01
6.005821699562725602e-01
6.017856688085392314e-01
6.029983820659955418e-01
6.042199909877811193e-01
6.054501754434482574e-01
6.066886138168755549e-01
6.079349829122482340e-01
6.091889578624009038e-01
6.104502120398224152e-01
6.117184169706613162e-01
6.129932422519976942e-01
6.142743554726807220e-01
6.155614221380194540e-01
6.168541055985790056e-01
6.181520669833783233e-01
6.194549651377032617e-01
6.207624565657953175e-01
6.220741953786781409e-01
6.233898332472828097e-01
6.247090193611495312e-01
6.260314003928550974e-01
6.273566204683875824e-01
6.286843211436478063e-01
6.300141413872043517e-01
6.313457175695229573e-01
6.326786834587503350e-01
6.340126702232116163e-01
6.353473064407575421e-01
6.366822181150222359e-01
6.380170286987155714e-01
6.393513591240360672e-01
6.406848278402345054e-01
6.420170508584263080e-01
6.433476418036642164e-01
6.446762119743053576e-01
6.460023704087011209e-01
6.473257239591895251e-01
6.486458773734078420e-01
6.499624333828599720e-01
6.512749927987587784e-01
6.525831546150363538e-01
6.538865161185013486e-01
6.551846730060502111e-01
6.564772195088482976e-01
6.577637485233883696e-01
6.590438517493065751e-01
6.603171198338377845e-01
6.615831425227851614e-01
6.628415088178292169e-01
6.640918071400674361e-01
6.653336254995616539e-01
6.665665516707661720e-01
6.677901733736134604e-01
6.690040784600690404e-01
6.702078551059662548e-01
6.714010920078666844e-01
6.725833785847592505e-01
6.737543051843362107e-01
6.749134632936163447e-01
6.760604457536667500e-01
6.771948469781500224e-01
6.783162631754512395e-01
6.794242925741027506e-01
6.805185356512302164e-01
6.815985953558851840e-01
6.826640773752902236e-01
6.837145903199235430e-01
6.847497459961666699e-01
6.857691596364676734e-01
6.867724501153675831e-01
6.877592402929821880e-01
6.887291570974627408e-01
6.896818318894198940e-01
6.906169006255915566e-01
6.915340041824183936e-01
6.924327885387591142e-01
6.933129050321422682e-01
6.941740105980039877e-01
6.950157680073348887e-01
6.958378461024592454e-01
6.966399200305990469e-01
6.974216714623117097e-01
6.981827888691262141e-01
6.989229676762803711e-01
6.996419105315383469e-01
7.003393275116878147e-01
7.010149363365149044e-01
7.016684625784880280e-01
7.022996398678562624e-01
7.029082100929006094e-01
7.034939235950553593e-01
7.040565393586462051e-01
7.045958251949840934e-01
7.051115579205643469e-01
7.056035235291363561e-01
7.060715173574023673e-01
7.065153442441293175e-01
7.069348186824533364e-01
7.073297649651629770e-01
7.077000173227845359e-01
7.080454200542550813e-01
7.083658276500268691e-01
7.086611049074250657e-01
7.089311270381037922e-01
7.091757797674507202e-01
7.093949594258163183e-01
7.095885730314263062e-01
7.097565383648788417e-01
7.098987840351154155e-01
7.100152495367811900e-01
7.101058852988921810e-01
7.101706527247468870e-01
7.102095242230230809e-01
7.102224832300212398e-01
7.102095242230230809e-01
7.101706527247468870e-01
7.101058852988921810e-01
7.100152495367811900e-01
7.098987840351154155e-01
7.097565383648790638e-01
7.095885730314263062e-01
7.093949594258160962e-01
7.091757797674507202e-01
7.089311270381035701e-01
7.086611049074253987e-01
7.083658276500268691e-01
7.080454200542550813e-01
7.077000173227847579e-01
7.073297649651629770e-01
7.069348186824536695e-01
7.065153442441294285e-01
7.060715173574025894e-01
7.056035235291363561e-01
7.051115579205644579e-01
7.045958251949839823e-01
7.040565393586462051e-01
7.034939235950555814e-01
7.029082100929003873e-01
7.022996398678558183e-01
7.016684625784881391e-01
7.010149363365151265e-01
7.003393275116882588e-01
6.996419105315387910e-01
6.989229676762800381e-01
6.981827888691257700e-01
6.974216714623115987e-01
6.966399200305989359e-01
6.958378461024589123e-01
6.950157680073348887e-01
6.941740105980045428e-01
6.933129050321428233e-01
6.924327885387590031e-01
6.915340041824183936e-01
6.906169006255923337e-01
6.896818318894194499e-01
6.887291570974618526e-01
6.877592402929819659e-01
6.867724501153673611e-01
6.857691596364678954e-01
6.847497459961660038e-01
6.837145903199240982e-01
6.826640773752901126e-01
6.815985953558854060e-01
6.805185356512308825e-01
6.794242925741035277e-01
6.783162631754509064e-01
6.771948469781498003e-01
6.760604457536660838e-01
6.749134632936160116e-01
6.737543051843353226e-01
6.725833785847592505e-01
6.714010920078669065e-01
6.702078551059674760e-01
6.690040784600699286e-01
6.677901733736133494e-01
6.665665516707661720e-01
6.653336254995618759e-01
6.640918071400664369e-01
6.628415088178298831e-01
6.615831425227852725e-01
6.603171198338377845e-01
6.590438517493059090e-01
6.577637485233878145e-01
6.564772195088477424e-01
6.551846730060507662e-01
6.538865161185015706e-01
6.525831546150382412e-01
6.512749927987591114e-01
6.499624333828601941e-01
6.486458773734069538e-01
6.473257239591894141e-01
6.460023704087004548e-01
6.446762119743044694e-01
6.433476418036637723e-01
6.420170508584273072e-01
6.406848278402346164e-01
6.393513591240365113e-01
6.380170286987166817e-01
6.366822181150209037e-01
6.353473064407576532e-01
6.340126702232109501e-01
6.326786834587493358e-01
6.313457175695232904e-01
6.300141413872047957e-01
6.286843211436486945e-01
6.273566204683876935e-01
6.260314003928545423e-01
6.247090193611496423e-01
6.233898332472839199e-01
6.220741953786774747e-01
6.207624565657953175e-01
6.194549651377028177e-01
6.181520669833781012e-01
6.168541055985791166e-01
6.155614221380176776e-01
6.142743554726800559e-01
6.129932422519982493e-01
6.117184169706619823e-01
6.104502120398244136e-01
6.091889578624015700e-01
6.079349829122482340e-01
6.066886138168742226e-01
6.054501754434479244e-01
6.042199909877805641e-01
6.029983820659944316e-01
6.017856688085384542e-01
6.005821699562727822e-01
5.993882029582556781e-01
5.982040840602470544e-01
5.970301284489966109e-01
5.958666502853274816e-01
5.947139628519604315e-01
5.935723786429726312e-01
5.924422094648802428e-01
5.913237665370051355e-01
5.902173605908574983e-01
5.891233019681082483e-01
5.880419007168249390e-01
5.869734666856161187e-01
5.859183096153104398e-01
5.848767392278170218e-01
5.838490653724043300e-01
5.828355978700358042e-01
5.818366468723205065e-01
5.808525229799169631e-01
5.798835369540257245e-01
5.789300000876383967e-01
5.779922241383333992e-01
5.770705214218437851e-01
5.761652048502602375e-01
5.752765879736528865e-01
5.744049850151669023e-01
5.735507108992503600e-01
5.727140812727589125e-01
5.718954125186195281e-01
5.710950217617746238e-01
5.703132268671649019e-01
5.695503464294313645e-01
5.688066997541655345e-01
5.680826068303842513e-01
5.673783882940631740e-01
5.666943653824885185e-01
5.660308598792115342e-01
5.653881940494439595e-01
5.647666905656758551e-01
5.641666724233992403e-01
5.635884628467374702e-01
5.630323851838729965e-01
5.624987627921571587e-01
5.619879189127535701e-01
5.615001765347821250e-01
5.610358582488325085e-01
5.605952860898096857e-01
5.601787813690903839e-01
5.597866644959043070e-01
5.594192547879863753e-01
5.590768702714680183e-01
5.587598274700446010e-01
5.584684411834541784e-01
5.582030242553275290e-01
5.579638873304680891e-01
5.577513386016809127e-01
5.575656835462178273e-01
5.574072246520180851e-01
5.572762611338299976e-01
5.571730886394191673e-01
5.570979989460222992e-01
5.570512796472381067e-01
5.570332138305922332e-01
5.570440797459657034e-01
5.570841504651844467e-01
5.571536935329981510e-01
5.572529706097391067e-01
5.573822371059782288e-01
5.575417418094570365e-01
5.577317265046582984e-01
5.579524255853705039e-01
5.582040656605502527e-01
5.584868651539489637e-01
5.588010338978123270e-01
5.591467727211291150e-01
5.595242730328069403e-01
5.599337164002279321e-01
5.603752741236528445e-01
5.608491068068959251e-01
5.613553639247874649e-01
5.618941833878985381e-01
5.624656911050167629e-01
5.630700005438985523e-01
5.637072122908209915e-01
5.643774136118070439e-01
5.650806780007138208e-01
5.658170647563156574e-01
5.665866185292416368e-01
5.673893688873079544e-01
5.682253298793424889e-01
5.690944996017406332e-01
5.699968597682866234e-01
5.709323752838894039e-01
5.719009938227894718e-01
5.729026454118572032e-01
5.739372420195876234e-01
5.750046771513854793e-01
5.761048254517753264e-01
5.772375423141078432e-01
5.784026634984135162e-01
5.796000046782472381e-01
5.808293613907040687e-01
5.820905082185929835e-01
5.833831988650685085e-01
5.847071652958342192e-01
5.860621180860356993e-01
5.874477456726494573e-01
5.888637141675148179e-01
5.903096670754953701e-01
5.917852250267169323e-01
5.932899855234791131e-01
5.948235227023437321e-01
5.963853871119979555e-01
5.979751055073966315e-01
5.995921806607212856e-01
6.012360911896661442e-01
6.029062914035481224e-01
6.046022111677433752e-01
6.063232557869057127e-01
6.080688059074377261e-01
6.098382174396579369e-01
6.116308215000934023e-01
6.134459243743052292e-01
6.152828075006469000e-01
6.171407274753297756e-01
6.190189160791629286e-01
6.209165803262908234e-01
6.228329025352677961e-01
6.247670404227596563e-01
6.267181272201496345e-01
6.286852718133204565e-01
6.306675589058355902e-01
6.326640492057460374e-01
6.346737796361985318e-01
6.366957635700425389e-01
6.387289910885539657e-01
6.407724292644143560e-01
6.428250224690377213e-01
6.448856927043186138e-01
6.469533399588598410e-01
6.490268425886830395e-01
6.511050577224477554e-01
6.531868216911257408e-01
6.552709504820983799e-01
6.573562402175820996e-01
6.594414676572913914e-01
6.615253907251986698e-01
6.636067490602333141e-01
6.656842645907474765e-01
6.677566421325157320e-01
6.698225700100599589e-01
6.718807207010171201e-01
6.739297515032622865e-01
6.759683052244750412e-01
6.779950108938165299e-01
6.800084844953210306e-01
6.820073297226432185e-01
6.839901387547114853e-01
6.859554930518683147e-01
6.879019641719974487e-01
6.898281146061715496e-01
6.917324986332902270e-01
6.936136631931486551e-01
6.954701487773958801e-01
6.973004903377721941e-01
6.991032182146256213e-01
7.008768590644863794e-01
7.026199368348080565e-01
7.043309737237838375e-01
7.060084911678686792e-01
7.076510108400408949e-01
7.092570556605997112e-01
7.108251508197191981e-01
7.123538248109857474e-01
7.138416104751246216e-01
7.152870460530889041e-01
7.166886762476933903e-01
7.180450532929250063e-01
7.193547380300880922e-01
7.206163009898893801e-01
7.218283234795757064e-01
7.229893986742317313e-01
7.240981326926393402e-01
7.251531457681263948e-01
7.261530732366876517e-01
7.270965667083275630e-01
7.279822952083438992e-01
7.288089459678519511e-01
7.295752262036421243e-01
7.302798632285678604e-01
7.309216065801753537e-01
7.314992283039949417e-01
7.320115243961294871e-01
7.324573157966707271e-01
7.328354494483579895e-01
7.331447993458771739e-01
7.333842675747905826e-01
7.335527853391250463e-01
7.336493139766282479e-01
7.336728459607075870e-01
7.336224058880860266e-01
7.334970514511947037e-01
7.332958743943392976e-01
7.330180014526973542e-01
7.326625952731908864e-01
7.322288553162860092e-01
7.317160187378213276e-01
7.311233612499272727e-01
7.304501979601465411e-01
7.296958841878684598e-01
7.288598162571885419e-01
7.279414322653733338e-01
7.269402128260392670e-01
7.258556817862676924e-01
7.246874069168242061e-01
7.234350005746987833e-01
7.220981203372257573e-01
7.206764696069977161e-01
7.191697981868817591e-01
7.175779028244411162e-01
7.159006277250388184e-01
7.141378650330462152e-01
7.122895552804457964e-01
7.103556878022900811e-01
7.083363011184135027e-01
7.062314832808341825e-01
7.040413721863613139e-01
7.017661558538703659e-01
6.994060726658218874e-01
6.969614115735661697e-01
6.944325122660237604e-01
6.918197653013958837e-01
6.891236122015111931e-01
6.863445455085629421e-01
6.834831088038965108e-01
6.805398966886258005e-01
6.775155547258759903e-01
6.744107793444246157e-01
6.712263177036588147e-01
6.679629675196747662e-01
6.646215768524542655e-01
6.612030438541020017e-01
6.577083164780790359e-01
6.541383921494967613e-01
6.504943173965044290e-01
6.467771874428627221e-01
6.429881457618433771e-01
6.391283835891513609e-01
6.351991394092380006e-01
6.312016983810833093e-01
6.271373917475413506e-01
6.230075961969711029e-01
6.188137331895848803e-01
6.145572682469542247e-01
6.102397102050789446e-01
6.058626104314406291e-01
6.014275620065184791e-01
5.969361988702659438e-01
5.923901949340697470e-01
5.877912631587765002e-01
5.831411545993551160e-01
5.784416574168472769e-01
5.736945958582621019e-01
5.689018292050674885e-01
5.640652506986265635e-01
5.591867863979858022e-01
5.542683940837634937e-01
5.493120620587029768e-01
5.443198079581087478e-01
5.392936775262151539e-01
5.342357433667562772e-01
5.291481036687440964e-01
5.240328809296603829e-01
5.188922205425298140e-01
5.137282896000106014e-01
5.085432754233889519e-01
5.033393842225111214e-01
4.981188396590048861e-01
4.928838814543528013e-01
4.876367639435468804e-01
4.823797546218505095e-01
4.771151326770288748e-01
4.718451875081173807e-01
4.665722172319315408e-01
4.612985271784281194e-01
4.560264283761065185e-01
4.507582360286517820e-01
4.454962679839497008e-01
4.402428431967500000e-01
4.350002801861288515e-01
4.297708954889724042e-01
4.245570021107483716e-01
4.193609079747109281e-01
4.141849143708599135e-01
4.090313144058030370e-01
4.039023914548208194e-01
3.988004176173151616e-01
3.937276521769109694e-01
3.886863400674316904e-01
3.836787103459716186e-01
3.787069746742885434e-01
3.737733258097517552e-01
3.688799361070291827e-01
3.640289560317542805e-01
3.592225126873487828e-01
3.544627083561749381e-01
3.497516190562383054e-01
3.450912931145528884e-01
3.404837497583682593e-01
3.359309777253627338e-01
3.314349338939466261e-01
3.269975419347703749e-01
3.226206909845480419e-01
3.183062343432364605e-01
3.140559881956664356e-01
3.098717303586183136e-01
3.057551990543940779e-01
3.017080917118527550e-01
2.977320637958781324e-01
2.938287276662585046e-01
2.899996514668471970e-01
2.862463580459596035e-01
2.825703239088287466e-01
2.789729782029872207e-01
2.754557017374109629e-01
2.720198260361629261e-01
2.686666324273601636e-01
2.653973511681373965e-01
2.622131606063555775e-01
2.591151863764234453e-01
2.561045006491909359e-01
2.531821213890301792e-01
2.503490116809867216e-01
2.476060790825547753e-01
2.449541750186875477e-01
2.423940942175475677e-01
2.399265741874421765e-01
2.375522947414943908e-01
2.352718775273886787e-01
2.330858856916185329e-01
2.309948234633887598e-01
2.289991358735892768e-01
2.270992084799655919e-01
2.252953671417322612e-01
2.235878778376151343e-01
2.219769465274598619e-01
2.204627190674706139e-01
2.190452811196287874e-01
2.177246582029701838e-01
2.165008156912541781e-01
2.153736589024576320e-01
2.143430332222311385e-01
2.134087242707403131e-01
2.125704581127252080e-01
2.118279015105639373e-01
2.111806622201133077e-01
2.106282893290339353e-01
2.101702736373077529e-01
2.098060480174047393e-01
2.095349881309079565e-01
2.093564126019339666e-01
2.092695836036790324e-01
2.092737077137646895e-01
2.093679363112573022e-01
2.095513662989608172e-01
2.098230408061418639e-01
2.101819499291175952e-01
2.106270315091059719e-01
2.111571719466356634e-01
2.117712070518446843e-01
2.124679229299416827e-01
2.132460569010621310e-01
2.141042984537677996e-01
2.150412902313608987e-01
2.160556290501958188e-01
2.171458669491386773e-01
2.183105122692827749e-01
2.195480307630318373e-01
2.208568467316246176e-01
2.222353441901501470e-01
2.236818680591028952e-01
2.251947253814792771e-01
2.267721865644269363e-01
2.284124866444094681e-01
2.301138265748691736e-01
2.318743745353288310e-01
2.336922672608479079e-01
2.355656113907875771e-01
2.374924848357508056e-01
2.394709381616265398e-01
2.414989959896012839e-01
2.435746584110085600e-01
2.456959024159130478e-01
2.478606833342318627e-01
2.500669362882985691e-01
2.523125776556871536e-01
2.545955065411279472e-01
2.569136062563797673e-01
2.592647458068598754e-01
2.616467813838881940e-01
2.640575578613734153e-01
2.664949102957516192e-01
2.689566654280425295e-01
2.714406431868344738e-01
2.739446581910411904e-01
2.764665212512928960e-01
2.790040408687753937e-01
2.815550247304121068e-01
2.841172811992150882e-01
2.866886207986982793e-01
2.892668576902301947e-01
2.918498111482289437e-01
2.944353069969295467e-01
2.970211790931883700e-01
2.996052707433702333e-01
3.021854361340314266e-01
3.047595417439868948e-01
3.073254677418135739e-01
3.098811093677683037e-01
3.124243782991146245e-01
3.149532039979091591e-01
3.174655350402409981e-01
3.199593404260311913e-01
3.224326108684312242e-01
3.248833600619438489e-01
3.273096259283894693e-01
3.297094718398310143e-01
3.320809878176687602e-01
3.344222916857926275e-01
3.367315303038512786e-01
3.390068805646856420e-01
3.412465505729015969e-01
3.434487806925117237e-01
3.456118445867253364e-01
3.477340502287200041e-01
3.498137408827859396e-01
3.518492960552113691e-01
3.538391324143543848e-01
3.557817046793307902e-01
3.576755064768111225e-01
3.595190711654375759e-01
3.613109726273729949e-01
3.630498260265826449e-01
3.647342885719897509e-01
3.663630600541006310e-01
3.679348837313542453e-01
3.694485467582749316e-01
3.709028809697023643e-01
3.722967631932455057e-01
3.736291159234126358e-01
3.748989077619941379e-01
3.761051538620853174e-01
3.772469163361180100e-01
3.783233046277864053e-01
3.793334758477908686e-01
3.802766350733564060e-01
3.811520356115030150e-01
3.819589792260833505e-01
3.826968163286277314e-01
3.833649461330719821e-01
3.839628167744538190e-01
3.844899253917228310e-01
3.849458181748031116e-01
3.853300903761032736e-01
3.856423862866775742e-01
3.858823991772866169e-01
3.860498712046064318e-01
3.861445932828921346e-01
3.861664049214049710e-01
3.861151940279495265e-01
3.859908966788873630e-01
3.857934968560132738e-01
3.855230261507287537e-01
3.851795634359282960e-01
3.847632345060786330e-01
3.842742116859708124e-01
3.837127134086535940e-01
3.830790037630704137e-01
3.823733920119589125e-01
3.815962320805754704e-01
3.807479220168329404e-01
3.798289034234658690e-01
3.788396608628407103e-01
3.777807212350530186e-01
3.766526531299853597e-01
3.754560661539811939e-01
3.741916102318474380e-01
3.728599748848703266e-01
3.714618884855846459e-01
3.699981174900106584e-01
3.684694656481232733e-01
3.668767731932979226e-01
3.652209160115061914e-01
3.635028047862591261e-01
3.617233841477336953e-01
3.598836317603646973e-01
3.579845574349214132e-01
3.560272022045765095e-01
3.540126373892809042e-01
3.519419636455072276e-01
3.498163100022013694e-01
3.476368328837955435e-01
3.454047151210872801e-01
3.431211649508608685e-01
3.407874150050744788e-01
3.384047212904585100e-01
3.359743621593920260e-01
3.334976372728727934e-01
3.309758665564556668e-01
3.284103891499874361e-01
3.258025623709991381e-01
3.231537605790451018e-01
3.204653742242939973e-01
3.177388087065209366e-01
3.149754833248427088e-01
3.121768302078240520e-01
3.093442932431996195e-01
3.064793270080197751e-01
3.035833957000304562e-01
3.006579720710662595e-01
2.977045363632561115e-01
2.947245752488031889e-01
2.917195807741215230e-01
2.886910493090785734e-01
2.856404805020885673e-01
2.825693762417917920e-01
2.794792396260433742e-01
2.763715739389209780e-01
2.732478816364543039e-01
2.701096633332149555e-01
2.669584168375312982e-01
2.637956361286096230e-01
2.606228104266604673e-01
2.574414231477502035e-01
2.542529510694901962e-01
2.510588633245038892e-01
2.478606204962357784e-01
2.446596737122160858e-01
2.414574637522483025e-01
2.382554201720292475e-01
2.350549604427054629e-01
2.318574891068956589e-01
2.286643969516166108e-01
2.254770601986047229e-01
2.222968397124731599e-01
2.191250802271003384e-01
2.159631095907048604e-01
2.128122380299483640e-01
2.096737574334580634e-01
2.065489406551319351e-01
2.034390408375128523e-01
2.003452907556087514e-01
1.972689021813842092e-01
1.942110652692551065e-01
1.911729479628076489e-01
1.881556954229786638e-01
1.851604294779473636e-01
1.821882480948817384e-01
1.792402248737739456e-01
1.763174085634903188e-01
1.734208226001773823e-01
1.705514646681714486e-01
1.677103062834865987e-01
1.648982923999811057e-01
1.621163410382693848e-01
1.593653429374132791e-01
1.566461612294427486e-01
1.539596311367014692e-01
1.513065596920151190e-01
1.486877254816712512e-01
1.461038784111454714e-01
1.435557394935344511e-01
1.410440006606140662e-01
1.385693245964341180e-01
1.361323445954333855e-01
1.337336644328077084e-01
1.313738582762276064e-01
1.290534706012946842e-01
1.267730161374927833e-01
1.245329798341465316e-01
1.223338168478214638e-01
1.201759525509556170e-01
1.180597825614879970e-01
1.159856727932426501e-01
1.139539595268162231e-01
1.119649495006794782e-01
1.100189200222485564e-01
1.081161190985779758e-01
1.062567655864242178e-01
1.044410493613292523e-01
1.026691315053873121e-01
1.009411445073142566e-01
9.925719251090109330e-02
9.761735152035468099e-02
9.602166968363864963e-02
9.447016756237874846e-02
9.296283842434885369e-02
9.149964855205858227e-02
9.008053756705858284e-02
8.870541876954915472e-02
8.737417949285775087e-02
8.608668147238696111e-02
8.484276122857678515e-02
8.364223046345597989e-02
8.248487647034385972e-02
8.137046255623622826e-02
8.029872847645000422e-02
7.926939088104251185e-02
7.828214377256309531e-02
7.733665897466854289e-02
7.643258661113017105e-02
7.556955559476941087e-02
7.474717412584624965e-02
7.396503019943091728e-02
7.322269212127802129e-02
7.251970904409582586e-02
7.185561145351554435e-02
7.122991174858081531e-02
7.064210482662129642e-02
7.009166853293266608e-02
6.957806428701052148e-02
6.910073762827781407e-02
6.865911878285543835e-02
6.825262323455326408e-02
6.788065229962683689e-02
6.754259370481896507e-02
6.723782216823101510e-02
6.696569998256379774e-02
6.672557760026598395e-02
6.651679422014092347e-02
6.633867837496217057e-02
6.619054851965056052e-02
6.607171361957792088e-02
6.598147373855582642e-02
6.591912062608702716e-02
6.588393830344854707e-02
6.587520364819345053e-02
6.589218697665315261e-02
6.593415262404053734e-02
6.600035952175024867e-02
6.609006177146374561e-02
6.620250921567191749e-02
6.633694800423960147e-02
6.649262115663748252e-02
6.666876911947988704e-02
6.686463031901021536e-02
6.707944170818389007e-02
6.731243930801654451e-02
6.756285874285250515e-02
6.782993576924443990e-02
6.811290679811730919e-02
6.841100940991555468e-02
6.872348286243708249e-02
6.904956859106091416e-02
6.938851070109347541e-02
6.973955645195986652e-02
7.010195673263121263e-02
7.047496653049221960e-02
7.085784538637676655e-02
7.124985784607418271e-02
7.165027389932906998e-02
7.205836940995041795e-02
7.247342653614194385e-02
7.289473414085118064e-02
7.332158819195518096e-02
7.375329215211505474e-02
7.418915735811502932e-02
7.462850338955896723e-02
7.507065842674975897e-02
7.551495959763816768e-02
7.596075331370535921e-02
7.640739559465958841e-02
7.685425238185276953e-02
7.730069983314190318e-02
7.774612464164476489e-02
7.818992427317369986e-02
7.863150726087118902e-02
7.907029345424881894e-02
7.950571426319123780e-02
7.993721289019524445e-02
8.036424455083468477e-02
8.078627668239715676e-02
8.120278914071743515e-02
8.161327438517704258e-02
8.201723765189464221e-02
8.241419711511996371e-02
8.280368403684501555e-02
8.318524290468931603e-02
8.355843155807642086e-02
8.392282130276751406e-02
8.427799701381369357e-02
8.462355722697778582e-02
8.495911421872520686e-02
8.528429407484469649e-02
8.559873674780377195e-02
8.590209610293987608e-02
8.619403995357878545e-02
8.647425008521442136e-02
8.674242226885753304e-02
8.699826626368183102e-02
8.724150579330929023e-02
8.747187858988668407e-02
8.768913627318486448e-02
8.789304439038352068e-02
8.808338228127152170e-02
8.825994312577513379e-02
8.842253380584517986e-02
8.857097484527080844e-02
8.870510032290403191e-02
8.882475777682513618e-02
8.892980809964017019e-02
8.902012542511242299e-02
8.909559700632443957e-02
8.915612308559217603e-02
8.920161675633367371e-02
8.923200381711648976e-02
8.924722261809985013e-02
8.924722390009963424e-02
8.923197062650431444e-02
8.920143780827605173e-02
8.915561232226518196e-02
8.909449272308160583e-02
8.901808904876294670e-02
8.892642262047588397e-02
8.881952583651182842e-02
8.869744196080096843e-02
8.856022490621495713e-02
8.840793901289559220e-02
8.824065882186515886e-02
8.805846884417810327e-02
8.786146332585462182e-02
8.764974600886411837e-02
8.742342988840989815e-02
8.718263696676105401e-02
8.692749800390672799e-02
8.665815226527573412e-02
8.637474726677335513e-02
8.607743851740563834e-02
8.576638925712062878e-02
8.544177020512458420e-02
8.510375928309744931e-02
8.475254135910252618e-02
8.438830797995514055e-02
8.401125710461895824e-02
8.362159283693906819e-02
8.321952515795454086e-02
8.280526965802673112e-02
8.237904726903187702e-02
8.194108399684692234e-02
8.149161065436774654e-02
8.103086259528684276e-02
8.055907944886174510e-02
8.007650485589504208e-02
7.958338620614914538e-02
7.907997437741248747e-02
7.856652348845842571e-02
7.804329059432013604e-02
7.751053550257805402e-02
7.696852047420105203e-02
7.641750998561068486e-02
7.585777048199243700e-02
7.528957013366006923e-02
7.471317859566049824e-02
7.412886677078724118e-02
7.353690657618974780e-02
7.293757071372664047e-02
7.233113244424341226e-02
7.171786536591089056e-02
7.109804319679281781e-02
7.047193956177479068e-02
6.983982778399608349e-02
6.920198068092563159e-02
6.855867036519101843e-02
6.791016805030090919e-02
6.725674386136402949e-02
6.659866665091021543e-02
6.593620381993307855e-02
6.526962114422427130e-02
6.459918260611079155e-02
6.392515023167039123e-02
6.324778393349045347e-02
6.256734135906863448e-02
6.188407774488005608e-02
6.119824577620198991e-02
6.051009545272877099e-02
5.981987396001783863e-02
5.912782554589161160e-02
5.843419140815690055e-02
5.773920956971424767e-02
5.704311480899055403e-02
5.634613850275460578e-02
5.564850858841310921e-02
5.495044944957142019e-02
5.425218184046137759e-02
5.355392281078919653e-02
5.285588563648339899e-02
5.215827975633386543e-02
5.146131071446376909e-02
5.076518010861405528e-02
5.007008554417991669e-02
4.937622059395072038e-02
4.868377476349490529e-02
4.799293346212001737e-02
4.730387797934271915e-02
4.661678546679006580e-02
4.593182892544438872e-02
4.524917719815235023e-02
4.456899496729940097e-02
4.389144275755120506e-02
4.321667694356450679e-02
4.254484976254836043e-02
4.187610933157193821e-02
4.121059966949713188e-02
4.054846072341240087e-02
3.988982839944120451e-02
3.923483459779773114e-02
3.858360725194852348e-02
3.793627037174569783e-02
3.729294409038523550e-02
3.665374471504952852e-02
3.601878478582282161e-02
3.538817311454411224e-02
3.476201487318091726e-02
3.414041163957623470e-02
3.352346146862874438e-02
3.291125896177136967e-02
3.230389533902709026e-02
3.170145851346274635e-02
3.110403316788910855e-02
3.051170083362034907e-02
2.992453997112460781e-02
2.934262605240810923e-02
2.876603164492382361e-02
2.819482649687091169e-02
2.762907762367598080e-02
2.706884939549655117e-02
2.651420362557508487e-02
2.596519965265623592e-02
2.542189445695339917e-02
2.488434271018188232e-02
2.435259689211220074e-02
2.382670737386014675e-02
2.330672250761858105e-02
2.279268871603011559e-02
2.228465058102095664e-02
2.178265093191640231e-02
2.128673093270609315e-02
2.079693016825790927e-02
2.031328672935498250e-02
1.983583729637768828e-02
1.936461722148132697e-02
1.889966060913128229e-02
1.844100039482341608e-02
1.798866842187335155e-02
1.754269551611602890e-02
1.710311155838287189e-02
1.666994555463329267e-02
1.624322570359692727e-02
1.582297946181949327e-02
1.540923360598248776e-02
1.500201429238423936e-02
1.460134711348005931e-02
1.420725715136471681e-02
1.381976902811062058e-02
1.343890695286209871e-02
1.306469476559454779e-02
1.269715597746518855e-02
1.233631380766580209e-02
1.198219121671940599e-02
1.163481093614571540e-02
1.129419549444023174e-02
1.096036723931598407e-02
1.063334837064760716e-02
1.031316089985402640e-02
9.999826739391565189e-03
9.693367637368301842e-03
9.393805279860474935e-03
9.101161162450717781e-03
8.815456667668510049e-03
8.536713036243759323e-03
8.264951354339670000e-03
8.000192536867761772e-03
7.742457306896370628e-03
7.491766171184103748e-03
7.248139391864142494e-03
7.011596954319318162e-03
6.782158531292693804e-03
6.559843443280316197e-03
6.344670615268398900e-03
6.136658529874959578e-03
5.935825176964535516e-03
5.742187999818133826e-03
5.555763837930905238e-03
5.376568866534309557e-03
5.204618532932150932e-03
5.039927489751547945e-03
4.882509525216434734e-03
4.732377490550531904e-03
4.589543224631672386e-03
4.454017476016600488e-03
4.325809822463482640e-03
4.204928588089202474e-03
4.091380755177063608e-03
3.985171889713368110e-03
3.886306032865462917e-03
3.794785623255995596e-03
3.710611401078141997e-03
3.633782314081226636e-03
3.564295422245110714e-03
3.502145801306555742e-03
3.447326445305872594e-03
3.399828168333432835e-03
3.359639505645632337e-03
3.326746614331939703e-03
3.301133173717151273e-03
3.282780285673869008e-03
3.271666375042375091e-03
3.267767090333823302e-03
3.271055204916242104e-03
3.281500516494870873e-03
3.299069758933197496e-03
3.323726492883653100e-03
3.355431019183171409e-03
3.394140283278260575e-03
3.439807783289408616e-03
3.492383479895768902e-03
3.551813708223232682e-03
3.618041091943772700e-03
3.691004459757138076e-03
3.770638764454483857e-03
3.856875004748901853e-03
3.949640150050396509e-03
4.048857068375696922e-03
4.154444457570185059e-03
4.266316780013821794e-03
4.384384200995957576e-03
4.508552530914252537e-03
4.638723171480736707e-03
4.774793066090261134e-03
4.916654654503959179e-03
5.064195832026418750e-03
5.217299913290096222e-03
5.375845600833088767e-03
5.539706958578994103e-03
5.708753390371726702e-03
5.882849623691914845e-03
6.061855698672961174e-03
6.245626962543772767e-03
6.434014069607359859e-03
6.626862986855549392e-03
6.824015005333623415e-03
7.025306757326484769e-03
7.230570239475120689e-03
7.439632841886961029e-03
7.652317383312099569e-03
7.868442152465357844e-03
8.087820955526013253e-03
8.310263169888747192e-03
8.535573804205262571e-03
8.763553563838189994e-03
8.993998927754751072e-03
9.226702219311639849e-03
9.461451699840126017e-03
9.698031656358140767e-03
9.936222500517209039e-03
1.017580087308349486e-02
1.041653975474019118e-02
1.065820858317276069e-02
1.090057337640361855e-02
1.114339686231900078e-02
1.138643861433549093e-02
1.162945519313043213e-02
1.187220029436985951e-02
1.211442490234452933e-02
1.235587744941851751e-02
1.259630398119768527e-02
1.283544832729594659e-02
1.307305227759456186e-02
1.330885576385423125e-02
1.354259704656028337e-02
1.377401290684313745e-02
1.400283884333448393e-02
1.422880927379645971e-02
1.445165774135640999e-02
1.467111712396811443e-02
1.488691985377160742e-02
1.509879813000920140e-02
1.530648414552723824e-02
1.550971031247915834e-02
1.570820949229923338e-02
1.590171522891654921e-02
1.608996198498733807e-02
1.627268538091827463e-02
1.644962243644487038e-02
1.662051181452831386e-02
1.678509406732574955e-02
1.694311188398006651e-02
1.709431033997965005e-02
1.723843714782662823e-02
1.737524290874856159e-02
1.750448136518972450e-02
1.762590966045757268e-02
1.773928856555205893e-02
1.784438277162175845e-02
1.794096111686324310e-02
1.802879684519771361e-02
1.810766785762229700e-02
1.817735696238014301e-02
1.823765212366369043e-02
1.828834670855460087e-02
1.832923973191780131e-02
1.836013609895551651e-02
1.838084684512901815e-02
1.839118937316113617e-02
1.839098768682616292e-02
1.838007262124091712e-02
1.835828206936794896e-02
1.832546120444271051e-02
1.828146269804639679e-02
1.822614693353558080e-02
1.815938221455585394e-02
1.808104496835932773e-02
1.799101994365368343e-02
1.788920040271814449e-02
1.777548830751545655e-02
1.764979449954404839e-02
1.751203887317395042e-02
1.736215054221229223e-02
1.720006799946052073e-02
1.702573926901698037e-02
1.683912205109515392e-02
1.664018385913147366e-02
1.642890214895816048e-02
1.620526443983494672e-02
1.596926842712660666e-02
1.572092208643270650e-02
1.546024376897761794e-02
1.518726228807857313e-02
1.490201699651737613e-02
1.460455785465283873e-02
1.429494548911289936e-02
1.397325124192598002e-02
1.363955720994709277e-02
1.329395626431877087e-02
1.293655210958553903e-02
1.256745923568074533e-02
1.218680296813926152e-02
1.179471939564237688e-02
1.139135542605543457e-02
1.097686870457831657e-02
1.055142758409092357e-02
1.011521107270941383e-02
9.668408770811733749e-03
9.211220797525399018e-03
8.743857706654138695e-03
8.266540392049966449e-03
7.779499982441195720e-03
7.282977725735131219e-03
6.777224862837117822e-03
6.262502491021826150e-03
5.739081416923456740e-03
5.207241999209093544e-03
4.667273981013182575e-03
4.119476312232594334e-03
3.564156961775402123e-03
3.001632723224882497e-03
2.432228994154197153e-03
1.856279578581835829e-03
1.274126447412324628e-03
6.861195056125698327e-04
9.261634701717997437e-05
-5.060179998665542342e-04
-1.109411334871304548e-03
-1.717184557788483008e-03
-2.328951948387668856e-03
-2.944321454611064683e-03
-3.562894988706165160e-03
-4.184268731067653131e-03
-4.808033441519648718e-03
-5.433774777793060583e-03
-6.061073620917194552e-03
-6.689506407253504802e-03
-7.318645470783266029e-03
-7.948059371859658023e-03
-8.577313271052941848e-03
-9.205969268964296626e-03
-9.833586770965727086e-03
-1.045972285276712196e-02
-1.108393263046151753e-02
-1.170576963469043170e-02
-1.232478618860873877e-02
-1.294053378928109940e-02
-1.355256349216627312e-02
-1.416042629832803615e-02
-1.476367354400068277e-02
-1.536185729215710713e-02
-1.595453072569170266e-02
-1.654124854185202304e-02
-1.712156734754349818e-02
-1.769504605511340589e-02
-1.826124627825088248e-02
-1.881973272760333743e-02
-1.937007360572760850e-02
-1.991184100099918641e-02
-2.044461128007281359e-02
-2.096796547853267689e-02
-2.148148968932008310e-02
-2.198477544857557753e-02
-2.247742011849398341e-02
-2.295902726682158557e-02
-2.342920704260520459e-02
-2.388757654782663192e-02
-2.433376020452844568e-02
-2.476739011708607718e-02
-2.518810642923064586e-02
-2.559555767547321350e-02
-2.598940112657458640e-02
-2.636930312868913245e-02
-2.673493943585502491e-02
-2.708599553546848365e-02
-2.742216696641248258e-02
-2.774315962951487413e-02
-2.804869008999809343e-02
-2.833848587161557492e-02
-2.861228574216149317e-02
-2.886983999004635176e-02
-2.911091069165803666e-02
-2.933527196920871633e-02
-2.954271023880629052e-02
-2.973302446562783863e-02
-2.990602632151526802e-02
-3.006154050954092799e-02
-3.019940488468859582e-02
-3.031947071983269459e-02
-3.042160280956503551e-02
-3.050567969792603723e-02
-3.057159382531664249e-02
-3.061925167771926623e-02
-3.064857392394729901e-02
-3.065949554073681138e-02
-3.065196592554286087e-02
-3.062594899691349626e-02
-3.058142328229075668e-02
-3.051838199316185551e-02
-3.043683308743382054e-02
-3.033679931895644569e-02
-3.021831827412261792e-02
-3.008144239588496360e-02
-2.992623899251295808e-02
-2.975279023809429546e-02
-2.956119315476575526e-02
-2.935155958460423931e-02
-2.912401614783349801e-02
-2.887870418794194829e-02
-2.861577970374772073e-02
-2.833541326844964126e-02
-2.803778993572110523e-02
-2.772310913291324563e-02
-2.739158454144411531e-02
-2.704344396447571491e-02
-2.667892918197048435e-02
-2.629829579326276381e-02
-2.590181304725557368e-02
-2.548976366040247785e-02
-2.506244362571435902e-02
-2.462016199454833063e-02
-2.416324067691569266e-02
-2.369201420039737660e-02
-2.320682947245527455e-02
-2.270804552869526774e-02
-2.219603327023440126e-02
-2.167117519038778972e-02
-2.113386509091815663e-02
-2.058450778810918397e-02
-2.002351880890866978e-02
-1.945132407742318492e-02
-1.886835959204143098e-02
-1.827507109346855618e-02
-1.767191372397675098e-02
-1.705935167816841763e-02
-1.643785784556422644e-02
-1.580791344534424048e-02
-1.517000765355488653e-02
-1.452463722312651202e-02
-1.387230609703324520e-02
-1.321352501494203052e-02
-1.254881111369972671e-02
-1.187868752201727204e-02
-1.120368294970655772e-02
-1.052433127183966498e-02
-9.841171108188610100e-03
-9.154745398330164582e-03
-8.465600972780434538e-03
-7.774288120538788011e-03
-7.081360153428901613e-03
-6.387372967601037156e-03
-5.692884602596945051e-03
-4.998454798347611375e-03
-4.304644550497897966e-03
-3.612015664436286043e-03
-2.921130308415545787e-03
-2.232550566147142000e-03
-1.546837989261565585e-03
-8.645531499976459242e-04
-1.862551945188001268e-04
4.874986027784801793e-04
1.156153283586832010e-03
1.819156648260101573e-03
2.475959696285130913e-03
3.126017064269577539e-03
3.768787461099700961e-03
4.403734099906337837e-03
5.030325126480297143e-03
5.648034043813735319e-03
6.256340132396721182e-03
6.854728909308086329e-03
7.442692364349585976e-03
8.019729589074356749e-03
8.585347163551564770e-03
9.139059347253078447e-03
9.680388633892315214e-03
1.020886609111554440e-02
1.072403173548276689e-02
1.122543490045693412e-02
1.171263459713243159e-02
1.218519986743946126e-02
1.264271012957412024e-02
1.308475551541148432e-02
1.351093719966681844e-02
1.392086771442786752e-02
1.431417128548036731e-02
1.469048409939202604e-02
1.504945462122430841e-02
1.539074387343420530e-02
1.571402571116240626e-02
1.601898708791418130e-02
1.630532831146727646e-02
1.657276329814909299e-02
1.682101976734711596e-02
1.704983955014774399e-02
1.725897872194840504e-02
1.744820784898703028e-02
1.761731217465886679e-02
1.776609180355818302e-02
1.789436187487809804e-02
1.800195272510959205e-02
1.808871004957903622e-02
1.815449500528291613e-02
1.819918439856979542e-02
1.822267076645261996e-02
1.822486249473118797e-02
1.820568391573453015e-02
1.816507539520569731e-02
1.810299340834384610e-02
1.801941060503173264e-02
1.791431586428184411e-02
1.778771433794512982e-02
1.763962748373591738e-02
1.747009308763127280e-02
1.727916527571824248e-02
1.706691451556291428e-02
1.683342760718651784e-02
1.657880766374477538e-02
1.630317408200703325e-02
1.600666250274337260e-02
1.568942476113727169e-02
1.535162882733787267e-02
1.499345873728585680e-02
1.461511451394099589e-02
1.421681207905254110e-02
1.379878315561765614e-02
1.336127516117117768e-02
1.290455109207038452e-02
1.242888939892512409e-02
1.193458385334054787e-02
1.142194340613673573e-02
1.089129203721570308e-02
1.034296859725368327e-02
9.777326641386533540e-03
9.194734255076010207e-03
8.595573872331098431e-03
7.980242086472685153e-03
7.349149453623405465e-03
6.702720289109672519e-03
6.041392456963185636e-03
5.365617152707523319e-03
4.675858679622110076e-03
3.972594218668509813e-03
3.256313592263967299e-03
2.527519022102393473e-03
1.786724881184559299e-03
1.034457440272112949e-03
2.712546089278233818e-04
-5.023343286697842108e-04
-1.285748982951386704e-03
-2.078418133054395905e-03
-2.879760005611530643e-03
-3.689182558055696323e-03
-4.506083766279712563e-03
-5.329851916476353174e-03
-6.159865908905692508e-03
-6.995495524462385858e-03
-7.836101780168166012e-03
-8.681037196680695123e-03
-9.529646132656497889e-03
-1.038126507430436711e-02
-1.123522296982977682e-02
-1.209084154443328639e-02
-1.294743562298682725e-02
-1.380431345545205489e-02
-1.466077704493114545e-02
-1.551612246989001950e-02
-1.636964025040845566e-02
-1.722061563378768367e-02
-1.806832896501894478e-02
-1.891205601821737553e-02
-1.975106833829474995e-02
-2.058463358458116274e-02
-2.141201587634783410e-02
-2.223247614013454387e-02
-2.304527245884131076e-02
-2.384966042251858431e-02
-2.464489348079439146e-02
-2.543022329692042061e-02
-2.620490010335684711e-02
-2.696817305890189531e-02
-2.771929060730961986e-02
-2.845750083737037459e-02
-2.918205185272618185e-02
-2.989219210159129586e-02
-3.058717079123335347e-02
-3.126623822026800004e-02
-3.192864615428853831e-02
-3.257364819451842586e-02
-3.320050014787796072e-02
-3.380846039848864337e-02
-3.439679028062787858e-02
-3.496475445313617508e-02
-3.551162127531681811e-02
-3.603666318433981774e-02
-3.653915707417170616e-02
-3.701838467606917427e-02
-3.747363294064872535e-02
-3.790419442158055041e-02
-3.830936766092780943e-02
-3.868845757616371644e-02
-3.904077584891080255e-02
-3.936564131541683137e-02
-3.966238035881813201e-02
-3.993032730322673002e-02
-4.016882480964151236e-02
-4.037722427377093276e-02
-4.055488622573930058e-02
-4.070118073174651407e-02
-4.081548779769277741e-02
-4.089719777478680041e-02
-4.094571176717731048e-02
-4.096044204160408098e-02
-4.094081243910325379e-02
-4.088625878876332720e-02
-4.079622932355167486e-02
-4.067018509819982086e-02
-4.050760040916254884e-02
-4.030796321661791332e-02
-4.007077556852615269e-02
-3.979555402670598152e-02
-3.948183009489792533e-02
-3.912915064881474642e-02
-3.873707836809085064e-02
-3.830519217013877292e-02
-3.783308764580732564e-02
-3.732037749681518801e-02
-3.676669197487182628e-02
-3.617167932241572431e-02
-3.553500621487166306e-02
-3.485635820434282439e-02
-3.413544016462261715e-02
-3.337197673740806975e-02
-3.256571277960580713e-02
-3.171641381156715955e-02
-3.082386646614174858e-02
-2.988787893834829110e-02
-2.890828143555073185e-02
-2.788492662789906693e-02
-2.681769009891265404e-02
-2.570647079594052739e-02
-2.455119154788234365e-02
-2.335179917712224343e-02
-2.210826569289982280e-02
-2.082058771842869999e-02
-1.948878796591530654e-02
-1.811291492340781281e-02
-1.669304364341489891e-02
-1.522927611361190106e-02
-1.372174170092703080e-02
-1.217059757996725652e-02
-1.057602917083154750e-02
-8.938250567561400670e-03
-7.257504964006393500e-03
-5.534065075577437876e-03
-3.768233556543613451e-03
-1.960343412458072712e-03
-1.107584073569128219e-04
1.780126534716949468e-03
3.711884934234625788e-03
5.684058367208633805e-03
7.696156083147030064e-03
9.747654630366470521e-03
1.183799748913822759e-02
1.396659471311701740e-02
1.613282257351390803e-02
1.833602324234950842e-02
2.057550442621906145e-02
2.285053906900109955e-02
2.516036503617110134e-02
2.750418481611736216e-02
2.988116523320624718e-02
3.229043717309973416e-02
3.473109532087587104e-02
3.720219791245412549e-02
3.970276649988653539e-02
4.223178573104235944e-02
4.478820314421640136e-02
4.737092897822581250e-02
4.997883599851495745e-02
5.261075933984964842e-02
5.526549636611864658e-02
5.794180654779595985e-02
6.063841135762915169e-02
6.335399418507271785e-02
6.608720027003398001e-02
6.883663665646735930e-02
7.160087216633115315e-02
7.437843739449119529e-02
7.716782472504446488e-02
7.996748836962964957e-02
8.277584442823318622e-02
8.559127097296843900e-02
8.841210815540205548e-02
9.123665833783659029e-02
9.406318624911641502e-02
9.688991916538512716e-02
9.971504711626601181e-02
1.025367231169398569e-01
1.053530634265454208e-01
1.081621478333442410e-01
1.109620199670624252e-01
1.137506876388049148e-01
1.165261232089398052e-01
1.192862639833272703e-01
1.220290126382309881e-01
1.247522376742811884e-01
1.274537738997664205e-01
1.301314229436049408e-01
1.327829537982341268e-01
1.354061033927136393e-01
1.379985771962727314e-01
1.405580498525117461e-01
1.430821658444656475e-01
1.455685401907246823e-01
1.480147591727167533e-01
1.504183810933477916e-01
1.527769370670382376e-01
1.550879318412728691e-01
1.573488446497195714e-01
1.595571300969313433e-01
1.617102190746385060e-01
1.638055197096001392e-01
1.658404183429817713e-01
1.678122805411375040e-01
1.697184521377561039e-01
1.715562603071422720e-01
1.733230147628889717e-01
1.750160085132770604e-01
1.766325195999517705e-01
1.781698118043701651e-01
1.796251363950388258e-01
1.809957327431056529e-01
1.822788300364680536e-01
1.834716484862909114e-01
1.845714006698252474e-01
1.855752929013527730e-01
1.864805266308119658e-01
1.872842998695973538e-01
1.879838086429603816e-01
1.885762484685027662e-01
1.890588158601032021e-01
1.894287098566694028e-01
1.896831335750837899e-01
1.898192957865694197e-01
1.898344125158456519e-01
1.897257086882530308e-01
1.894904196681740371e-01
1.891257930773288798e-01
1.886290903734854640e-01
1.879975885771793254e-01
1.872285819903714843e-01
1.863193839319027267e-01
1.852673284888097793e-01
1.840697722825148375e-01
1.827240962488349829e-01
1.812277074308051850e-01
1.795780407832134884e-01
1.777725609877695290e-01
1.758087642777691473e-01
1.736841802711154015e-01
1.713963738105274692e-01
1.689429468097330134e-01
1.663215401044342567e-01
1.635298353068057320e-01
1.605655566622817554e-01
1.574264729073119318e-01
1.541103991268739926e-01
1.506151986102828577e-01
1.469387847041717654e-01
1.430791226610679812e-01
1.390342314823838077e-01
1.348021857543620361e-01
1.303811174755756808e-01
1.257692178746399048e-01
1.209647392166658397e-01
1.159659965970661344e-01
1.107713697212884263e-01
1.053793046689979196e-01
9.978831564132609189e-02
9.399698668969992676e-02
8.800397342476604101e-02
8.180800470408267078e-02
7.540788429692307782e-02
6.880249252496858925e-02
6.199078787724881384e-02
5.497180859792363122e-02
4.774467424559191570e-02
4.030858722243300940e-02
3.266283427204646345e-02
2.480678794426790026e-02
1.673990802575895526e-02
8.461742934880091271e-03
-2.806892057488630243e-05
-8.729797824094304159e-03
-1.764362147105605350e-02
-2.676962373053194677e-02
-3.610779344961589227e-02
-4.565802330165999456e-02
-5.542010867961576909e-02
-6.539374663582869784e-02
-7.557853486958290845e-02
-8.597397076340562716e-02
-9.657945046968588465e-02
-1.073942680484157031e-01
-1.184176146575065813e-01
-1.296485777966141506e-01
-1.410861406056232725e-01
-1.527291812188987241e-01
-1.645764721762078553e-01
-1.766266798914830627e-01
-1.888783641540466296e-01
-2.013299778195794532e-01
-2.139798663858383798e-01
-2.268262674665471046e-01
-2.398673109810063875e-01
-2.531010189289368828e-01
-2.665253049330833512e-01
-2.801379745031257196e-01
-2.939367249857778863e-01
-3.079191456574477681e-01
-3.220827178830969473e-01
-3.364248153416350973e-01
-3.509427043185898154e-01
-3.656335440661839797e-01
-3.804943872314116571e-01
-3.955221803523155666e-01
-4.107137644227066842e-01
-4.260658755590208679e-01
-4.415751455692961125e-01
-4.572381029245191630e-01
-4.730511734658116585e-01
-4.890106813471943870e-01
-5.051128500141964794e-01
-5.213538032513111986e-01
-5.377295662983410107e-01
-5.542360670353632113e-01
-5.708691372359573357e-01
-5.876245138886815322e-01
-6.044978405860335080e-01
-6.214846689808815050e-01
-6.385804603096926213e-01
-6.557805869819341993e-01
-6.730803342354783059e-01
-6.904749018568236973e-01
-7.079594059659775063e-01
-7.255288808649831278e-01
-7.431782809492736286e-01
-7.609024826812466058e-01
-7.786962866249160786e-01
-7.965544195408705841e-01
-8.144715365405067464e-01
-8.324422232983845760e-01
-8.504609983218148761e-01
-8.685223152763170695e-01
-8.866205653658849606e-01
-9.047500797669011385e-01
-9.229051321140401276e-01
-9.410799410374055540e-01
-9.592686727488952680e-01
-9.774654436768630550e-01
-9.956643231473596423e-01
-1.013859336110429332e+00
-1.032044465910030073e+00
-1.050213657095859787e+00
-1.068360818275539081e+00
-1.086479825005416400e+00
-1.104564522718284758e+00
-1.122608729686279005e+00
-1.140606240017160822e+00
-1.158550826682121171e+00
-1.176436244573404677e+00
-1.194256233589586547e+00
-1.212004521746879337e+00
-1.229674828314352153e+00
-1.247260866971101168e+00
-1.264756348983526957e+00
-1.282154986400392715e+00
-1.299450495263996697e+00
-1.316636598835015715e+00
-1.333707030829277107e+00
-1.350655538664115474e+00
-1.367475886712254285e+00
-1.384161859561179764e+00
-1.400707265275669577e+00
-1.417105938661555209e+00
-1.433351744528304827e+00
-1.449438580948442690e+00
-1.465360382511535553e+00
-1.481111123570506782e+00
-1.496684821478260652e+00
-1.512075539812253622e+00
-1.527277391584862309e+00
-1.542284542448977058e+00
-1.557091213827975773e+00
-1.571691686137973054e+00
-1.586080301875262055e+00
-1.600251468734100735e+00
-1.614199662650722900e+00
-1.627919431005169670e+00
-1.641405395399580858e+00
-1.654652254821493251e+00
-1.667654788504647989e+00
-1.680407858921137976e+00
-1.692906414591158093e+00
-1.705145492931362305e+00
-1.717120223041586513e+00
-1.728825828445805346e+00
-1.740257629785533888e+00
-1.751411047463549364e+00
-1.762281604219551490e+00
-1.772864927735955165e+00
-1.783156753021936547e+00
-1.793152924907032819e+00
-1.802849400393018220e+00
-1.812242250962177614e+00
-1.821327664823584547e+00
-1.830101949095806146e+00
-1.838561531924541859e+00
-1.846702964533563751e+00
-1.854522923207588381e+00
-1.862018211205574314e+00
-1.869185760603077284e+00
-1.876022634062393557e+00
-1.882526026529099950e+00
-1.888693266853890718e+00
-1.894521819338440105e+00
-1.900009285204187659e+00
-1.905153403983049332e+00
-1.909952054828926382e+00
-1.914403257749170306e+00
-1.918505174755064990e+00
-1.922256110930437911e+00
-1.925654515417735801e+00
-1.928698982320725452e+00
-1.931388251523256994e+00
-1.933721209423445275e+00
-1.935696889582726454e+00
-1.937314473289356132e+00
-1.938573290035899399e+00
-1.939472817910390612e+00
-1.940012683900856461e+00
-1.940192664112996512e+00
