-2.620057999433241847e+01
-2.618966840263770735e+01
-2.615694440434382528e+01
-2.610244031847605584e+01
-2.602620997227157318e+01
-2.592832864451425934e+01
-2.580889298628893158e+01
-2.566802091923999285e+01
-2.550585151144376184e+01
-2.532254483102766685e+01
-2.511828177769417181e+01
-2.489326389232970271e+01
-2.464771314490361931e+01
-2.438187170082067823e+01
-2.409600166636369423e+01
-2.379038481253470039e+01
-2.346532227887963984e+01
-2.312113425664706057e+01
-2.275815965200899882e+01
-2.237675572964081638e+01
-2.197729773704280731e+01
-2.156017851000711261e+01
-2.112580805965349384e+01
-2.067461314147777074e+01
-2.020703680687489268e+01
-1.972353793761902097e+01
-1.922459076379981369e+01
-1.871068436573251148e+01
-1.818232216037662141e+01
-1.764002137281421057e+01
-1.708431249335509605e+01
-1.651573872085167949e+01
-1.593485539282026409e+01
-1.534222940298083593e+01
-1.473843860683951412e+01
-1.412407121595186688e+01
-1.349972518151615475e+01
-1.286600756795786360e+01
-1.222353391717700077e+01
-1.157292760413973554e+01
-1.091481918497565928e+01
-1.024984573545090605e+01
-9.578650187608632294e+00
-8.901880655828708910e+00
-8.220189760133937540e+00
-7.534233944621008483e+00
-6.844672792220814372e+00
-6.152168336095634515e+00
-5.457384370975445265e+00
-4.760985758737763973e+00
-4.063637737576056175e+00
-3.366005229025105017e+00
-2.668752146179643514e+00
-1.972540703412241081e+00
-1.278030728328291232e+00
-5.858789766926051357e-01
1.032615489402872733e-01
7.887422761647084890e-01
1.469919734509077092e+00
2.146156221350582705e+00
2.816820461249685437e+00
3.481288258001059788e+00
4.138943138706340008e+00
4.789176989182687194e+00
5.431390680030729889e+00
6.064994682695285633e+00
6.689409674864332800e+00
7.304067134562112429e+00
7.908409922305604134e+00
8.501892850706360250e+00
9.083983240925276093e+00
9.654161465319766933e+00
1.021192147588118715e+01
1.075677131767904271e+01
1.128823362693230870e+01
1.180584611311888743e+01
1.230916202462395859e+01
1.279775059743693610e+01
1.327119748642458319e+01
1.372910517872695024e+01
1.417109338884225522e+01
1.459679943498677801e+01
1.500587859633631460e+01
1.539800445077612601e+01
1.577286919280810196e+01
1.613018393128508876e+01
1.646967896666390985e+01
1.679110404749170016e+01
1.709422860586194304e+01
1.737884197159992894e+01
1.764475356495978176e+01
1.789179306763960398e+01
1.811981057194362421e+01
1.832867670794452408e+01
1.851828274852324796e+01
1.868854069213762870e+01
1.883938332353839940e+01
1.897076425165095159e+01
1.908265792556698415e+01
1.917505962791791418e+01
1.924798544594113636e+01
1.930147222023662579e+01
1.933557747128435267e+01
1.935037930381613691e+01
1.934597628916008105e+01
1.932248732569934901e+01
1.928005147761039595e+01
1.921882779206979563e+01
1.913899509514136454e+01
1.904075176657884327e+01
1.892431549380150102e+01
1.878992300532324577e+01
1.863782978393721379e+01
1.846830975997988489e+01
1.828165498502046660e+01
1.807817528634172533e+01
1.785819790259975193e+01
1.762206710106983465e+01
1.737014377690557154e+01
1.710280503485772385e+01
1.682044375391806668e+01
1.652346813537155157e+01
1.621230123475826446e+01
1.588738047826334565e+01
1.554915716407034765e+01
1.519809594922869422e+01
1.483467432323095636e+01
1.445938206510729174e+01
1.407272069406983306e+01
1.367520290173037267e+01
1.326735197595422910e+01
1.284970121320742642e+01
1.242279332067262665e+01
1.198717980818184259e+01
1.154342037428546064e+01
1.109208227798904112e+01
1.063373970904991417e+01
1.016897314835898136e+01
9.698368722777924944e+00
9.222517554524785055e+00
8.742015105819289644e+00
8.257460519503664997e+00
7.769455956358886084e+00
7.278605929839511823e+00
6.785516638952585389e+00
6.290795300007649971e+00
5.795049477966329299e+00
5.298886418118835095e+00
4.802912378815147321e+00
4.307731965976563160e+00
3.813947470110857996e+00
3.322158206551425241e+00
2.832959859673467751e+00
2.346943831578422568e+00
1.864696596505780679e+00
1.386799060932563332e+00
9.138259306103293511e-01
4.463450850014063498e-01
-1.508304017133710317e-02
-4.699060615938130958e-01
-9.175802475911214451e-01
-1.357571107272385946e+00
-1.789353968954075391e+00
-2.212414547238493512e+00
-2.626249498136211447e+00
-3.030366961635263312e+00
-3.424287091133434657e+00
-3.807542569164788393e+00
-4.179679108866982240e+00
-4.540255940651614530e+00
-4.888846283556391725e+00
-5.225037800774918750e+00
-5.548433038877251811e+00
-5.858649850252920288e+00
-6.155321798326074401e+00
-6.438098545112088900e+00
-6.706646220724517882e+00
-6.960647774317555658e+00
-7.199803306402701608e+00
-7.423830381774689791e+00
-7.632464323029867437e+00
-7.825458484243922541e+00
-8.002584504544078214e+00
-8.163632541312420443e+00
-8.308411482778687684e+00
-8.436749139784383900e+00
-8.548492416522408988e+00
-8.643507460079453253e+00
-8.721679788632275887e+00
-8.782914398171744352e+00
-8.827135847652467504e+00
-8.854288322489503926e+00
-8.864335676347081971e+00
-8.857261451188566781e+00
-8.833068875580124768e+00
-8.791780841264850821e+00
-8.733439858047685078e+00
-8.658107987055082333e+00
-8.565866752457358402e+00
-8.456817031764785497e+00
-8.331078924832349131e+00
-8.188791601730875058e+00
-8.030113129665808813e+00
-7.855220279147292928e+00
-7.664308309638193428e+00
-7.457590734929025800e+00
-7.235299068510524734e+00
-6.997682549237007166e+00
-6.745007847594330030e+00
-6.477558752908141315e+00
-6.195635841848281089e+00
-5.899556128374927155e+00
-5.589652696909844565e+00
-5.266274315676417572e+00
-4.929785035278209548e+00
-4.580563769489193859e+00
-4.219003860120558613e+00
-3.845512626220191521e+00
-3.460510898321637718e+00
-3.064432536995265632e+00
-2.657723939423043191e+00
-2.240843530292326413e+00
-1.814261240778976880e+00
-1.378457974917208784e+00
-9.339250641654581742e-01
-4.811637107762667398e-01
-2.068442058950648033e-02
4.469935741193182821e-01
9.213429010951172948e-01
1.401828643211122216e+00
1.887908941568420929e+00
2.379035605918082386e+00
2.874654731728231827e+00
3.374207323213342935e+00
3.877129921613602370e+00
4.382855238153652522e+00
4.890812790673236599e+00
5.400429543630265172e+00
5.911130550468940648e+00
6.422339597761787644e+00
6.933479850394781430e+00
7.443974497083480912e+00
7.953247395507795581e+00
8.460723716354220159e+00
8.965830585555641719e+00
9.467997724020854378e+00
9.966658084149621288e+00
1.046124848243230687e+01
1.095121022743857075e+01
1.143598974250375022e+01
1.191503918242927185e+01
1.238781704351884905e+01
1.285378876628079858e+01
1.331242733013484880e+01
1.376321383947087895e+01
1.420563810041699604e+01
1.463919918768474560e+01
1.506340600087002279e+01
1.547777780965300387e+01
1.588184478699163371e+01
1.627514853049276411e+01
1.665724257037255995e+01
1.702769286421182926e+01
1.738607827766360003e+01
1.773199105063820369e+01
1.806503724845806502e+01
1.838483719749057954e+01
1.869102590478491166e+01
1.898325346125635349e+01
1.926118542798035094e+01
1.952450320517666427e+01
1.977290438348398993e+01
2.000610307714426384e+01
2.022383023873678454e+01
2.042583395512206934e+01
2.061187972427646287e+01
2.078175071272002228e+01
2.093524799326086949e+01
2.107219076280200909e+01
2.119241653997772801e+01
2.129578134240981768e+01
2.138215984339579379e+01
2.145144550786434934e+01
2.150355070745605701e+01
2.153840681461042905e+01
2.155596427556379524e+01
2.155619266218509367e+01
2.153908070260120056e+01
2.150463629058539539e+01
2.145288647370714230e+01
2.138387742026418437e+01
2.129767436504146261e+01
2.119436153396451417e+01
2.107404204773891720e+01
2.093683780458925625e+01
2.078288934223554563e+01
2.061235567926648216e+01
2.042541413535894890e+01
2.022226013495246022e+01
2.000310698359459138e+01
1.976818563261891271e+01
1.951774441630938384e+01
1.925204878156250032e+01
1.897138098410250606e+01
1.867603977782128410e+01
1.836634007799693435e+01
1.804261261459810228e+01
1.770520356101781090e+01
1.735447414940198385e+01
1.699080026869908977e+01
1.661457204659823716e+01
1.622619341582307229e+01
1.582608166526602389e+01
1.541466697646296424e+01
1.499239194592615299e+01
1.455971109386689299e+01
1.411709035982605798e+01
1.366500658595022166e+01
1.320394698804388334e+01
1.273440861558301407e+01
1.225689780083846969e+01
1.177192959790286153e+01
1.128002721221418270e+01
1.078172142120765642e+01
1.027754998674031839e+01
9.768057059938136888e+00
9.253792579127075868e+00
8.735311661513588177e+00
8.213173989289739296e+00
7.687943190842018382e+00
7.160186217748497839e+00
6.630472718255011166e+00
6.099374407921830610e+00
5.567464438137666782e+00
5.035316763199451984e+00
4.503505506656225954e+00
3.972604327618717512e+00
3.443185787732977232e+00
2.915820719518335657e+00
2.391077596766325364e+00
1.869521907688862505e+00
1.351715531544421367e+00
8.382161193412365208e-01
3.295764794130846553e-01
-1.736560315356046047e-01
-6.709401112144508517e-01
-1.161741107701035780e+00
-1.645531607909084038e+00
-2.121792017922462747e+00
-2.590011134555965988e+00
-3.049686707515078865e+00
-3.500325991535262915e+00
-3.941446287894699196e+00
-4.372575474704622600e+00
-4.793252525395207186e+00
-5.203028014827207670e+00
-5.601464612473693094e+00
-5.988137562130999569e+00
-6.362635147632621724e+00
-6.724559144055087145e+00
-7.073525253922117173e+00
-7.409163527928156689e+00
-7.731118769722024275e+00
-8.039050924306893720e+00
-8.332635449632245894e+00
-8.611563670971985829e+00
-8.875543117701342410e+00
-9.124297842105768552e+00
-9.357568719874056029e+00
-9.575113731948313500e+00
-9.776708227424979469e+00
-9.962145167220457509e+00
-1.013123534823800043e+01
-1.028380760779277026e+01
-1.041970900807421785e+01
-1.053880500044749979e+01
-1.064097956941700929e+01
-1.072613535609853130e+01
-1.079419376106852368e+01
-1.084509502648212198e+01
-1.087879829737421922e+01
-1.089528166208111948e+01
-1.089454217174320227e+01
-1.087659583876946812e+01
-1.084147761488260997e+01
-1.078924134725458650e+01
-1.071995971479828924e+01
-1.063372414319179171e+01
-1.053064469932946423e+01
-1.041084996522279127e+01
-1.027448689162661211e+01
-1.012172063077303008e+01
-9.952734350351844839e+00
-9.767729026362715672e+00
-9.566923217000811164e+00
-9.350552817062785849e+00
-9.118870793276110831e+00
-8.872146900809815051e+00
-8.610667381516119434e+00
-8.334734643660340225e+00
-8.044666924269638031e+00
-7.740797933898408090e+00
-7.423476484438403133e+00
-7.093066100349030734e+00
-6.749944613741884147e+00
-6.394503743769375248e+00
-6.027148660785909939e+00
-5.648297535766470645e+00
-5.258381075482631672e+00
-4.857842043953547240e+00
-4.447134770702372286e+00
-4.026724646364375104e+00
-3.597087606207050481e+00
-3.158709602133994654e+00
-2.712086063759150178e+00
-2.257721349148283707e+00
-1.796128185836491475e+00
-1.327827102741477638e+00
-8.533458536008797779e-01
-3.732188325733503120e-01
1.120135173507899040e-01
6.018053024742053836e-01
1.095605782342701673e+00
1.592859979138003368e+00
2.093009291128871574e+00
2.595492110447638723e+00
3.099744443801251137e+00
3.605200535713305232e+00
4.111293493562357071e+00
4.617455913724589855e+00
5.123120508130866391e+00
5.627720730544930383e+00
6.130691401872459423e+00
6.631469333810072087e+00
7.129493950146325254e+00
7.624207905029664722e+00
8.115057697520610347e+00
8.601494281750847293e+00
9.082973672016940725e+00
9.558957542140840147e+00
1.002891381843726393e+01
1.049231726563434819e+01
1.094865006510249117e+01
1.139740238475415346e+01
1.183807293998732568e+01
1.227016954505571888e+01
1.269320965425797887e+01
1.310672089235121085e+01
1.351024157360556899e+01
1.390332120892844614e+01
1.428552100054490204e+01
1.465641432338830086e+01
1.501558719357739946e+01
1.536263872195810620e+01
1.569718155371888813e+01
1.601884229269392534e+01
1.632726191018894468e+01
1.662209613783958417e+01
1.690301584407113111e+01
1.716970739374750821e+01
1.742187299061614070e+01
1.765923100217348463e+01
1.788151626659671223e+01
1.808848038140608594e+01
1.827989197354290241e+01
1.845553695056885246e+01
1.861521873271292904e+01
1.875875846551372206e+01
1.888599521347183696e+01
1.899678613062658883e+01
1.909100661756952633e+01
1.916855045178630235e+01
1.922932990089895355e+01
1.927327581480002294e+01
1.930033769722907167e+01
1.931048375610933476e+01
1.930370093624446781e+01
1.927999492519757041e+01
1.923939014456807328e+01
1.918192971750637454e+01
1.910767541613961384e+01
1.901670758847624754e+01
1.890912506470872501e+01
1.878504504314996737e+01
1.864460295588088456e+01
1.848795231427009966e+01
1.831526453454072012e+01
1.812672874358071695e+01
1.792255156521486725e+01
1.770295688717872551e+01
1.746818560905516904e+01
1.721849537145599385e+01
1.695416026675133381e+01
1.667547053166943982e+01
1.638273222211078917e+01
1.607626687053814152e+01
1.575641112632509255e+01
1.542351637946316956e+01
1.507794836804643168e+01
1.472008676997057641e+01
1.435032477929987671e+01
1.396906866777348277e+01
1.357673733193811394e+01
1.317376182640957794e+01
1.276058488381348610e+01
1.233766042175165367e+01
1.190545303780183062e+01
1.146443749250187061e+01
1.101509818134481833e+01
1.055792859619110047e+01
1.009343077672340883e+01
9.622114752552878514e+00
9.144497976594944788e+00
8.661104750341515057e+00
8.172465641666846636e+00
7.679116895811161747e+00
7.181599840194390794e+00
6.680460283718836045e+00
6.176247911224909792e+00
5.669515673770577635e+00
5.160819175408517978e+00
4.650716031532930117e+00
4.139765378723467393e+00
3.628526999030389888e+00
3.117560955618412954e+00
2.607426844222286100e+00
2.098683198839841779e+00
1.591886873100591515e+00
1.087592423599865299e+00
5.863514958798727861e-01
8.871221373570747915e-02
-4.047814274790688671e-01
-8.935901628779312489e-01
-1.377180054733221581e+00
-1.855023083175163734e+00
-2.326597730247357276e+00
-2.791389556673133931e+00
-3.248891770696953785e+00
-3.698605788374112358e+00
-4.140041784689259430e+00
-4.572719234897657969e+00
-4.996167445491611403e+00
-5.409926074206448554e+00
-5.813545638494145962e+00
-6.206588011902946178e+00
-6.588626907817520362e+00
-6.959248350025620589e+00
-7.318051129594306481e+00
-7.664647247551595655e+00
-7.998662342887367771e+00
-8.319736105401807080e+00
-8.627522672947881333e+00
-8.921691012630237338e+00
-9.201925285542476018e+00
-9.467925195003425998e+00
-9.719406315739840707e+00
-9.956100409070355539e+00
-1.017775571653612587e+01
-1.038413723705275871e+01
-1.057502698512452710e+01
-1.075022423019712114e+01
-1.090954571654348193e+01
-1.105282586549487078e+01
-1.117991695467451052e+01
-1.129068928085551171e+01
-1.138503130116097140e+01
-1.146284975449119692e+01
-1.152406976270742511e+01
-1.156863491146250666e+01
-1.159650731059175222e+01
-1.160766763399988122e+01
-1.160211513900221547e+01
-1.157986766510145671e+01
-1.154096161220371286e+01
-1.148545189830030289e+01
-1.141341189666460210e+01
-1.132493335263558976e+01
-1.122012628008245727e+01
-1.109911883766722163e+01
-1.096205718504386617e+01
-1.080910531915581174e+01
-1.064044489081441469e+01
-1.045627500176340874e+01
-1.025681198245575843e+01
-1.004228915079071882e+01
-9.812956552048550662e+00
-9.569080680498059266e+00
-9.310944182521428303e+00
-9.038845542208168382e+00
-8.753098749299287107e+00
-8.454032950038786964e+00
-8.141992081287945382e+00
-7.817334488308912199e+00
-7.480432526641004998e+00
-7.131672148511459142e+00
-6.771452474239492147e+00
-6.400185349107650801e+00
-6.018294886192733451e+00
-5.626216995661574849e+00
-5.224398901053509903e+00
-4.813298643085588857e+00
-4.393384571528716975e+00
-3.965134825718323430e+00
-3.529036804274254813e+00
-3.085586624615516360e+00
-2.635288572869974200e+00
-2.178654544785370017e+00
-1.716203478261566939e+00
-1.248460778131229354e+00
-7.759577338239775912e-01
-2.992309305596743130e-01
1.811783452797222083e-01
6.647247059415510861e-01
1.150859266594791208e+00
1.639030253455317165e+00
2.128683615071468971e+00
2.619263636095876979e+00
3.110213552863869246e+00
3.600976170099796647e+00
4.090994478069501561e+00
4.579712269496869936e+00
5.066574755564390742e+00
5.551029180316330525e+00
6.032525432786355779e+00
6.510516656175052042e+00
6.984459853402890772e+00
7.453816488371459492e+00
7.918053082269580045e+00
8.376641804264773228e+00
8.829061055930390367e+00
9.274796048761405842e+00
9.713339374143112437e+00
1.014419156514331632e+01
1.056686164950861695e+01
1.098086769325489698e+01
1.138573733425181267e+01
1.178100830521387543e+01
1.216622894552097378e+01
1.254095870130359991e+01
1.290476861324239088e+01
1.325724179109169398e+01
1.359797387712241346e+01
1.392657349116255716e+01
1.424266266584721485e+01
1.454587726475601350e+01
1.483586738572043906e+01
1.511229774839962481e+01
1.537484806611616328e+01
1.562321339901629358e+01
1.585710449450294135e+01
1.607624810609101473e+01
1.628038729671036577e+01
1.646928172356429698e+01
1.664270790465818806e+01
1.680045946670511725e+01
1.694234737413558278e+01
1.706820013896048494e+01
1.717786401125585982e+01
1.727120315006110474e+01
1.734809977450262863e+01
1.740845429497739971e+01
1.745218542425287467e+01
1.747923026836153682e+01
1.748954439719103249e+01
1.748310189469291487e+01
1.745989538865570978e+01
1.741993606001055284e+01
1.736325363161488511e+01
1.728989633679761795e+01
1.719993086702920237e+01
1.709344229966822581e+01
1.697053400519805422e+01
1.683132753432288098e+01
1.667596248500394296e+01
1.650459634958427557e+01
1.631740434217113389e+01
1.611457920646705233e+01
1.589633100426324930e+01
1.566288688482842062e+01
1.541449083544890897e+01
1.515140341339624008e+01
1.487390145961729715e+01
1.458227779446517758e+01
1.427684089580584725e+01
1.395791455985657059e+01
1.362583754513144996e+01
1.328096319988619278e+01
1.292365907347448228e+01
1.255430651204454051e+01
1.217330023902261615e+01
1.178104792084631569e+01
1.137796971842691462e+01
1.096449782483589352e+01
1.054107598972588811e+01
1.010815903101001645e+01
9.666212334340350765e+00
9.215711340934355178e+00
8.757141024317830258e+00
8.290995356558314100e+00
7.817776764579933868e+00
7.337995577157793825e+00
6.852169463202302246e+00
6.360822861952358132e+00
5.864486405705498839e+00
5.363696335721900965e+00
4.858993911945844957e+00
4.350924817193826399e+00
3.840038556468601261e+00
3.326887852058551864e+00
2.812028035089856104e+00
2.296016434202815759e+00
1.779411762023479504e+00
1.262773500109196867e+00
7.466612830428216441e-01
2.316342823559995878e-01
-2.817494090401391205e-01
-7.929333912411351548e-01
-1.301363569872236781e+00
-1.806488766077348984e+00
-2.307761323299939882e+00
-2.804637710188102595e+00
-3.296579118962323030e+00
-3.783052058584109645e+00
-4.263528942075116568e+00
-4.737488667339728288e+00
-5.204417190814632832e+00
-5.663808093021167167e+00
-6.115163137922722036e+00
-6.557992818533675106e+00
-6.991816897841771627e+00
-7.416164937020199410e+00
-7.830576813368470113e+00
-8.234603226902716955e+00
-8.627806195573011649e+00
-9.009759535361778759e+00
-9.380049332732911083e+00
-9.738274398256917763e+00
-1.008404670889920318e+01
-1.041699183529439665e+01
-1.073674935406777209e+01
-1.104297324475095721e+01
-1.133533227085742112e+01
-1.161351034469727672e+01
-1.187720687553245469e+01
-1.212613710068958106e+01
-1.236003239926676933e+01
-1.257864058809119179e+01
-1.278172619960194467e+01
-1.296907074135400784e+01
-1.314047293686657980e+01
-1.329574894750462022e+01
-1.343473257527110754e+01
-1.355727544612432389e+01
-1.366324717374501319e+01
-1.375253550352356946e+01
-1.382504643661820509e+01
-1.388070433394980085e+01
-1.391945200001948635e+01
-1.394125074645857154e+01
-1.394608043524211638e+01
-1.393393950151981286e+01
-1.390484495604064641e+01
-1.385883236716985678e+01
-1.379595582251941543e+01
-1.371628787023553464e+01
-1.361991944000929955e+01
-1.350695974389849141e+01
-1.337753615707120147e+01
-1.323179407860373047e+01
-1.306989677248709647e+01
-1.289202518901880445e+01
-1.269837776677699281e+01
-1.248917021539688932e+01
-1.226463527938881271e+01
-1.202502248325994927e+01
-1.177059785822025617e+01
-1.150164365077536388e+01
-1.121845801352770877e+01
-1.092135467852670239e+01
-1.061066261352957696e+01
-1.028672566155044343e+01
-9.949902164096771529e+00
-9.600564568507268248e+00
-9.239099019824728032e+00
-8.865904937653660056e+00
-8.481394578468311352e+00
-8.085992583854626048e+00
-7.680135515182146655e+00
-7.264271375219542470e+00
-6.838859117219951322e+00
-6.404368142017098364e+00
-5.961277783685307696e+00
-5.510076784330445676e+00
-5.051262758588119794e+00
-4.585341648420746097e+00
-4.112827168811481471e+00
-3.634240244965219357e+00
-3.150108441637342604e+00
-2.660965385214741019e+00
-2.167350179188264558e+00
-1.669806813656053990e+00
-1.168883569510001497e+00
-6.651324179577409179e-01
-1.591084160419460325e-01
3.486309011799102464e-01
8.575261311257551533e-01
1.367016616142151975e+00
1.876541057474561125e+00
2.385538129511295402e+00
2.893447094383959417e+00
3.399708415682053175e+00
3.903764371066175798e+00
4.405059661675322147e+00
4.903042021161847508e+00
5.397162818989784228e+00
5.886877660876940865e+00
6.371646984295251670e+00
6.850936648617127034e+00
7.324218519089740198e+00
7.790971045021549024e+00
8.250679828963448870e+00
8.702838189735400576e+00
9.146947716052855171e+00
9.582518811206146125e+00
1.000907122801839222e+01
1.042613459349497873e+01
1.083324892259122230e+01
1.122996512053410179e+01
1.161584547314961213e+01
1.199046412465764000e+01
1.235340754241263284e+01
1.270427496813123192e+01
1.304267885481378997e+01
1.336824528962972281e+01
1.368061440130921191e+01
1.397944075234225814e+01
1.426439371525762567e+01
1.453515783262197480e+01
1.479143316036548761e+01
1.503293559405987345e+01
1.525939717779333726e+01
1.547056639530551436e+01
1.566620844306633131e+01
1.584610548500114469e+01
1.601005688858590759e+01
1.615787944205561644e+01
1.628940755249133332e+01
1.640449342457042903e+01
1.650300721978818075e+01
1.658483719597808559e+01
1.664988982698146103e+01
1.669808990233845591e+01
1.672938060689379469e+01
1.674372358023396501e+01
1.674109895589348085e+01
1.672150538029100630e+01
1.668496001137784290e+01
1.663149849700400296e+01
1.656117493302902588e+01
1.647406180122709785e+01
1.637024988705838169e+01
1.624984817740035581e+01
1.611298373835489883e+01
1.595980157326922466e+01
1.579046446112979218e+01
1.560515277551046154e+01
1.540406428427696639e+01
1.518741393027191222e+01
1.495543359322312149e+01
1.470837183314225705e+01
1.444649361549723743e+01
1.417008001846426346e+01
1.387942792258480829e+01
1.357484968317060670e+01
1.325667278582048958e+01
1.292523948543003698e+01
1.258090642909394141e+01
1.222404426331819494e+01
1.185503722597603726e+01
1.147428272345912248e+01
1.108219089349108089e+01
1.067918415408596999e+01
1.026569673915000713e+01
9.842174221238643383e+00
9.409073021996253061e+00
8.966859910817932544e+00
8.516011492285713302e+00
8.057013682946436717e+00
7.590361177988965480e+00
7.116556908505114798e+00
6.636111489694164867e+00
6.149542660937898475e+00
5.657374718120578905e+00
5.160137938916435019e+00
4.658368001661170155e+00
4.152605398446138629e+00
3.643394843081767753e+00
3.131284673951267639e+00
2.616826256183316879e+00
2.100573374377250335e+00
1.583081629750477726e+00
1.064907828448188543e+00
5.466093789740267272e-01
2.874367623957464757e-02
-4.881325039221150464e-01
-1.003463616426405247e+00
-1.516695950139391513e+00
-2.027278235223660463e+00
-2.534662244490445637e+00
-3.038303391884242810e+00
-3.537661326816500473e+00
-4.032200523693715510e+00
-4.521390865995891239e+00
-5.004708224284466489e+00
-5.481635027386444037e+00
-5.951660826428817330e+00
-6.414282850710265826e+00
-6.869006555095449329e+00
-7.315346158217042927e+00
-7.752825170916413988e+00
-8.180976914344084250e+00
-8.599345027156124033e+00
-9.007483961249228344e+00
-9.404959465497489290e+00
-9.791349056958228658e+00
-1.016624247903664546e+01
-1.052924214610798259e+01
-1.087996357411248205e+01
-1.121803579665576223e+01
-1.154310176615943639e+01
-1.185481873962791788e+01
-1.215285864861030518e+01
-1.243690845295671465e+01
-1.270667047798452387e+01
-1.296186273468949679e+01
-1.320221922265417902e+01
-1.342749021532705989e+01
-1.363744252736332108e+01
-1.383185976373940917e+01
-1.401054255037291973e+01
-1.417330874599991297e+01
-1.431999363508300327e+01
-1.445045010154330001e+01
-1.456454878313195600e+01
-1.466217820627689505e+01
-1.474324490126310039e+01
-1.480767349762574092e+01
-1.485540679965742505e+01
-1.488640584195303695e+01
-1.490064992493707763e+01
-1.489813663034105318e+01
-1.487888181662010822e+01
-1.484291959432035668e+01
-1.479030228143037107e+01
-1.472110033877236290e+01
-1.463540228551063649e+01
-1.453331459487637289e+01
-1.441496157023004621e+01
-1.428048520160395896e+01
-1.413004500288939269e+01
-1.396381782985324449e+01
-1.378199767919091911e+01
-1.358479546884288602e+01
-1.337243879982204042e+01
-1.314517169982099354e+01
-1.290325434888636913e+01
-1.264696278746860791e+01
-1.237658860717385245e+01
-1.209243862456427010e+01
-1.179483453837119455e+01
-1.148411257045668776e+01
-1.116062309120694884e+01
-1.082473022906813931e+01
-1.047681146560230658e+01
-1.011725721580642201e+01
-9.746470394445525542e+00
-9.364865968833003151e+00
-8.972870498557167451e+00
-8.570921662662449592e+00
-8.159467774813247587e+00
-7.738967286975184656e+00
-7.309888282165912798e+00
-6.872707956837702525e+00
-6.427912093368444602e+00
-5.975994523809459835e+00
-5.517456584100346895e+00
-5.052806561166937271e+00
-4.582559132178319672e+00
-4.107234797108287871e+00
-3.627359305141716561e+00
-3.143463075719225230e+00
-2.656080613918827549e+00
-2.165749923147071598e+00
-1.673011912715921312e+00
-1.178409803240834552e+00
-6.824885296503944154e-01
-1.857941423900890676e-01
3.111267919587392683e-01
8.077277907326601003e-01
1.303463054688299039e+00
1.797788066518709371e+00
2.290160187687368065e+00
2.780039252921643111e+00
3.266888161712800276e+00
3.750173466170826586e+00
4.229365954588510057e+00
4.703941230071588819e+00
5.173380283601078489e+00
5.637170060896647072e+00
6.094804022459414661e+00
6.545782696178168436e+00
6.989614221894140833e+00
7.425814887325709712e+00
7.853909654765871551e+00
8.273432677975499416e+00
8.683927808704892115e+00
9.084949092290941053e+00
9.476061251785196760e+00
9.856840160085607039e+00
1.022687329955341440e+01
1.058576020861492317e+01
1.093311291485942149e+01
1.126855635416044166e+01
1.159172877536448354e+01
1.190228213010497527e+01
1.219988244731776206e+01
1.248421019205057902e+01
1.275496060817655675e+01
1.301184404463990241e+01
1.325458626487972325e+01
1.348292873909739598e+01
1.369662891905151980e+01
1.389546049508290793e+01
1.407921363509480628e+01
1.424769520522908728e+01
1.440072897200381519e+01
1.453815578569542311e+01
1.465983374476986967e+01
1.476563834119005136e+01
1.485546258644460238e+01
1.492921711816813080e+01
1.498683028724151178e+01
1.502824822528442894e+01
1.505343489247303879e+01
1.506237210563758566e+01
1.505505954661688683e+01
1.503151475086818323e+01
1.499177307635256717e+01
1.493588765273849006e+01
1.486392931098684578e+01
1.477598649340374770e+01
1.467216514426750607e+01
1.455258858114774512e+01
1.441739734713331700e+01
1.426674904397460431e+01
1.410081814654935606e+01
1.391979579870468875e+01
1.372388959077121484e+01
1.351332331899225814e+01
1.328833672714189618e+01
1.304918523062406166e+01
1.279613962336537725e+01
1.252948576783272472e+01
1.224952426852521548e+01
1.195657012930813146e+01
1.165095239497548718e+01
1.133301377744277438e+01
1.100311026699077566e+01
1.066161072959306111e+01
1.030889648719768914e+01
9.945360890388471375e+00
9.571408871960237263e+00
9.187456490870077985e+00
8.793930463485668980e+00
8.391267683256742771e+00
7.979914728764585519e+00
7.560327364212622747e+00
7.132970023987300401e+00
6.698315294058341252e+00
6.256843381295499107e+00
5.809041575373360189e+00
5.355403703046694552e+00
4.896429575441555215e+00
4.432624428979192288e+00
3.964498360553782241e+00
3.492565757594087827e+00
3.017344723641000037e+00
2.539356500081348500e+00
2.059124884679432554e+00
1.577175647554346583e+00
1.094035945249620667e+00
6.102337335475542801e-01
1.262971796798781909e-01
-3.572459254136894913e-01
-8.398687541248648358e-01
-1.321046027865294903e+00
-1.800254600752789536e+00
-2.276974040648924280e+00
-2.750687206903701387e+00
-3.220880824167013046e+00
-3.687046051631854393e+00
-4.148679047077205695e+00
-4.605281525088203765e+00
-5.056361308833986712e+00
-5.501432874793926509e+00
-5.940017889827934994e+00
-6.371645739999468816e+00
-6.795854050563147730e+00
-7.212189196546647807e+00
-7.620206803358002823e+00
-8.019472236869244597e+00
-8.409561082433659962e+00
-8.790059612307002723e+00
-9.160565240960268696e+00
-9.520686967777542975e+00
-9.870045806655106446e+00
-1.020827520202524852e+01
-1.053502143084892850e+01
-1.084994399013341670e+01
-1.115271596954967137e+01
-1.144302440873852333e+01
-1.172057063891462647e+01
-1.198507060839214589e+01
-1.223625519167541142e+01
-1.247387048177594693e+01
-1.269767806543529254e+01
-1.290745528095344241e+01
-1.310299545834056545e+01
-1.328410814153045472e+01
-1.345061929241386878e+01
-1.360237147646941835e+01
-1.373922402979171942e+01
-1.386105320733564383e+01
-1.396775231221724667e+01
-1.405923180597120847e+01
-1.413541939941646675e+01
-1.419626012461414533e+01
-1.424171638706636855e+01
-1.427176799868829882e+01
-1.428641219128687467e+01
-1.428566361057576017e+01
-1.426955429073848336e+01
-1.423813360957323226e+01
-1.419146822427421739e+01
-1.412964198792629666e+01
-1.405275584681081469e+01
-1.396092771864174509e+01
-1.385429235187301522e+01
-1.373300116623757461e+01
-1.359722207470195343e+01
-1.344713928703746220e+01
-1.328295309523262269e+01
-1.310487964098995661e+01
-1.291315066556982849e+01
-1.270801324267976717e+01
-1.248972949223116657e+01
-1.225857628146436262e+01
-1.201484490556773110e+01
-1.175884075428958830e+01
-1.149088296246991092e+01
-1.121130404529240820e+01
-1.092044951820195031e+01
-1.061867750469095384e+01
-1.030635832546620634e+01
-9.983874078682248410e+00
-9.651618204801966527e+00
-9.309995039333715638e+00
-8.959419353485358783e+00
-8.600315883250269522e+00
-8.233118847454086620e+00
-7.858271455299050245e+00
-7.476225403959514182e+00
-7.087440366790497492e+00
-6.692383472720149662e+00
-6.291528777410907658e+00
-5.885356726779104264e+00
-5.474353613472266566e+00
-5.059011026914561171e+00
-4.639825297531257497e+00
-4.217296935776605693e+00
-3.791930066590084802e+00
-3.364231859911738010e+00
-2.934711957897431667e+00
-2.503881899466786631e+00
-2.072254542833027902e+00
-1.640343486655138960e+00
-1.208662490460220340e+00
-7.777248949838906356e-01
-3.480430430733481018e-01
7.987229819710428558e-02
5.055125135569733530e-01
9.283717130711219845e-01
1.347947302532616298e+00
1.763740550081509095e+00
2.175257148416172015e+00
2.582007771970167731e+00
2.983508628433701126e+00
3.379282004002813089e+00
3.768856801750021024e+00
4.151769072514306380e+00
4.527562537718848645e+00
4.895789103533601860e+00
5.256009365807867262e+00
5.607793105211968054e+00
5.950719772032572408e+00
6.284378960084371357e+00
6.608370869206831699e+00
6.922306755830733849e+00
7.225809371113280477e+00
7.518513386150535105e+00
7.800065803795549257e+00
8.070126356620857422e+00
8.328367890581471755e+00
8.574476733951755136e+00
8.808153051122566524e+00
9.029111180865182718e+00
9.237079958712900662e+00
9.431803022929541314e+00
9.613039104147580005e+00
9.780562297789593629e+00
9.934162319389567841e+00
1.007364474236105423e+01
1.019883121797395198e+01
1.030955967729533640e+01
1.040568451486689483e+01
1.048707675391495187e+01
1.055362419290750609e+01
1.060523153329403101e+01
1.064182048828542904e+01
1.066332987255156084e+01
1.066971567273564325e+01
1.066095109870612312e+01
1.063702661548779460e+01
1.059794995583580324e+01
1.054374611343727608e+01
1.047445731674743641e+01
1.039014298348789112e+01
1.029087965585729592e+01
1.017676091652487003e+01
1.004789728549970640e+01
9.904416097602533497e+00
9.746461362997452582e+00
9.574193605131190665e+00
9.387789684003394086e+00
9.187442599154827860e+00
8.973361274914411823e+00
8.745770327757472984e+00
8.504909816362104635e+00
8.251034972661432931e+00
7.984415919144769447e+00
7.705337366107244179e+00
7.414098294150466728e+00
7.111011620299139580e+00
6.796403848433954842e+00
6.470614704431405073e+00
6.133996756414596518e+00
5.786915020536079091e+00
5.429746552734732390e+00
5.062880026914656995e+00
4.686715300020616759e+00
4.301662964489766594e+00
3.908143888578809566e+00
3.506588745078369485e+00
3.097437528937200923e+00
2.681139064334173483e+00
2.258150501745807226e+00
1.828936805569217228e+00
1.393970232870071158e+00
9.537298038371373465e-01
5.087007645308752046e-01
5.937404252571454322e-02
-3.937543039485129626e-01
-8.501836427524516182e-01
-1.309409329850883097e+00
-1.770923275966616472e+00
-2.234214517245493248e+00
-2.698769789295548449e+00
-3.164074103959189976e+00
-3.629611328180283536e+00
-4.094864792227832062e+00
-4.559317731237131355e+00
-5.022454145614879018e+00
-5.483759102662347118e+00
-5.942719455767001335e+00
-6.398824394320302034e+00
-6.851566019110153505e+00
-7.300439914637707695e+00
-7.744945717715916444e+00
-8.184587681715564500e+00
-8.618875235831129800e+00
-9.047323538736685933e+00
-9.469454026019546333e+00
-9.884794950773038380e+00
-1.029288191674926622e+01
-1.069325840347401879e+01
-1.108547628273427854e+01
-1.146909632586377725e+01
-1.184368870122807671e+01
-1.220883346152134763e+01
-1.256412101990660446e+01
-1.290915261503143618e+01
-1.324354076397115065e+01
-1.356690970276308050e+01
-1.387889581400729000e+01
-1.417914804105665993e+01
-1.446732828832698381e+01
-1.474311180727987747e+01
-1.500618756764346173e+01
-1.525625861345053202e+01
-1.549304240349755446e+01
-1.571627113583502577e+01
-1.592569205592688775e+01
-1.612106774812824739e+01
-1.630217641015168795e+01
-1.646881211021257485e+01
-1.662078502655854351e+01
-1.675792166911293535e+01
-1.688006508297813468e+01
-1.698707503356591886e+01
-1.707882817314370527e+01
-1.715521818860285919e+01
-1.721615593027958724e+01
-1.726156952166735081e+01
-1.729140444995063319e+01
-1.730562363711004181e+01
-1.730420749169683603e+01
-1.728715394048963105e+01
-1.725447844356570926e+01
-1.720621398396331969e+01
-1.714241104363865986e+01
-1.706313755697860302e+01
-1.696847884540956386e+01
-1.685853753258644616e+01
-1.673343344086617179e+01
-1.659330346546716584e+01
-1.643830143570544777e+01
-1.626859795111781537e+01
-1.608438020189229789e+01
-1.588585177010223504e+01
-1.567323241257164490e+01
-1.544675782560717892e+01
-1.520667939184885853e+01
-1.495326390951398743e+01
-1.468679330432809493e+01
-1.440756432445346391e+01
-1.411588821874940436e+01
-1.381209039871184174e+01
-1.349651008446189948e+01
-1.316949993516985096e+01
-1.283142566431491538e+01
-1.248266564024597436e+01
-1.212361047219423149e+01
-1.175466258303740830e+01
-1.137623576787658841e+01
-1.098875474031283694e+01
-1.059265466608225914e+01
-1.018838068483726289e+01
-9.776387420562153707e+00
-9.357138481160165000e+00
-8.931105947758434027e+00
-8.498769854298126702e+00
-8.060617657976399286e+00
-7.617143701126382282e+00
-7.168848665126758668e+00
-6.716239016939775652e+00
-6.259826448892434669e+00
-5.800127312312287842e+00
-5.337662045647133979e+00
-4.872954597697621182e+00
-4.406531846596739577e+00
-3.938923015182365095e+00
-3.470659083403996092e+00
-3.002272198414472015e+00
-2.534295082999914683e+00
-2.067260442998278158e+00
-1.601700374364946278e+00
-1.138145770540615054e+00
-6.771257307753177912e-01
-2.191669700672145282e-01
2.352067685914303041e-01
6.854752992666384159e-01
1.131122574134620251e+00
1.571637260760135213e+00
2.006513314304056550e+00
2.435250544293244612e+00
2.857355175271445002e+00
3.272340400716847508e+00
3.679726929603941876e+00
4.079043525005458193e+00
4.469827534136816993e+00
4.851625409248120135e+00
5.223993218788852033e+00
5.586497148272593805e+00
5.938713990283669197e+00
6.280231623082014103e+00
6.610649477267011243e+00
6.929578989983719239e+00
7.236644046160473742e+00
7.531481406285629454e+00
7.813741120245287775e+00
8.083086926754667445e+00
8.339196637939727097e+00
8.581762508633060449e+00
8.810491589970368409e+00
9.025106066928620052e+00
9.225343579192443855e+00
9.410957525565180504e+00
9.581717350809491052e+00
9.737408815169661835e+00
9.877834246039329358e+00
1.000281277152489778e+01
1.011218053574237885e+01
1.020579089497694802e+01
1.028351459604222562e+01
1.034523993454228652e+01
1.039087289442512230e+01
1.042033726803223814e+01
1.043357475660729250e+01
1.043054505105220642e+01
1.041122589337680715e+01
1.037561311739597869e+01
1.032372067044803465e+01
1.025558061472383997e+01
1.017124310874670989e+01
1.007077636891987282e+01
9.954266611174080737e+00
9.821817972767860283e+00
9.673552414316379355e+00
9.509609602146076313e+00
9.330146771092657332e+00
9.135338567884677019e+00
8.925376875272466037e+00
8.700470617086727643e+00
8.460845544430119602e+00
8.206744003225637130e+00
7.938424683369941448e+00
7.656162349753268259e+00
7.360247555434948907e+00
7.050986337278485117e+00
6.728699894370086199e+00
6.393724249566171025e+00
6.046409894530784257e+00
5.687121418644344395e+00
5.316237122182577046e+00
4.934148614179854064e+00
4.541260395412164641e+00
4.137989426947329186e+00
3.724764684728853581e+00
3.302026700674592696e+00
2.870227090784257751e+00
2.429828070768853099e+00
1.981301959723966277e+00
1.525130672385412112e+00
1.061805200519422065e+00
5.918250840043617345e-01
1.156978721845733915e-01
-3.660614239242292456e-01
-8.529308879787844688e-01
-1.344382262599194355e+00
-1.839881520995036546e+00
-2.338889445298330649e+00
-2.840862210987143754e+00
-3.345251976722296128e+00
-3.851507479050557237e+00
-4.359074631197604077e+00
-4.867397125392915136e+00
-5.375917038037932194e+00
-5.884075437053622792e+00
-6.391312990751380596e+00
-6.897070577561183136e+00
-7.400789895948729935e+00
-7.901914073857732923e+00
-8.399888277008791704e+00
-8.894160315391122396e+00
-9.384181247284480776e+00
-9.869405980146781943e+00
-1.034929386771382198e+01
-1.082330930265417024e+01
-1.129092230413052711e+01
-1.175160909962535705e+01
-1.220485270039013592e+01
-1.265014346988932203e+01
-1.308697968461331484e+01
-1.351486808664682293e+01
-1.393332442738434551e+01
-1.434187400182649519e+01
-1.474005217268802070e+01
-1.512740488419215268e+01
-1.550348916438897362e+01
-1.586787361589133560e+01
-1.622013889430658651e+01
-1.655987817387155303e+01
-1.688669759977445750e+01
-1.720021672666451096e+01
-1.750006894286735104e+01
-1.778590187983513360e+01
-1.805737780638093426e+01
-1.831417400790891392e+01
-1.855598314633077450e+01
-1.878251360997751362e+01
-1.899348983952808467e+01
-1.918865264396227843e+01
-1.936775948822868187e+01
-1.953058477644346880e+01
-1.967692010611912679e+01
-1.980657451138135983e+01
-1.991937467984731569e+01
-2.001516515738665447e+01
-2.009380853019935742e+01
-2.015518558813553440e+01
-2.019919546838281832e+01
-2.022575577935814550e+01
-2.023480270466124509e+01
-2.022629108696875022e+01
-2.020019449177054582e+01
-2.015650525087056977e+01
-2.009523448559809822e+01
-2.001641210969554052e+01
-1.992008681187343910e+01
-1.980632601804251181e+01
-1.967521583325828516e+01
-1.952686096343224875e+01
-1.936138461688850754e+01
-1.917892838586634952e+01
-1.897965210808816394e+01
-1.876373370853908540e+01
-1.853136902162097499e+01
-1.828277159386950501e+01
-1.801817246744068157e+01
-1.773781994459467271e+01
-1.744197933343008344e+01
-1.713093267513453455e+01
-1.680497845304421389e+01
-1.646443128382262699e+01
-1.610962159108642311e+01
-1.574089526182946308e+01
-1.535861328601056996e+01
-1.496315137969385489e+01
-1.455489959214344786e+01
-1.413426189729344529e+01
-1.370165577003692903e+01
-1.325751174778295294e+01
-1.280227297775862461e+01
-1.233639475048747869e+01
-1.186034402026105639e+01
-1.137459891233799070e+01
-1.087964821844612295e+01
-1.037599088034665584e+01
-9.864135462331677928e+00
-9.344599613173494745e+00
-8.817909518104514177e+00
-8.284599341420520346e+00
-7.745210660310481998e+00
-7.200291890523216054e+00
-6.650397704491326500e+00
-6.096088442544527197e+00
-5.537929517845593175e+00
-4.976490815694792680e+00
-4.412346087852360377e+00
-3.846072342532787847e+00
-3.278249230736771214e+00
-2.709458429574990390e+00
-2.140283023263915396e+00
-1.571306882453690434e+00
-1.003114042566302544e+00
-4.362880818154737383e-01
1.285885004187861114e-01
6.909349041580474804e-01
1.250172647818847516e+00
1.805726184582292504e+00
2.357023515971907734e+00
2.903496801600795152e+00
3.444582964575223727e+00
3.979724291874510378e+00
4.508369029056124688e+00
5.029971968638694335e+00
5.543995031529592943e+00
6.049907840860123009e+00
6.547188287611787061e+00
7.035323087415193299e+00
7.513808327920847852e+00
7.982150006146795818e+00
8.439864555218516529e+00
8.886479360079491130e+00
9.321533260739583326e+00
9.744577044669261667e+00
1.015517392496523996e+01
1.055290000587570276e+01
1.093734473434640009e+01
1.130811133723499040e+01
1.166481724351634774e+01
1.200709449223027292e+01
1.233459012272387767e+01
1.264696655074703457e+01
1.294390192702595144e+01
1.322509047910377866e+01
1.349024283588394901e+01
1.373908633452328942e+01
1.397136530934226428e+01
1.418684136243960658e+01
1.438529361571688803e+01
1.456651894404139647e+01
1.473033218929360011e+01
1.487656635506798608e+01
1.500507278181616755e+01
1.511572130224321242e+01
1.520840037678894952e+01
1.528301720904784311e+01
1.533949784100324543e+01
1.537778722797367514e+01
1.539784929318999218e+01
1.539966696194605511e+01
1.538324217528639792e+01
1.534859588321723400e+01
1.529576801744953940e+01
1.522481744370487711e+01
1.513582189363693686e+01
1.502887787644459650e+01
1.490410057027327184e+01
1.476162369352435633e+01
1.460159935621379823e+01
1.442419789154287102e+01
1.422960766786622600e+01
1.401803488126171082e+01
1.378970332893034012e+01
1.354485416364319406e+01
1.328374562968665984e+01
1.300665278013893555e+01
1.271386717639192199e+01
1.240569656979423030e+01
1.208246456594581275e+01
1.174451027197542885e+01
1.139218792719297113e+01
1.102586651751409441e+01
1.064592937408126616e+01
1.025277375651849709e+01
9.846810421273707092e+00
9.428463175522011852e+00
8.998168417113628692e+00
8.556374661070138998e+00
8.103542053146705726e+00
7.640141870987845252e+00
7.166656013423168048e+00
6.683576478459388071e+00
6.191404830537601711e+00
5.690651657637181060e+00
5.181836018817294942e+00
4.665484882800043920e+00
4.142132558205725346e+00
3.612320116113735935e+00
3.076594805263620280e+00
2.535509461323205205e+00
1.989621909814630385e+00
1.439494364137775317e+00
8.856928190311670335e-01
3.287864401856452901e-01
-2.306530493269667303e-01
-7.920519851399498990e-01
-1.354835379522200789e+00
-1.918427540480086790e+00
-2.482252691356348073e+00
-3.045735590252808045e+00
-3.608302148598890646e+00
-4.169380048196908994e+00
-4.728399356071048665e+00
-5.284793136448356243e+00
-5.837998059209763113e+00
-6.387455004146464610e+00
-6.932609659708359295e+00
-7.472913119537509807e+00
-8.007822466270166473e+00
-8.536801355139747471e+00
-9.059320586860607705e+00
-9.574858673131750209e+00
-1.008290239348124473e+01
-1.058294734347293087e+01
-1.107449846992583531e+01
-1.155707060196484903e+01
-1.203018896477221489e+01
-1.249338968491384172e+01
-1.294622028291113658e+01
-1.338824015315851845e+01
-1.381902103066304477e+01
-1.423814744410165822e+01
-1.464521715470505114e+01
-1.503984158049135367e+01
-1.542164620539361408e+01
-1.579027097283396586e+01
-1.614537066332263748e+01
-1.648661525567157682e+01
-1.681369027143307804e+01
-1.712629710219239598e+01
-1.742415331935909961e+01
-1.770699296612690077e+01
-1.797456683128488564e+01
-1.822664270458670899e+01
-1.846300561340426682e+01
-1.868345804041153357e+01
-1.888782012206622696e+01
-1.907592982767718581e+01
-1.924764311886742973e+01
-1.940283408926379849e+01
-1.954139508426538541e+01
-1.966323680076596148e+01
-1.976828836672716250e+01
-1.985649740051931644e+01
-1.992783004999862229e+01
-1.998227101112518866e+01
-2.001982352650468755e+01
-2.004050936332583888e+01
-2.004436877112924265e+01
-2.003146041929544552e+01
-2.000186131435420833e+01
-1.995566669721104347e+01
-1.989298992040951219e+01
-1.981396230556914162e+01
-1.971873298116094375e+01
-1.960746870080388504e+01
-1.948035364228699606e+01
-1.933758918754235623e+01
-1.917939368381662746e+01
-1.900600218630732741e+01
-1.881766618255136336e+01
-1.861465329887429832e+01
-1.839724698922564983e+01
-1.816574620674863283e+01
-1.792046505844709969e+01
-1.766173244333585401e+01
-1.738989167447423867e+01
-1.710530008530312074e+01
-1.680832862072202616e+01
-1.649936141337465756e+01
-1.617879534551837040e+01
-1.584703959719700705e+01
-1.550451518090691749e+01
-1.515165446350268930e+01
-1.478890067577763823e+01
-1.441670741027841984e+01
-1.403553810790830880e+01
-1.364586553388603285e+01
-1.324817124363985421e+01
-1.284294503922516029e+01
-1.243068441686913772e+01
-1.201189400624813430e+01
-1.158708500211990788e+01
-1.115677458893667406e+01
-1.072148535907344247e+01
-1.028174472531542172e+01
-9.838084328249307120e+00
-9.391039439214768691e+00
-8.941148359473974239e+00
-8.488951816259849181e+00
-8.034992356371708055e+00
-7.579813737984014033e+00
-7.123960321800479889e+00
-6.667976459462366279e+00
-6.212405886788880949e+00
-5.757791113313217579e+00
-5.304672815690514298e+00
-4.853589232883299687e+00
-4.405075564253915665e+00
-3.959663370777290581e+00
-3.517879982715793830e+00
-3.080247907699488863e+00
-2.647284248818174479e+00
-2.219500126644297300e+00
-1.797400108510850192e+00
-1.381481645229171384e+00
-9.722345158625027572e-01
-5.701402811685492011e-01
-1.756717463123549927e-01
2.107075665601462200e-01
5.885439353048795841e-01
9.573939437519134454e-01
1.316824976111415690e+00
1.666415699264221173e+00
2.005756532412033888e+00
2.334450103566821699e+00
2.652111692378189112e+00
2.958369658811841774e+00
3.252865857205663236e+00
3.535256035251204576e+00
3.805210217457112520e+00
4.062413072676633874e+00
4.306564265292410099e+00
4.537378789672956714e+00
4.754587287533143858e+00
4.957936347848371561e+00
5.147188789028739109e+00
5.322123922834367526e+00
5.482537800259570382e+00
5.628243438425082346e+00
5.759071028746804544e+00
5.874868125944581188e+00
5.975499817717825124e+00
6.060848874901107131e+00
6.130815881934863043e+00
6.185319347507351573e+00
6.224295795246422180e+00
6.247699834361235993e+00
6.255504210156116685e+00
6.247699834361231552e+00
6.224295795246415075e+00
6.185319347507356014e+00
6.130815881934873701e+00
6.060848874901119565e+00
5.975499817717819795e+00
5.874868125944572306e+00
5.759071028746766352e+00
5.628243438425042378e+00
5.482537800259590810e+00
5.322123922834386178e+00
5.147188789028683154e+00
4.957936347848353797e+00
4.754587287533126982e+00
4.537378789672987800e+00
4.306564265292392335e+00
4.062413072676614334e+00
3.805210217457147159e+00
3.535256035251178375e+00
3.252865857205705868e+00
2.958369658811750735e+00
2.652111692378233521e+00
2.334450103566792833e+00
2.005756532412007243e+00
1.666415699264267136e+00
1.316824976111461210e+00
9.573939437518843576e-01
5.885439353047671185e-01
2.107075665602043402e-01
-1.756717463123015077e-01
-5.701402811686723249e-01
-9.722345158626315431e-01
-1.381481645229115429e+00
-1.797400108510984529e+00
-2.219500126644240012e+00
-2.647284248818208674e+00
-3.080247907699429355e+00
-3.517879982715924392e+00
-3.959663370777422031e+00
-4.405075564253849052e+00
-4.853589232883440019e+00
-5.304672815690657295e+00
-5.757791113313260212e+00
-6.212405886788822329e+00
-6.667976459462303218e+00
-7.123960321800522522e+00
-7.579813737984050448e+00
-8.034992356371752464e+00
-8.488951816259884708e+00
-8.941148359473901408e+00
-9.391039439214804219e+00
-9.838084328249443899e+00
-1.028174472531545902e+01
-1.072148535907348688e+01
-1.115677458893661189e+01
-1.158708500211994519e+01
-1.201189400624816983e+01
-1.243068441686908443e+01
-1.284294503922510344e+01
-1.324817124363979026e+01
-1.364586553388616608e+01
-1.403553810790842427e+01
-1.441670741027853531e+01
-1.478890067577775014e+01
-1.515165446350264133e+01
-1.550451518090686598e+01
-1.584703959719703548e+01
-1.617879534551848764e+01
-1.649936141337475348e+01
-1.680832862072198353e+01
-1.710530008530320600e+01
-1.738989167447432038e+01
-1.766173244333582204e+01
-1.792046505844718496e+01
-1.816574620674861507e+01
-1.839724698922566759e+01
-1.861465329887428055e+01
-1.881766618255138823e+01
-1.900600218630734162e+01
-1.917939368381664522e+01
-1.933758918754238820e+01
-1.948035364228702448e+01
-1.960746870080389925e+01
-1.971873298116092954e+01
-1.981396230556912741e+01
-1.989298992040950864e+01
-1.995566669721105413e+01
-2.000186131435419767e+01
-2.003146041929545973e+01
-2.004436877112923554e+01
-2.004050936332584243e+01
-2.001982352650468755e+01
-1.998227101112518511e+01
-1.992783004999862584e+01
-1.985649740051932710e+01
-1.976828836672715894e+01
-1.966323680076594727e+01
-1.954139508426534277e+01
-1.940283408926381270e+01
-1.924764311886744395e+01
-1.907592982767713252e+01
-1.888782012206616656e+01
-1.868345804041147318e+01
-1.846300561340418511e+01
-1.822664270458674807e+01
-1.797456683128492472e+01
-1.770699296612686879e+01
-1.742415331935907830e+01
-1.712629710219236756e+01
-1.681369027143313133e+01
-1.648661525567147379e+01
-1.614537066332251669e+01
-1.579027097283399783e+01
-1.542164620539366027e+01
-1.503984158049141939e+01
-1.464521715470502272e+01
-1.423814744410171684e+01
-1.381902103066301457e+01
-1.338824015315847937e+01
-1.294622028291120586e+01
-1.249338968491388435e+01
-1.203018896477216870e+01
-1.155707060196471048e+01
-1.107449846992579445e+01
-1.058294734347299482e+01
-1.008290239348119144e+01
-9.574858673131711129e+00
-9.059320586860676983e+00
-8.536801355139704839e+00
-8.007822466270237527e+00
-7.472913119537335724e+00
-6.932609659708435679e+00
-6.387455004146301185e+00
-5.837998059209592583e+00
-5.284793136448437956e+00
-4.728399356070883464e+00
-4.169380048196860145e+00
-3.608302148598847126e+00
-3.045735590252884428e+00
-2.482252691356430674e+00
-1.918427540479911819e+00
-1.354835379522032923e+00
-7.920519851400298350e-01
-2.306530493267979764e-01
3.287864401855689067e-01
8.856928190310897619e-01
1.439494364137690052e+00
1.989621909814677014e+00
2.535509461323246949e+00
3.076594805263542565e+00
3.612320116113780344e+00
4.142132558205892323e+00
4.665484882800093658e+00
5.181836018817215894e+00
5.690651657637108229e+00
6.191404830537644344e+00
6.683576478459430703e+00
7.166656013423212457e+00
7.640141870987880779e+00
8.103542053146640001e+00
8.556374661070083931e+00
8.998168417113673101e+00
9.428463175522139750e+00
9.846810421273831437e+00
1.025277375651853262e+01
1.064592937408129636e+01
1.102586651751411750e+01
1.139218792719293205e+01
1.174451027197546082e+01
1.208246456594577367e+01
1.240569656979432978e+01
1.271386717639188291e+01
1.300665278013901727e+01
1.328374562968674155e+01
1.354485416364315853e+01
1.378970332893030104e+01
1.401803488126178010e+01
1.422960766786623310e+01
1.442419789154288878e+01
1.460159935621376803e+01
1.476162369352437587e+01
1.490410057027331270e+01
1.502887787644457873e+01
1.513582189363696706e+01
1.522481744370486823e+01
1.529576801744955361e+01
1.534859588321723578e+01
1.538324217528639437e+01
1.539966696194604800e+01
1.539784929318999218e+01
1.537778722797367692e+01
1.533949784100325786e+01
1.528301720904783956e+01
1.520840037678895840e+01
1.511572130224321242e+01
1.500507278181614979e+01
1.487656635506797542e+01
1.473033218929358590e+01
1.456651894404138048e+01
1.438529361571691112e+01
1.418684136243963323e+01
1.397136530934229270e+01
1.373908633452322192e+01
1.349024283588387796e+01
1.322509047910381952e+01
1.294390192702586262e+01
1.264696655074694043e+01
1.233459012272385635e+01
1.200709449223031378e+01
1.166481724351638505e+01
1.130811133723487139e+01
1.093734473434627930e+01
1.055290000587558197e+01
1.015517392496511917e+01
9.744577044669323840e+00
9.321533260739624183e+00
8.886479360079363232e+00
8.439864555218475672e+00
7.982150006146754961e+00
7.513808327920905583e+00
7.035323087415143561e+00
6.547188287611741764e+00
6.049907840860177188e+00
5.543995031529422413e+00
5.029971968638784929e+00
4.508369029056072286e+00
3.979724291874578768e+00
3.444582964575178430e+00
2.903496801600753408e+00
2.357023515971994776e+00
1.805726184582353788e+00
1.250172647818789784e+00
6.909349041578698447e-01
1.285885004186111402e-01
-4.362880818153902496e-01
-1.003114042566459752e+00
-1.571306882453865406e+00
-2.140283023263965134e+00
-2.709458429575041460e+00
-3.278249230736548725e+00
-3.846072342532836252e+00
-4.412346087852161425e+00
-4.976490815694855741e+00
-5.537929517845654459e+00
-6.096088442544566277e+00
-6.650397704491362028e+00
-7.200291890523259575e+00
-7.745210660310643647e+00
-8.284599341420578966e+00
-8.817909518104553257e+00
-9.344599613173659947e+00
-9.864135462331834248e+00
-1.037599088034659722e+01
-1.087964821844616914e+01
-1.137459891233803866e+01
-1.186034402026110257e+01
-1.233639475048752132e+01
-1.280227297775876139e+01
-1.325751174778308439e+01
-1.370165577003678337e+01
-1.413426189729357318e+01
-1.455489959214357754e+01
-1.496315137969397924e+01
-1.535861328601052378e+01
-1.574089526182940801e+01
-1.610962159108652259e+01
-1.646443128382273358e+01
-1.680497845304431337e+01
-1.713093267513455586e+01
-1.744197933343003371e+01
-1.773781994459463007e+01
-1.801817246744075618e+01
-1.828277159386957607e+01
-1.853136902162093591e+01
-1.876373370853904987e+01
-1.897965210808822434e+01
-1.917892838586640281e+01
-1.936138461688849333e+01
-1.952686096343222033e+01
-1.967521583325827450e+01
-1.980632601804252602e+01
-1.992008681187341779e+01
-2.001641210969557250e+01
-2.009523448559809111e+01
-2.015650525087056266e+01
-2.020019449177053872e+01
-2.022629108696875022e+01
-2.023480270466124153e+01
-2.022575577935815261e+01
-2.019919546838281832e+01
-2.015518558813553085e+01
-2.009380853019935387e+01
-2.001516515738669000e+01
-1.991937467984733701e+01
-1.980657451138139891e+01
-1.967692010611911257e+01
-1.953058477644349011e+01
-1.936775948822865701e+01
-1.918865264396229264e+01
-1.899348983952816639e+01
-1.878251360997749941e+01
-1.855598314633075319e+01
-1.831417400790889261e+01
-1.805737780638103374e+01
-1.778590187983523663e+01
-1.750006894286731907e+01
-1.720021672666448254e+01
-1.688669759977442553e+01
-1.655987817387160632e+01
-1.622013889430656164e+01
-1.586787361589129475e+01
-1.550348916438894875e+01
-1.512740488419212070e+01
-1.474005217268816992e+01
-1.434187400182665151e+01
-1.393332442738431176e+01
-1.351486808664678918e+01
-1.308697968461327754e+01
-1.265014346988928651e+01
-1.220485270039010572e+01
-1.175160909962520961e+01
-1.129092230413037257e+01
-1.082330930265402458e+01
-1.034929386771377935e+01
-9.869405980146838786e+00
-9.384181247284441696e+00
-8.894160315391072658e+00
-8.399888277008637161e+00
-7.901914073857700949e+00
-7.400789895948688191e+00
-6.897070577561025928e+00
-6.391312990751218948e+00
-5.884075437053685853e+00
-5.375917038037888673e+00
-4.867397125392975532e+00
-4.359074631197445093e+00
-3.851507479050616745e+00
-3.345251976722139808e+00
-2.840862210987111780e+00
-2.338889445298408809e+00
-1.839881520994880226e+00
-1.344382262599032707e+00
-8.529308879786299258e-01
-3.660614239242940826e-01
1.156978721845129954e-01
5.918250840045056194e-01
1.061805200519561510e+00
1.525130672385351716e+00
1.981301959723900552e+00
2.429828070768783821e+00
2.870227090784299939e+00
3.302026700674629112e+00
3.724764684728890440e+00
4.137989426947267901e+00
4.541260395412023421e+00
4.934148614179962422e+00
5.316237122182686292e+00
5.687121418644292881e+00
6.046409894530656359e+00
6.393724249566124840e+00
6.728699894370116397e+00
7.050986337278512650e+00
7.360247555434972888e+00
7.656162349753229179e+00
7.938424683369844637e+00
8.206744003225605155e+00
8.460845544430139142e+00
8.700470617086750735e+00
8.925376875272430510e+00
9.135338567884648597e+00
9.330146771092671543e+00
9.509609602146092300e+00
9.673552414316358039e+00
9.821817972767773242e+00
9.954266611174034551e+00
1.007077636891986216e+01
1.017124310874670456e+01
1.025558061472384530e+01
1.032372067044799735e+01
1.037561311739596803e+01
1.041122589337681248e+01
1.043054505105221352e+01
1.043357475660729072e+01
1.042033726803224880e+01
1.039087289442512230e+01
1.034523993454227586e+01
1.028351459604222029e+01
1.020579089497694092e+01
1.011218053574239484e+01
1.000281277152488180e+01
9.877834246039277843e+00
9.737408815169619203e+00
9.581717350809437761e+00
9.410957525565166293e+00
9.225343579192468724e+00
9.025106066928543669e+00
8.810491589970393278e+00
8.581762508633037356e+00
8.339196637939759071e+00
8.083086926754644352e+00
7.813741120245197180e+00
7.531481406285601921e+00
7.236644046160444432e+00
6.929578989983631310e+00
6.610649477267053875e+00
6.280231623081992787e+00
5.938713990283641664e+00
5.586497148272480118e+00
5.223993218788896442e+00
4.851625409248256915e+00
4.469827534136693536e+00
4.079043525005340065e+00
3.679726929603908125e+00
3.272340400716989617e+00
2.857355175271501846e+00
2.435250544293107833e+00
2.006513314304021911e+00
1.571637260760000210e+00
1.131122574134680647e+00
6.854752992667068057e-01
2.352067685913885597e-01
-2.191669700673566368e-01
-6.771257307753479893e-01
-1.138145770540550217e+00
-1.601700374364981805e+00
-2.067260442998327008e+00
-2.534295083000055460e+00
-3.002272198414408066e+00
-3.470659083403835332e+00
-3.938923015182304699e+00
-4.406531846596681845e+00
-4.872954597697559009e+00
-5.337662045647179276e+00
-5.800127312312225669e+00
-6.259826448892269468e+00
-6.716239016939717033e+00
-7.168848665126792419e+00
-7.617143701126325439e+00
-8.060617657976241190e+00
-8.498769854298068083e+00
-8.931105947758480212e+00
-9.357138481160204080e+00
-9.776387420562105746e+00
-1.018838068483719361e+01
-1.059265466608211170e+01
-1.098875474031280142e+01
-1.137623576787653512e+01
-1.175466258303744027e+01
-1.212361047219409471e+01
-1.248266564024592640e+01
-1.283142566431495268e+01
-1.316949993516988471e+01
-1.349651008446199540e+01
-1.381209039871179556e+01
-1.411588821874942923e+01
-1.440756432445342661e+01
-1.468679330432806296e+01
-1.495326390951401052e+01
-1.520667939184882833e+01
-1.544675782560719313e+01
-1.567323241257166444e+01
-1.588585177010225280e+01
-1.608438020189236539e+01
-1.626859795111782603e+01
-1.643830143570541935e+01
-1.659330346546720492e+01
-1.673343344086621443e+01
-1.685853753258646037e+01
-1.696847884540955675e+01
-1.706313755697861367e+01
-1.714241104363867052e+01
-1.720621398396331969e+01
-1.725447844356571991e+01
-1.728715394048963105e+01
-1.730420749169683958e+01
-1.730562363711003115e+01
-1.729140444995061898e+01
-1.726156952166732594e+01
-1.721615593027961921e+01
-1.715521818860285208e+01
-1.707882817314368396e+01
-1.698707503356587978e+01
-1.688006508297807429e+01
-1.675792166911298153e+01
-1.662078502655856127e+01
-1.646881211021256064e+01
-1.630217641015165597e+01
-1.612106774812819054e+01
-1.592569205592701920e+01
-1.571627113583510216e+01
-1.549304240349758466e+01
-1.525625861345045386e+01
-1.500618756764332495e+01
-1.474311180728010662e+01
-1.446732828832696605e+01
-1.417914804105663507e+01
-1.387889581400725980e+01
-1.356690970276298458e+01
-1.324354076397127322e+01
-1.290915261503147882e+01
-1.256412101990665775e+01
-1.220883346152139026e+01
-1.184368870122786355e+01
-1.146909632586399574e+01
-1.108547628273450947e+01
-1.069325840347398682e+01
-1.029288191674922537e+01
-9.884794950772910482e+00
-9.469454026019690218e+00
-9.047323538736838699e+00
-8.618875235831083614e+00
-8.184587681715616014e+00
-7.744945717715877365e+00
-7.300439914637768979e+00
-6.851566019110315153e+00
-6.398824394320360653e+00
-5.942719455767058179e+00
-5.483759102662100204e+00
-5.022454145615047771e+00
-4.559317731237191751e+00
-4.094864792227791206e+00
-3.629611328180234686e+00
-3.164074103959249484e+00
-2.698769789295405452e+00
-2.234214517245451503e+00
-1.770923275966462818e+00
-1.309409329850731218e+00
-8.501836427525093498e-01
-3.937543039484712182e-01
5.937404252575007035e-02
5.087007645309240544e-01
9.537298038371870845e-01
1.393970232870111126e+00
1.828936805569053803e+00
2.258150501745941341e+00
2.681139064334309374e+00
3.097437528937327045e+00
3.506588745078496494e+00
3.908143888578753611e+00
4.301662964489710639e+00
4.686715300020653174e+00
5.062880026914697851e+00
5.429746552734765253e+00
5.786915020536032017e+00
6.133996756414468621e+00
6.470614704431437048e+00
6.796403848434060535e+00
7.111011620299234615e+00
7.414098294150354818e+00
7.705337366107266384e+00
7.984415919144858265e+00
8.251034972661452471e+00
8.504909816362131281e+00
8.745770327757439233e+00
8.973361274914385177e+00
9.187442599154850953e+00
9.387789684003411850e+00
9.574193605131254614e+00
9.746461362997431266e+00
9.904416097602476654e+00
1.004789728549975614e+01
1.017676091652490733e+01
1.029087965585732789e+01
1.039014298348787690e+01
1.047445731674742397e+01
1.054374611343728496e+01
1.059794995583580857e+01
1.063702661548780526e+01
1.066095109870612134e+01
1.066971567273563615e+01
1.066332987255156617e+01
1.064182048828543437e+01
1.060523153329402390e+01
1.055362419290753628e+01
1.048707675391499450e+01
1.040568451486688950e+01
1.030955967729533107e+01
1.019883121797395020e+01
1.007364474236107199e+01
9.934162319389621132e+00
9.780562297789623827e+00
9.613039104147610203e+00
9.431803022929567959e+00
9.237079958712886452e+00
9.029111180865163178e+00
8.808153051122502575e+00
8.574476733951735596e+00
8.328367890581457544e+00
8.070126356620900054e+00
7.800065803795593666e+00
7.518513386150505795e+00
7.225809371113252055e+00
6.922306755830771152e+00
6.608370869206799725e+00
6.284378960084339383e+00
5.950719772032460497e+00
5.607793105211852591e+00
5.256009365807836176e+00
4.895789103533645381e+00
4.527562537718908153e+00
4.151769072514268188e+00
3.768856801749984164e+00
3.379282004002779338e+00
2.983508628433839682e+00
2.582007771970137089e+00
2.175257148416043229e+00
1.763740550081377645e+00
1.347947302532484404e+00
9.283717130711770515e-01
5.055125135570301964e-01
7.987229819706787026e-02
-3.480430430733854053e-01
-7.777248949838293512e-01
-1.208662490460064909e+00
-1.640343486654983085e+00
-2.072254542833158908e+00
-2.503881899466920302e+00
-2.934711957897564893e+00
-3.364231859911778422e+00
-3.791930066590023518e+00
-4.217296935776733591e+00
-4.639825297531292136e+00
-5.059011026914593145e+00
-5.474353613472210611e+00
-5.885356726779042980e+00
-6.291528777410943185e+00
-6.692383472720271342e+00
-7.087440366790616508e+00
-7.476225403959377402e+00
-7.858271455299080444e+00
-8.233118847454205635e+00
-8.600315883250383209e+00
-8.959419353485387205e+00
-9.309995039333665900e+00
-9.651618204801922118e+00
-9.983874078682204001e+00
-1.030635832546623654e+01
-1.061867750469097871e+01
-1.092044951820184551e+01
-1.121130404529229985e+01
-1.149088296246987539e+01
-1.175884075428961317e+01
-1.201484490556780216e+01
-1.225857628146432887e+01
-1.248972949223113460e+01
-1.270801324267978494e+01
-1.291315066556984625e+01
-1.310487964098992819e+01
-1.328295309523256229e+01
-1.344713928703740358e+01
-1.359722207470193744e+01
-1.373300116623756217e+01
-1.385429235187302766e+01
-1.396092771864175930e+01
-1.405275584681081114e+01
-1.412964198792630022e+01
-1.419146822427422450e+01
-1.423813360957323937e+01
-1.426955429073848336e+01
-1.428566361057575484e+01
-1.428641219128687823e+01
-1.427176799868829704e+01
-1.424171638706637211e+01
-1.419626012461414177e+01
-1.413541939941646675e+01
-1.405923180597119782e+01
-1.396775231221722180e+01
-1.386105320733561541e+01
-1.373922402979173363e+01
-1.360237147646943967e+01
-1.345061929241382792e+01
-1.328410814153047070e+01
-1.310299545834054058e+01
-1.290745528095342110e+01
-1.269767806543527655e+01
-1.247387048177592916e+01
-1.223625519167539011e+01
-1.198507060839207483e+01
-1.172057063891465845e+01
-1.144302440873855886e+01
-1.115271596954970690e+01
-1.084994399013332256e+01
-1.053502143084876330e+01
-1.020827520202535865e+01
-9.870045806655078025e+00
-9.520686967777503895e+00
-9.160565240960167444e+00
-8.790059612306906800e+00
-8.409561082433624435e+00
-8.019472236869299664e+00
-7.620206803357965519e+00
-7.212189196546613168e+00
-6.795854050563115756e+00
-6.371645739999522995e+00
-5.940017889828085984e+00
-5.501432874793975358e+00
-5.056361308833842827e+00
-4.605281525087964845e+00
-4.148679047077378002e+00
-3.687046051631823751e+00
-3.220880824166976630e+00
-2.750687206903555726e+00
-2.276974040648784836e+00
-1.800254600752857037e+00
-1.321046027865359740e+00
-8.398687541249252320e-01
-3.572459254137436702e-01
1.262971796800265167e-01
6.102337335473846380e-01
1.094035945249446584e+00
1.577175647554386551e+00
2.059124884679470746e+00
2.539356500081384027e+00
3.017344723640931647e+00
3.492565757594014997e+00
3.964498360553718292e+00
4.432624428979133668e+00
4.896429575441596072e+00
5.355403703046529351e+00
5.809041575373200317e+00
6.256843381295333018e+00
6.698315294058273750e+00
7.132970023987425634e+00
7.560327364212561463e+00
7.979914728764524234e+00
8.391267683256682375e+00
8.793930463485693849e+00
9.187456490870109960e+00
9.571408871960356279e+00
9.945360890388499797e+00
1.030889648719762874e+01
1.066161072959301137e+01
1.100311026699080585e+01
1.133301377744280813e+01
1.165095239497551383e+01
1.195657012930814744e+01
1.224952426852522969e+01
1.252948576783280998e+01
1.279613962336534527e+01
1.304918523062414337e+01
1.328833672714196723e+01
1.351332331899232742e+01
1.372388959077128057e+01
1.391979579870470474e+01
1.410081814654937737e+01
1.426674904397461496e+01
1.441739734713332410e+01
1.455258858114775578e+01
1.467216514426748830e+01
1.477598649340370152e+01
1.486392931098682801e+01
1.493588765273850250e+01
1.499177307635259737e+01
1.503151475086815658e+01
1.505505954661688861e+01
1.506237210563758389e+01
1.505343489247303701e+01
1.502824822528442361e+01
1.498683028724151534e+01
1.492921711816813612e+01
1.485546258644460593e+01
1.476563834119008156e+01
1.465983374476981993e+01
1.453815578569533429e+01
1.440072897200386137e+01
1.424769520522904287e+01
1.407921363509490220e+01
1.389546049508285819e+01
1.369662891905141322e+01
1.348292873909743683e+01
1.325458626487970015e+01
1.301184404463998767e+01
1.275496060817652832e+01
1.248421019205050086e+01
1.219988244731779581e+01
1.190228213010501257e+01
1.159172877536465229e+01
1.126855635416035284e+01
1.093311291485930781e+01
1.058576020861512568e+01
1.022687329955338242e+01
9.856840160085704738e+00
9.476061251785122153e+00
9.084949092290809602e+00
8.683927808704986262e+00
8.273432677975556260e+00
7.853909654765928394e+00
7.425814887325680402e+00
6.989614221893910795e+00
6.545782696178333637e+00
6.094804022459567427e+00
5.637170060896814050e+00
5.173380283600950591e+00
4.703941230071436053e+00
4.229365954588576670e+00
3.750173466170881653e+00
3.266888161712970806e+00
2.780039252921614690e+00
2.290160187687328097e+00
1.797788066518671179e+00
1.303463054688206668e+00
8.077277907327775619e-01
3.111267919588152076e-01
-1.857941423902964573e-01
-6.824885296503238052e-01
-1.178409803240828113e+00
-1.673011912715704375e+00
-2.165749923147160860e+00
-2.656080613918922140e+00
-3.143463075719318045e+00
-3.627359305141806711e+00
-4.107234797107965463e+00
-4.582559132178518624e+00
-5.052806561167130894e+00
-5.517456584100335348e+00
-5.975994523809446513e+00
-6.427912093368285618e+00
-6.872707956837786014e+00
-7.309888282166044249e+00
-7.738967286975082516e+00
-8.159467774813371932e+00
-8.570921662662218665e+00
-8.972870498557282914e+00
-9.364865968833205656e+00
-9.746470394445511332e+00
-1.011725721580645931e+01
-1.047681146560218046e+01
-1.082473022906824589e+01
-1.116062309120705898e+01
-1.148411257045664691e+01
-1.179483453837115370e+01
-1.209243862456416707e+01
-1.237658860717400167e+01
-1.264696278746874469e+01
-1.290325434888627321e+01
-1.314517169982101485e+01
-1.337243879982188233e+01
-1.358479546884292866e+01
-1.378199767919100083e+01
-1.396381782985321962e+01
-1.413004500288938736e+01
-1.428048520160388613e+01
-1.441496157023004265e+01
-1.453331459487644572e+01
-1.463540228551061340e+01
-1.472110033877233803e+01
-1.479030228143035863e+01
-1.484291959432038333e+01
-1.487888181662011711e+01
-1.489813663034105318e+01
-1.490064992493707408e+01
-1.488640584195303518e+01
-1.485540679965743394e+01
-1.480767349762572493e+01
-1.474324490126313236e+01
-1.466217820627691282e+01
-1.456454878313197909e+01
-1.445045010154326981e+01
-1.431999363508293932e+01
-1.417330874599992363e+01
-1.401054255037290375e+01
-1.383185976373947668e+01
-1.363744252736326779e+01
-1.342749021532698883e+01
-1.320221922265421099e+01
-1.296186273468952699e+01
-1.270667047798466776e+01
-1.243690845295670400e+01
-1.215285864861026965e+01
-1.185481873962791077e+01
-1.154310176615940442e+01
-1.121803579665583683e+01
-1.087996357411243054e+01
-1.052924214610784404e+01
-1.016624247903669342e+01
-9.791349056958242869e+00
-9.404959465497656268e+00
-9.007483961249242554e+00
-8.599345027156038768e+00
-8.180976914344116224e+00
-7.752825170916345598e+00
-7.315346158217145067e+00
-6.869006555095278799e+00
-6.414282850710065986e+00
-5.951660826428841311e+00
-5.481635027386476011e+00
-5.004708224284679652e+00
-4.521390865995845054e+00
-4.032200523693669325e+00
-3.537661326816618601e+00
-3.038303391884160209e+00
-2.534662244490721417e+00
-2.027278235223521463e+00
-1.516695950139127280e+00
-1.003463616426468974e+00
-4.881325039220830719e-01
2.874367623940447813e-02
5.466093789740663622e-01
1.064907828448562688e+00
1.583081629750306307e+00
2.100573374377193492e+00
2.616826256183033550e+00
3.131284673951465702e+00
3.643394843082035095e+00
4.152605398446184815e+00
4.658368001661206570e+00
5.160137938916322220e+00
5.657374718120680157e+00
6.149542660938012162e+00
6.636111489694043186e+00
7.116556908505060619e+00
7.590361177988748764e+00
8.057013682946625011e+00
8.516011492286001072e+00
8.966859910817742474e+00
9.409073021996343655e+00
9.842174221238536802e+00
1.026569673915012970e+01
1.067918415408613697e+01
1.108219089349107733e+01
1.147428272345912070e+01
1.185503722597586673e+01
1.222404426331821625e+01
1.258090642909398404e+01
1.292523948542991619e+01
1.325667278582042030e+01
1.357484968317057294e+01
1.387942792258489177e+01
1.417008001846434517e+01
1.444649361549720012e+01
1.470837183314227836e+01
1.495543359322303623e+01
1.518741393027192288e+01
1.540406428427704100e+01
1.560515277551039404e+01
1.579046446112976199e+01
1.595980157326919624e+01
1.611298373835489883e+01
1.624984817740041265e+01
1.637024988705839235e+01
1.647406180122710140e+01
1.656117493302900101e+01
1.663149849700401006e+01
1.668496001137784646e+01
1.672150538029100630e+01
1.674109895589348085e+01
1.674372358023397567e+01
1.672938060689379469e+01
1.669808990233845236e+01
1.664988982698144682e+01
1.658483719597806072e+01
1.650300721978820206e+01
1.640449342457040061e+01
1.628940755249130135e+01
1.615787944205566617e+01
1.601005688858589693e+01
1.584610548500121574e+01
1.566620844306622651e+01
1.547056639530541133e+01
1.525939717779332305e+01
1.503293559405984681e+01
1.479143316036562972e+01
1.453515783262188421e+01
1.426439371525754574e+01
1.397944075234229899e+01
1.368061440130925099e+01
1.336824528962983649e+01
1.304267885481362299e+01
1.270427496813101698e+01
1.235340754241275896e+01
1.199046412465752809e+01
1.161584547314982707e+01
1.122996512053398810e+01
1.083324892259106598e+01
1.042613459349498584e+01
1.000907122801834426e+01
9.582518811206302445e+00
9.146947716052762800e+00
8.702838189735317087e+00
8.250679828963560780e+00
7.790971045021661823e+00
7.324218519089951585e+00
6.850936648616924529e+00
6.371646984295050942e+00
5.886877660877158469e+00
5.397162818989793109e+00
4.903042021161970965e+00
4.405059661675222671e+00
3.903764371066017258e+00
3.399708415682178853e+00
2.893447094383964302e+00
2.385538129511314498e+00
1.876541057474516938e+00
1.367016616141885965e+00
8.575261311259336772e-01
3.486309011800825530e-01
-1.591084160417695070e-01
-6.651324179578899098e-01
-1.168883569510154929e+00
-1.669806813655980715e+00
-2.167350179188204606e+00
-2.660965385214564272e+00
-3.150108441637383905e+00
-3.634240244965318389e+00
-4.112827168811515222e+00
-4.585341648420687477e+00
-5.051262758588054957e+00
-5.510076784330385280e+00
-5.961277783685492437e+00
-6.404368142017034415e+00
-6.838859117219945105e+00
-7.264271375219390592e+00
-7.680135515182220374e+00
-8.085992583854705984e+00
-8.481394578468382406e+00
-8.865904937653731110e+00
-9.239099019824557502e+00
-9.600564568507417462e+00
-9.949902164096767976e+00
-1.028672566155043278e+01
-1.061066261352957163e+01
-1.092135467852662956e+01
-1.121845801352776739e+01
-1.150164365077545270e+01
-1.177059785822019577e+01
-1.202502248326001855e+01
-1.226463527938870790e+01
-1.248917021539697636e+01
-1.269837776677710117e+01
-1.289202518901880445e+01
-1.306989677248711423e+01
-1.323179407860368073e+01
-1.337753615707125476e+01
-1.350695974389852871e+01
-1.361991944000929244e+01
-1.371628787023551865e+01
-1.379595582251937458e+01
-1.385883236716988698e+01
-1.390484495604067483e+01
-1.393393950151981286e+01
-1.394608043524211993e+01
-1.394125074645858398e+01
-1.391945200001947569e+01
-1.388070433394979020e+01
-1.382504643661821397e+01
-1.375253550352357657e+01
-1.366324717374506470e+01
-1.355727544612431501e+01
-1.343473257527102582e+01
-1.329574894750464154e+01
-1.314047293686661888e+01
-1.296907074135411264e+01
-1.278172619960186651e+01
-1.257864058809111363e+01
-1.236003239926678177e+01
-1.212613710068957040e+01
-1.187720687553256838e+01
-1.161351034469721988e+01
-1.133533227085735895e+01
-1.104297324475101760e+01
-1.073674935406780939e+01
-1.041699183529446593e+01
-1.008404670889920673e+01
-9.738274398256725917e+00
-9.380049332733079837e+00
-9.009759535361894223e+00
-8.627806195573198167e+00
-8.234603226902596163e+00
-7.830576813368321787e+00
-7.416164937020250036e+00
-6.991816897841805378e+00
-6.557992818533917578e+00
-6.115163137922677628e+00
-5.663808093021112988e+00
-5.204417190814613292e+00
-4.737488667339637693e+00
-4.263528942075301309e+00
-3.783052058583972865e+00
-3.296579118962159605e+00
-2.804637710188172761e+00
-2.307761323299936329e+00
-1.806488766077630537e+00
-1.301363569872187043e+00
-7.929333912410330143e-01
-2.817494090400920470e-01
2.316342823560955111e-01
7.466612830426271330e-01
1.262773500109336311e+00
1.779411762023697996e+00
2.296016434202732270e+00
2.812028035089854328e+00
3.326887852058311612e+00
3.840038556468698960e+00
4.350924817193924987e+00
4.858993911945722388e+00
5.363696335722040409e+00
5.864486405705168437e+00
6.360822861952478036e+00
6.852169463202510968e+00
7.337995577157764515e+00
7.817776764579924098e+00
8.290995356557944618e+00
8.757141024317911970e+00
9.215711340934500839e+00
9.666212334340421819e+00
1.010815903101012481e+01
1.054107598972561277e+01
1.096449782483608004e+01
1.137796971842711535e+01
1.178104792084616292e+01
1.217330023902248115e+01
1.255430651204441084e+01
1.292365907347468834e+01
1.328096319988645035e+01
1.362583754513140732e+01
1.395791455985653329e+01
1.427684089580566607e+01
1.458227779446520067e+01
1.487390145961732557e+01
1.515140341339626673e+01
1.541449083544895160e+01
1.566288688482833180e+01
1.589633100426330437e+01
1.611457920646714115e+01
1.631740434217103797e+01
1.650459634958420452e+01
1.667596248500385769e+01
1.683132753432294493e+01
1.697053400519812882e+01
1.709344229966819029e+01
1.719993086702918816e+01
1.728989633679756110e+01
1.736325363161487445e+01
1.741993606001055284e+01
1.745989538865570623e+01
1.748310189469291132e+01
1.748954439719103604e+01
1.747923026836153326e+01
1.745218542425286401e+01
1.740845429497741392e+01
1.734809977450264284e+01
1.727120315006112250e+01
1.717786401125581008e+01
1.706820013896042809e+01
1.694234737413557923e+01
1.680045946670510304e+01
1.664270790465834438e+01
1.646928172356426145e+01
1.628038729671031959e+01
1.607624810609105381e+01
1.585710449450296977e+01
1.562321339901643036e+01
1.537484806611617216e+01
1.511229774839959816e+01
1.483586738572057584e+01
1.454587726475598863e+01
1.424266266584733032e+01
1.392657349116246124e+01
1.359797387712226424e+01
1.325724179109174017e+01
1.290476861324239444e+01
1.254095870130357326e+01
1.216622894552094003e+01
1.178100830521384346e+01
1.138573733425173984e+01
1.098086769325481526e+01
1.056686164950890650e+01
1.014419156514318843e+01
9.713339374142977434e+00
9.274796048761659861e+00
8.829061055930202073e+00
8.376641804264938429e+00
7.918053082269297605e+00
7.453816488371219684e+00
6.984459853403015117e+00
6.510516656175164840e+00
6.032525432786431274e+00
5.551029180316346512e+00
5.066574755564243304e+00
4.579712269496889476e+00
4.090994478069458040e+00
3.600976170099975171e+00
3.110213552863773323e+00
2.619263636095783276e+00
2.128683615071386370e+00
1.639030253455172392e+00
1.150859266595070984e+00
6.647247059413583514e-01
1.811783452795232563e-01
-2.992309305594469393e-01
-7.759577338238150546e-01
-1.248460778131116111e+00
-1.716203478261502990e+00
-2.178654544785658231e+00
-2.635288572869908919e+00
-3.085586624615503482e+00
-3.529036804274046979e+00
-3.965134825718352296e+00
-4.393384571528712534e+00
-4.813298643085622608e+00
-5.224398901053588951e+00
-5.626216995661476261e+00
-6.018294886192848026e+00
-6.400185349107766264e+00
-6.771452474239438857e+00
-7.131672148511448484e+00
-7.480432526640996116e+00
-7.817334488309084506e+00
-8.141992081288112360e+00
-8.454032950038673278e+00
-8.753098749299212500e+00
-9.038845542208001405e+00
-9.310944182521421197e+00
-9.569080680498029068e+00
-9.812956552048538228e+00
-1.004228915079073658e+01
-1.025681198245566961e+01
-1.045627500176342473e+01
-1.064044489081444134e+01
-1.080910531915576733e+01
-1.096205718504382176e+01
-1.109911883766720209e+01
-1.122012628008250701e+01
-1.132493335263561995e+01
-1.141341189666460743e+01
-1.148545189830029933e+01
-1.154096161220367023e+01
-1.157986766510145848e+01
-1.160211513900222258e+01
-1.160766763399989188e+01
-1.159650731059174156e+01
-1.156863491146252443e+01
-1.152406976270740735e+01
-1.146284975449115784e+01
-1.138503130116100515e+01
-1.129068928085553125e+01
-1.117991695467454072e+01
-1.105282586549483170e+01
-1.090954571654343042e+01
-1.075022423019715134e+01
-1.057502698512455552e+01
-1.038413723705292746e+01
-1.017775571653612943e+01
-9.956100409070330670e+00
-9.719406315739835378e+00
-9.467925195003370931e+00
-9.201925285542644772e+00
-8.921691012630146744e+00
-8.627522672947762317e+00
-8.319736105401947412e+00
-7.998662342887474352e+00
-7.664647247551741316e+00
-7.318051129594132398e+00
-6.959248350025437624e+00
-6.588626907817621614e+00
-6.206588011903030555e+00
-5.813545638494383994e+00
-5.409926074206508062e+00
-4.996167445491607850e+00
-4.572719234897672180e+00
-4.140041784689231896e+00
-3.698605788374269565e+00
-3.248891770696932468e+00
-2.791389556673038896e+00
-2.326597730247480733e+00
-1.855023083175018073e+00
-1.377180054733232240e+00
-8.935901628777429551e-01
-4.047814274788095190e-01
8.871221373553161982e-02
5.863514958797253485e-01
1.087592423599742730e+00
1.591886873100483157e+00
2.098683198840138431e+00
2.607426844222172413e+00
3.117560955618347229e+00
3.628526999030392552e+00
4.139765378723447853e+00
4.650716031532978079e+00
5.160819175408356330e+00
5.669515673770679776e+00
6.176247911225051901e+00
6.680460283718983483e+00
7.181599840194526685e+00
7.679116895811088916e+00
8.172465641666857294e+00
8.661104750341561243e+00
9.144497976594983868e+00
9.622114752553109440e+00
1.009343077672345323e+01
1.055792859619121415e+01
1.101509818134495156e+01
1.146443749250201094e+01
1.190545303780183950e+01
1.233766042175165900e+01
1.276058488381348255e+01
1.317376182640961702e+01
1.357673733193815480e+01
1.396906866777357159e+01
1.435032477929978256e+01
1.472008676997053023e+01
1.507794836804641037e+01
1.542351637946328857e+01
1.575641112632523466e+01
1.607626687053815573e+01
1.638273222211080338e+01
1.667547053166948601e+01
1.695416026675137644e+01
1.721849537145607201e+01
1.746818560905521522e+01
1.770295688717880722e+01
1.792255156521496318e+01
1.812672874358079156e+01
1.831526453454081960e+01
1.848795231427004637e+01
1.864460295588084904e+01
1.878504504314994961e+01
1.890912506470877830e+01
1.901670758847631504e+01
1.910767541613961029e+01
1.918192971750637099e+01
1.923939014456807683e+01
1.927999492519757752e+01
1.930370093624447136e+01
1.931048375610932410e+01
1.930033769722906811e+01
1.927327581480002294e+01
1.922932990089893224e+01
1.916855045178627748e+01
1.909100661756958317e+01
1.899678613062663857e+01
1.888599521347178012e+01
1.875875846551365100e+01
1.861521873271282601e+01
1.845553695056889865e+01
1.827989197354293438e+01
1.808848038140610015e+01
1.788151626659673354e+01
1.765923100217350949e+01
1.742187299061616201e+01
1.716970739374749755e+01
1.690301584407108493e+01
1.662209613783954865e+01
1.632726191018888429e+01
1.601884229269398929e+01
1.569718155371893431e+01
1.536263872195796054e+01
1.501558719357725735e+01
1.465641432338814454e+01
1.428552100054490737e+01
1.390332120892841594e+01
1.351024157360548728e+01
1.310672089235132631e+01
1.269320965425804992e+01
1.227016954505579527e+01
1.183807293998737187e+01
1.139740238475412681e+01
1.094865006510248406e+01
1.049231726563431621e+01
1.002891381843741314e+01
9.558957542140767316e+00
9.082973672016848354e+00
8.601494281750722948e+00
8.115057697520464686e+00
7.624207905029737553e+00
7.129493950146336800e+00
6.631469333810024125e+00
6.130691401872413238e+00
5.627720730544856664e+00
5.123120508130764250e+00
4.617455913724489491e+00
4.111293493562229173e+00
3.605200535713185328e+00
3.099744443801061955e+00
2.595492110447902512e+00
2.093009291128630878e+00
1.592859979137737803e+00
1.095605782342413903e+00
6.018053024741094603e-01
1.120135173509080317e-01
-3.732188325733023504e-01
-8.533458536008273754e-01
-1.327827102741411913e+00
-1.796128185836690427e+00
-2.257721349148267720e+00
-2.712086063759188370e+00
-3.158709602134064820e+00
-3.597087606207136190e+00
-4.026724646364492344e+00
-4.447134770702466433e+00
-4.857842043953703559e+00
-5.258381075482779998e+00
-5.648297535766614530e+00
-6.027148660786084022e+00
-6.394503743769215376e+00
-6.749944613741776678e+00
-7.093066100348958791e+00
-7.423476484438324974e+00
-7.740797933898643457e+00
-8.044666924269595398e+00
-8.334734643660331344e+00
-8.610667381516126540e+00
-8.872146900809834591e+00
-9.118870793276135700e+00
-9.350552817062808941e+00
-9.566923217000850244e+00
-9.767729026362765410e+00
-9.952734350351885695e+00
-1.012172063077308692e+01
-1.027448689162659434e+01
-1.041084996522279837e+01
-1.053064469932942160e+01
-1.063372414319185211e+01
-1.071995971479833187e+01
-1.078924134725457051e+01
-1.084147761488259754e+01
-1.087659583876945391e+01
-1.089454217174321116e+01
-1.089528166208111948e+01
-1.087879829737422277e+01
-1.084509502648212020e+01
-1.079419376106851303e+01
-1.072613535609852242e+01
-1.064097956941699152e+01
-1.053880500044752999e+01
-1.041970900807423739e+01
-1.028380760779277026e+01
-1.013123534823795069e+01
-9.962145167220382902e+00
-9.776708227424975917e+00
-9.575113731948306395e+00
-9.357568719874006291e+00
-9.124297842105727696e+00
-8.875543117701262474e+00
-8.611563670971911222e+00
-8.332635449632160629e+00
-8.039050924306769375e+00
-7.731118769722018946e+00
-7.409163527928130932e+00
-7.073525253922234413e+00
-6.724559144055209714e+00
-6.362635147632517807e+00
-5.988137562130905422e+00
-5.601464612473581184e+00
-5.203028014827262737e+00
-4.793252525395242714e+00
-4.372575474704602172e+00
-3.941446287894655676e+00
-3.500325991535227388e+00
-3.049686707515028239e+00
-2.590011134555871841e+00
-2.121792017922316198e+00
-1.645531607908940153e+00
-1.161741107700843934e+00
-6.709401112146666790e-01
-1.736560315358071094e-01
3.295764794133582143e-01
8.382161193414958689e-01
1.351715531544735782e+00
1.869521907688729279e+00
2.391077596766219671e+00
2.915820719518317894e+00
3.443185787732956804e+00
3.972604327618725506e+00
4.503505506656257928e+00
5.035316763199469747e+00
5.567464438137745830e+00
6.099374407921905217e+00
6.630472718255140840e+00
7.160186217748405468e+00
7.687943190842146279e+00
8.213173989289963117e+00
8.735311661513794235e+00
9.253792579127328111e+00
9.768057059937957476e+00
1.027754998674013009e+01
1.078172142120755872e+01
1.128002721221406190e+01
1.177192959790281535e+01
1.225689780083839864e+01
1.273440861558301762e+01
1.320394698804387268e+01
1.366500658595023587e+01
1.411709035982609528e+01
1.455971109386675622e+01
1.499239194592623647e+01
1.541466697646304240e+01
1.582608166526611981e+01
1.622619341582320374e+01
1.661457204659820519e+01
1.699080026869908622e+01
1.735447414940200161e+01
1.770520356101781800e+01
1.804261261459830834e+01
1.836634007799696633e+01
1.867603977782135871e+01
1.897138098410247409e+01
1.925204878156249322e+01
1.951774441630938739e+01
1.976818563261888784e+01
2.000310698359459849e+01
2.022226013495247443e+01
2.042541413535897377e+01
2.061235567926651768e+01
2.078288934223551365e+01
2.093683780458925625e+01
2.107404204773891365e+01
2.119436153396451772e+01
2.129767436504148392e+01
2.138387742026419147e+01
2.145288647370715651e+01
2.150463629058540960e+01
2.153908070260121832e+01
2.155619266218509011e+01
2.155596427556377748e+01
2.153840681461041839e+01
2.150355070745604991e+01
2.145144550786432092e+01
2.138215984339574049e+01
2.129578134240984966e+01
2.119241653997775998e+01
2.107219076280205172e+01
2.093524799326083041e+01
2.078175071271996543e+01
2.061187972427646997e+01
2.042583395512207289e+01
2.022383023873679875e+01
2.000610307714426384e+01
1.977290438348396862e+01
1.952450320517662874e+01
1.926118542798030120e+01
1.898325346125628599e+01
1.869102590478481929e+01
1.838483719749045520e+01
1.806503724845821068e+01
1.773199105063834224e+01
1.738607827766374925e+01
1.702769286421162676e+01
1.665724257037233613e+01
1.627514853049286359e+01
1.588184478699169233e+01
1.547777780965305894e+01
1.506340600087004233e+01
1.463919918768475448e+01
1.420563810041700137e+01
1.376321383947083987e+01
1.331242733013478485e+01
1.285378876628073463e+01
1.238781704351874779e+01
1.191503918242937132e+01
1.143598974250379285e+01
1.095121022743838601e+01
1.046124848243210792e+01
9.966658084149383257e+00
9.467997724020834838e+00
8.965830585555796262e+00
8.460723716354349833e+00
7.953247395507893280e+00
7.443974497083573283e+00
6.933479850394853372e+00
6.422339597761817842e+00
5.911130550468950418e+00
5.400429543630252738e+00
4.890812790673209065e+00
4.382855238153826605e+00
3.877129921613738261e+00
3.374207323213215481e+00
2.874654731728097268e+00
2.379035605917904750e+00
1.887908941568486654e+00
1.401828643211112890e+00
9.213429010951132980e-01
4.469935741192765377e-01
-2.068442058957931096e-02
-4.811637107763369059e-01
-9.339250641655674201e-01
-1.378457974917336681e+00
-1.814261240779129647e+00
-2.240843530292496499e+00
-2.657723939422855342e+00
-3.064432536995457479e+00
-3.460510898321676354e+00
-3.845512626220244812e+00
-4.219003860120642990e+00
-4.580563769489121917e+00
-4.929785035278146488e+00
-5.266274315676371387e+00
-5.589652696909821472e+00
-5.899556128375070152e+00
-6.195635841848287306e+00
-6.477558752908167072e+00
-6.745007847594362005e+00
-6.997682549237059568e+00
-7.235299068510582465e+00
-7.457590734928873033e+00
-7.664308309638264483e+00
-7.855220279147369311e+00
-8.030113129665895855e+00
-8.188791601730960323e+00
-8.331078924832288735e+00
-8.456817031764737536e+00
-8.565866752457298006e+00
-8.658107987055052135e+00
-8.733439858047750803e+00
-8.791780841264840163e+00
-8.833068875580114110e+00
-8.857261451188550794e+00
-8.864335676347081971e+00
-8.854288322489496821e+00
-8.827135847652481715e+00
-8.782914398171728365e+00
-8.721679788632252794e+00
-8.643507460079437266e+00
-8.548492416522382342e+00
-8.436749139784415874e+00
-8.308411482778709001e+00
-8.163632541312448865e+00
-8.002584504544019595e+00
-7.825458484243839052e+00
-7.632464323029907405e+00
-7.423830381774711995e+00
-7.199803306402706049e+00
-6.960647774317590297e+00
-6.706646220724502783e+00
-6.438098545112106663e+00
-6.155321798326029104e+00
-5.858649850252856339e+00
-5.548433038877202961e+00
-5.225037800774847696e+00
-4.888846283556443240e+00
-4.540255940651640287e+00
-4.179679108867002668e+00
-3.807542569164667157e+00
-3.424287091133280114e+00
-3.030366961635249101e+00
-2.626249498136163929e+00
-2.212414547238392704e+00
-1.789353968954009000e+00
-1.357571107272255606e+00
-9.175802475910264100e-01
-4.699060615938619456e-01
-1.508304017131223418e-02
4.463450850013974680e-01
9.138259306103755364e-01
1.386799060932387473e+00
1.864696596505677206e+00
2.346943831578538919e+00
2.832959859673599645e+00
3.322158206551577120e+00
3.813947470110821136e+00
4.307731965976553390e+00
4.802912378815165084e+00
5.298886418118863517e+00
5.795049477966383478e+00
6.290795300007713031e+00
6.785516638952661772e+00
7.278605929839669031e+00
7.769455956359010429e+00
8.257460519503840857e+00
8.742015105819081811e+00
9.222517554524616301e+00
9.698368722778170081e+00
1.016897314835924782e+01
1.063373970905019128e+01
1.109208227798893631e+01
1.154342037428539314e+01
1.198717980818179640e+01
1.242279332067260000e+01
1.284970121320742109e+01
1.326735197595423621e+01
1.367520290173039932e+01
1.407272069406990944e+01
1.445938206510736279e+01
1.483467432323102742e+01
1.519809594922848639e+01
1.554915716407044712e+01
1.588738047826347710e+01
1.621230123475838525e+01
1.652346813537171499e+01
1.682044375391796365e+01
1.710280503485764569e+01
1.737014377690550404e+01
1.762206710106978491e+01
1.785819790259971995e+01
1.807817528634171467e+01
1.828165498502045949e+01
1.846830975997989555e+01
1.863782978393722445e+01
1.878992300532327420e+01
1.892431549380146549e+01
1.904075176657885748e+01
1.913899509514140007e+01
1.921882779206980985e+01
1.928005147761041727e+01
1.932248732569934546e+01
1.934597628916008460e+01
1.935037930381612625e+01
1.933557747128435267e+01
1.930147222023660802e+01
1.924798544594115768e+01
1.917505962791793550e+01
1.908265792556697349e+01
1.897076425165094804e+01
1.883938332353839229e+01
1.868854069213762514e+01
1.851828274852323730e+01
1.832867670794450277e+01
1.811981057194359579e+01
1.789179306763956134e+01
1.764475356495982794e+01
1.737884197159995381e+01
1.709422860586192883e+01
1.679110404749170726e+01
1.646967896666376063e+01
1.613018393128508166e+01
1.577286919280805932e+01
1.539800445077604785e+01
1.500587859633622756e+01
1.459679943498667321e+01
1.417109338884214864e+01
1.372910517872679748e+01
1.327119748642439134e+01
1.279775059743673893e+01
1.230916202462373477e+01
1.180584611311904553e+01
1.128823362693243837e+01
1.075677131767909955e+01
1.021192147588107169e+01
9.654161465319608837e+00
9.083983240925331160e+00
8.501892850706386895e+00
7.908409922305565054e+00
7.304067134562060915e+00
6.689409674864247535e+00
6.064994682695208361e+00
5.431390680030579787e+00
4.789176989182511335e+00
4.138943138706130398e+00
3.481288258000829750e+00
2.816820461249977647e+00
2.146156221350833615e+00
1.469919734509300469e+00
7.887422761643634317e-01
1.032615489398982511e-01
-5.858789766924501485e-01
-1.278030728328195309e+00
-1.972540703412198893e+00
-2.668752146179603990e+00
-3.366005229025128553e+00
-4.063637737576074827e+00
-4.760985758737835916e+00
-5.457384370975556287e+00
-6.152168336095741985e+00
-6.844672792220965363e+00
-7.534233944620879697e+00
-8.220189760133880696e+00
-8.901880655828950495e+00
-9.578650187608896971e+00
-1.024984573545121691e+01
-1.091481918497544079e+01
-1.157292760413957389e+01
-1.222353391717686932e+01
-1.286600756795774103e+01
-1.349972518151606415e+01
-1.412407121595180115e+01
-1.473843860683948570e+01
-1.534222940298086080e+01
-1.593485539282028185e+01
-1.651573872085174699e+01
-1.708431249335492197e+01
-1.764002137281409688e+01
-1.818232216037677063e+01
-1.871068436573267135e+01
-1.922459076379998777e+01
-1.972353793761900675e+01
-2.020703680687489268e+01
-2.067461314147781337e+01
-2.112580805965354003e+01
-2.156017851000718011e+01
-2.197729773704288192e+01
-2.237675572964090165e+01
-2.275815965200911251e+01
-2.312113425664716360e+01
-2.346532227887976418e+01
-2.379038481253457249e+01
-2.409600166636370133e+01
-2.438187170082072441e+01
-2.464771314490364418e+01
-2.489326389232975600e+01
-2.511828177769411496e+01
-2.532254483102764908e+01
-2.550585151144374407e+01
-2.566802091923998930e+01
-2.580889298628893158e+01
-2.592832864451426644e+01
-2.602620997227158384e+01
-2.610244031847607360e+01
-2.615694440434382884e+01
-2.618966840263771445e+01
-2.620057999433241847e+01
