-1.812930264514515599e+01
-1.812177214608475140e+01
-1.809918810774702536e+01
-1.806157289890570894e+01
-1.800896377500307821e+01
-1.794141283940781406e+01
-1.785898698923346117e+01
-1.776176784577526391e+01
-1.764985166963879237e+01
-1.752334926065073262e+01
-1.738238584265783260e+01
-1.722710093333636650e+01
-1.705764819915000530e+01
-1.687419529559965525e+01
-1.667692369299825828e+01
-1.646602848779563288e+01
-1.624171819986718290e+01
-1.600421455582061014e+01
-1.575375225861516881e+01
-1.549057874372684473e+01
-1.521495392211803832e+01
-1.492714991028434746e+01
-1.462745074766460007e+01
-1.431615210171398900e+01
-1.399356096095251623e+01
-1.365999531631459796e+01
-1.331578383113727249e+01
-1.296126550013690881e+01
-1.259678929773572520e+01
-1.222271381611082930e+01
-1.183940689334913188e+01
-1.144724523210232903e+01
-1.104661400914549318e+01
-1.063790647625308594e+01
-1.022152355281493108e+01
-9.797873410623543222e+00
-9.367371051272186833e+00
-8.930437876611255987e+00
-8.487501252717365219e+00
-8.038994067836512158e+00
-7.585354285082877013e+00
-7.127024488482229359e+00
-6.664451427553554907e+00
-6.198085554621239446e+00
-5.728380560067142468e+00
-5.255792904124376719e+00
-4.780781346022394906e+00
-4.303806470686716068e+00
-3.825330215262897404e+00
-3.345815391530024385e+00
-2.865725210633652598e+00
-2.385522806185833122e+00
-1.905670758020394873e+00
-1.426630616807770924e+00
-9.488624300305219528e-01
-4.728242698189537574e-01
1.028236855715958242e-03
4.722423751358290067e-01
9.403688058879786649e-01
1.404962025482028309e+00
1.865580821254986255e+00
2.321788722180860187e+00
2.773154444272922348e+00
3.219252330250848892e+00
3.659662783011029319e+00
4.093972692445337458e+00
4.521775855161171087e+00
4.942673386662654877e+00
5.356274125561800936e+00
5.762195029396513846e+00
6.160061561646556605e+00
6.549508069514721420e+00
6.930178152149649051e+00
7.301725018832945224e+00
7.663811836826791790e+00
8.016112068493173481e+00
8.358309797338351999e+00
8.690100042644619549e+00
9.011189062363156310e+00
9.321294643954583847e+00
9.620146382876811231e+00
9.907485948433052414e+00
1.018306733670656072e+01
1.044665711032225452e+01
1.069803462479003286e+01
1.093699224119854740e+01
1.116333552504305970e+01
1.137688343098589527e+01
1.157746847336314922e+01
1.176493688226647905e+01
1.193914874504422130e+01
1.209997813308201131e+01
1.224731321373853454e+01
1.238105634732800198e+01
1.250112416905716373e+01
1.260744765583514493e+01
1.269997217792816180e+01
1.277865753533472137e+01
1.284347797896159804e+01
1.289442221650803866e+01
1.293149340309594919e+01
1.295470911666170899e+01
1.296410131814741540e+01
1.295971629654515844e+01
1.294161459886430698e+01
1.290987094510776245e+01
1.286457412835912528e+01
1.280582690009852520e+01
1.273374584088071515e+01
1.264846121652431421e+01
1.255011681997672568e+01
1.243886979903445678e+01
1.231489047011339544e+01
1.217836211827843407e+01
1.202948078375674612e+01
1.186845503517264255e+01
1.169550572975668423e+01
1.151086576079513613e+01
1.131477979259924105e+01
1.110750398328725552e+01
1.088930569568493567e+01
1.066046319666241615e+01
1.042126534523810300e+01
1.017201126979141357e+01
9.913010034738208631e+00
9.644580297033344962e+00
9.367049953315781607e+00
9.080755775438626998e+00
8.786043041392943564e+00
8.483265153205071130e+00
8.172783248844593729e+00
7.854965805913970200e+00
7.530188237992204492e+00
7.198832483656930847e+00
6.861286591115508315e+00
6.517944292668891748e+00
6.169204577786953969e+00
5.815471259005025928e+00
5.457152533616497436e+00
5.094660541215588090e+00
4.728410917567906324e+00
4.358822345289096845e+00
3.986316101815625679e+00
3.611315605153936126e+00
3.234245957896333845e+00
2.855533489993516305e+00
2.475605300774718298e+00
2.094888800706468324e+00
1.713811253381442690e+00
1.332799318227914753e+00
9.522785944292406768e-01
5.726731665411788352e-01
1.944051522935636989e-01
-1.821057469459150813e-01
-5.564426925541003932e-01
-9.281921514203019807e-01
-1.296944334617212480e+00
-1.662293631512132608e+00
-2.023839038856168226e+00
-2.381184584395680481e+00
-2.733939744556136198e+00
-3.081719855755806314e+00
-3.424146518913279813e+00
-3.760847996721149222e+00
-4.091459603265625411e+00
-4.415624085581065117e+00
-4.732991996736951812e+00
-5.043222060064430856e+00
-5.345981524139498120e+00
-5.640946508150005201e+00
-5.927802337284463263e+00
-6.206243867791527258e+00
-6.475975801370523754e+00
-6.736712988565241034e+00
-6.988180720845105220e+00
-7.230115011070624931e+00
-7.462262862061239233e+00
-7.684382522935725213e+00
-7.896243733091298012e+00
-8.097627953398575329e+00
-8.288328584504345287e+00
-8.468151171968644420e+00
-8.636913598036629836e+00
-8.794446259851977032e+00
-8.940592233932973087e+00
-9.075207426747953221e+00
-9.198160711241476051e+00
-9.309334049177966364e+00
-9.408622599185362034e+00
-9.495934810396276404e+00
-9.571192501600366498e+00
-9.634330925836943393e+00
-9.685298820372812756e+00
-9.724058442026356275e+00
-9.750585587814226685e+00
-9.764869600913566927e+00
-9.766913361948065031e+00
-9.756733265622164808e+00
-9.734359182743743233e+00
-9.699834407691044547e+00
-9.653215591395664319e+00
-9.594572659928719105e+00
-9.523988718793077624e+00
-9.441559943039738556e+00
-9.347395453341823313e+00
-9.241617178174635683e+00
-9.124359702265167016e+00
-8.995770101489391379e+00
-8.856007764409739025e+00
-8.705244200659956633e+00
-8.543662836398354443e+00
-8.371458796957082171e+00
-8.188838677577768621e+00
-7.996020300894370436e+00
-7.793232463567270507e+00
-7.580714670762978002e+00
-7.358716859414920819e+00
-7.127499110471172017e+00
-6.887331350566006982e+00
-6.638493042770980068e+00
-6.381272868468449211e+00
-6.115968398441514964e+00
-5.842885755242854806e+00
-5.562339266540716309e+00
-5.274651109940498017e+00
-4.980150949676447780e+00
-4.679175565576279894e+00
-4.372068474710216535e+00
-4.059179546142427597e+00
-3.740864609211046243e+00
-3.417485055769161839e+00
-3.089407436825058362e+00
-2.757003054026531785e+00
-2.420647546438168263e+00
-2.080720473065264198e+00
-1.737604891590260880e+00
-1.391686933762809275e+00
-1.043355377939612527e+00
-6.930012192173049534e-01
-3.410172376394191573e-01
1.220243505237927906e-02
3.662627496497123936e-01
7.207681742174600892e-01
1.075323128868410194e+00
1.429532420099058232e+00
1.783001674213491095e+00
2.135337769364208604e+00
2.486149265740333902e+00
2.835046833436382308e+00
3.181643677537090209e+00
3.525555959958162955e+00
3.866403217585781871e+00
4.203808776262729197e+00
4.537400160173803876e+00
4.866809496188377437e+00
5.191673912724181328e+00
5.511635932702422025e+00
5.826343860171078859e+00
6.135452160195434601e+00
6.438621831522761241e+00
6.735520771831512654e+00
7.025824134895874096e+00
7.309214679490098732e+00
7.585383109578160976e+00
7.854028405438801208e+00
8.114858145373384346e+00
8.367588817654400657e+00
8.611946122383084656e+00
8.847665262936361685e+00
9.074491226694703983e+00
9.292179054754434731e+00
9.500494100340521442e+00
9.699212275648093851e+00
9.888120286854295671e+00
1.006701585705466861e+01
1.023570793689205516e+01
1.039401690265971645e+01
1.054177474167356010e+01
1.067882522472352491e+01
1.080502406542732352e+01
1.092023906632514496e+01
1.102435025156789905e+01
1.111724998606670312e+01
1.119884308098610148e+01
1.126904688547853617e+01
1.132779136457281943e+01
1.137501916314430517e+01
1.141068565591013950e+01
1.143475898340786756e+01
1.144722007393146512e+01
1.144806265141373913e+01
1.143729322926006731e+01
1.141493109015304519e+01
1.138100825186376319e+01
1.133556941911992411e+01
1.127867192159690646e+01
1.121038563811243982e+01
1.113079290668218491e+01
1.103998842318086915e+01
1.093807912214919220e+01
1.082518404910387844e+01
1.070143421486669766e+01
1.056697244387624046e+01
1.042195320095844302e+01
1.026654241244715493e+01
1.010091727014482821e+01
9.925266027808902436e+00
9.739787781410115031e+00
9.544692239836670922e+00
9.340199483734764385e+00
9.126539713189533387e+00
8.903952984533516357e+00
8.672688936581511854e+00
8.433006506601547159e+00
8.185173636343547443e+00
7.929466968456996945e+00
7.666171533633534096e+00
7.395580428863313571e+00
7.117994487073270982e+00
6.833721938643158467e+00
6.543078065083385297e+00
6.246384845300121391e+00
5.943970594837044708e+00
5.636169598495241573e+00
5.323321736741764454e+00
5.005772106321795256e+00
4.683870635497333623e+00
4.357971694338872659e+00
4.028433700503552650e+00
3.695618720936463486e+00
3.359892069936182946e+00
3.021621904030378669e+00
2.681178814108329700e+00
2.338935415261812700e+00
1.995265934787255446e+00
1.650545798802975916e+00
1.305151217938066210e+00
9.594587725483023632e-01
6.138449979161801906e-01
2.686859698909280780e-01
-7.564310857791323173e-02
-4.187683195508600242e-01
-7.603174404208532522e-01
-1.099920351972467181e+00
-1.437209443749192683e+00
-1.771820016278947030e+00
-2.103390679718264877e+00
-2.431563748480604303e+00
-2.755985631417737558e+00
-3.076307217128618099e+00
-3.392184253976610719e+00
-3.703277724400857007e+00
-4.009254213115370113e+00
-4.309786268795543940e+00
-4.604552758860042339e+00
-4.893239216963262805e+00
-5.175538182822242206e+00
-5.451149534010634845e+00
-5.719780809361512119e+00
-5.981147523629867457e+00
-6.234973473076416361e+00
-6.480991031643306144e+00
-6.718941437404554406e+00
-6.948575068983498859e+00
-7.169651711641664704e+00
-7.381940812754973713e+00
-7.585221726404686393e+00
-7.779283946823360552e+00
-7.963927330448022701e+00
-8.138962306345471021e+00
-8.304210074788361595e+00
-8.459502793772674778e+00
-8.604683753281973324e+00
-8.739607537116645730e+00
-8.864140172120093197e+00
-8.978159264648699178e+00
-9.081554124145460705e+00
-9.174225873692414268e+00
-9.256087547430906781e+00
-9.327064174753392223e+00
-9.387092851185325770e+00
-9.436122795890076631e+00
-9.474115395744968637e+00
-9.501044235893257195e+00
-9.516895117095733880e+00
-9.521666059011810290e+00
-9.515367290564416436e+00
-9.498021226553257534e+00
-9.469662430895589011e+00
-9.430337566489461310e+00
-9.380105331831369853e+00
-9.319036384079288027e+00
-9.247213249628972065e+00
-9.164730221021525125e+00
-9.071693241272800634e+00
-8.968219775377839653e+00
-8.854438669206851742e+00
-8.730489995954805238e+00
-8.596524890350533354e+00
-8.452705370753713865e+00
-8.299204149432144462e+00
-8.136204431174682838e+00
-7.963899700497562684e+00
-7.782493497683866224e+00
-7.592199183913403537e+00
-7.393239695750829732e+00
-7.185847289272434324e+00
-6.970263274122771691e+00
-6.746737737802999568e+00
-6.515529260504024478e+00
-6.276904620806933011e+00
-6.031138492583582256e+00
-5.778513133439838079e+00
-5.519318065052116751e+00
-5.253849745757747769e+00
-4.982411235767161273e+00
-4.705311855373905061e+00
-4.422866836546504921e+00
-4.135396968292033293e+00
-3.843228236189422997e+00
-3.546691456495158157e+00
-3.246121905230584748e+00
-2.941858942679278499e+00
-2.634245633630342365e+00
-2.323628363996893320e+00
-2.010356453964115442e+00
-1.694781768300906766e+00
-1.377258324187908833e+00
-1.058141897010534294e+00
-7.377896245557256094e-01
-4.165596100507276134e-01
-9.481052448489890594e-02
2.270987913454414198e-01
5.488097246279930452e-01
8.699642877212707681e-01
1.190205514298415146e+00
1.509177854009713382e+00
1.826527565228467598e+00
2.141903105447110711e+00
2.454955518892756761e+00
2.765338820935467901e+00
3.072710378866049474e+00
3.376731288624683636e+00
3.677066747066177754e+00
3.973386419353085230e+00
4.265364801073940448e+00
4.552681574689112054e+00
4.835021959914140410e+00
5.112077057657392842e+00
5.383544187135439252e+00
5.649127215816191594e+00
5.908536881706437427e+00
6.161491108001179384e+00
6.407715309138460213e+00
6.646942688540383948e+00
6.878914527349236252e+00
7.103380463967587488e+00
7.320098764082906051e+00
7.528836580884126661e+00
7.729370205189557197e+00
7.921485305216569905e+00
8.104977155735019423e+00
8.279650856358660604e+00
8.445321538740820699e+00
8.601814562452926083e+00
8.748965699337535540e+00
8.886621306139979026e+00
9.014638485236186938e+00
9.132885233667913383e+00
9.241240578045946563e+00
9.339594700892419610e+00
9.427849050671152753e+00
9.505916441112560733e+00
9.573721137443254037e+00
9.631198929816019216e+00
9.678297193509800778e+00
9.714974937998331228e+00
9.741202839442866690e+00
9.756963263796485819e+00
9.762250275087344775e+00
9.757069631028373990e+00
9.741438765671258437e+00
9.715386759043411757e+00
9.678954293880662973e+00
9.632193599485050939e+00
9.575168382784394083e+00
9.507953746679826068e+00
9.430636095781411044e+00
9.343313029645811341e+00
9.246093223644052728e+00
9.139096297600637797e+00
9.022452672359202452e+00
8.896303414442957802e+00
8.760800068991052569e+00
8.616104481165514528e+00
8.462388606235341726e+00
8.299834308557430873e+00
8.128633149685590809e+00
7.948986165851336771e+00
7.761103635071576967e+00
7.565204834149431790e+00
7.361517785845999917e+00
7.150278996511146623e+00
6.931733184471850606e+00
6.706132999497465441e+00
6.473738733599100570e+00
6.234818023642000107e+00
5.989645545908130586e+00
5.738502703102824398e+00
5.481677304100490034e+00
5.219463236800177874e+00
4.952160134460141805e+00
4.680073035887600597e+00
4.403512039865541183e+00
4.122791954205881737e+00
3.838231939822916772e+00
3.550155150227074063e+00
3.258888366843451845e+00
2.964761630563679251e+00
2.668107869944454702e+00
2.369262526468684182e+00
2.068563162333639571e+00
1.766349155873861765e+00
1.462961170984803161e+00
1.158740924402610339e+00
8.540307278367214039e-01
5.491731194407840633e-01
2.445104803631377166e-01
-5.961534824085124029e-02
-3.628634473080794010e-01
-6.648942006535802918e-01
-9.653696740193407066e-01
-1.263953991965152124e+00
-1.560313712182809454e+00
-1.854118196817815978e+00
-2.145039980387482892e+00
-2.432755133886765453e+00
-2.716943624678856306e+00
-2.997289671772446873e+00
-3.273482096091673288e+00
-3.545214665352425687e+00
-3.812186433163620158e+00
-4.074102071978687789e+00
-4.330672199530832600e+00
-4.581613698391217682e+00
-4.826650028299098061e+00
-5.065511530919186711e+00
-5.297935726692144520e+00
-5.523667603451169583e+00
-5.742459896488719906e+00
-5.954073359765762241e+00
-6.158277027967009154e+00
-6.354848469114954490e+00
-6.543574027467446541e+00
-6.724249056622780607e+00
-6.896678141442627030e+00
-7.060675311387553776e+00
-7.216064241257442724e+00
-7.362678441947405616e+00
-7.500361439883048931e+00
-7.628966945130142285e+00
-7.748359007807311016e+00
-7.858412163772947601e+00
-7.959011566588340969e+00
-8.050053109401638096e+00
-8.131443533788601741e+00
-8.203100526568444906e+00
-8.264952804305481848e+00
-8.316940185409460895e+00
-8.359013649761273257e+00
-8.391135385804957991e+00
-8.413278825060531929e+00
-8.425428664026595627e+00
-8.427580873455447374e+00
-8.419742694997673027e+00
-8.401932625227285456e+00
-8.374180387072392762e+00
-8.336526888690540815e+00
-8.289024169841873402e+00
-8.231735335826956046e+00
-8.164734479070242301e+00
-8.088106588443668699e+00
-8.001947446438483880e+00
-7.906363514307072293e+00
-7.801471805309863505e+00
-7.687399746207765006e+00
-7.564285027206917533e+00
-7.432275440416333367e+00
-7.291528707156542666e+00
-7.142212294204631995e+00
-6.984503219232760074e+00
-6.818587845655633473e+00
-6.644661667122171878e+00
-6.462929081897515360e+00
-6.273603157393152330e+00
-6.076905385113831493e+00
-5.873065426299672431e+00
-5.662320848553553887e+00
-5.444916853752238772e+00
-5.221105997550329114e+00
-4.991147900795293246e+00
-4.755308953179777198e+00
-4.513862009467246139e+00
-4.267086078634291013e+00
-4.015266006280250544e+00
-3.758692150663891507e+00
-3.497660052731531799e+00
-3.232470100509452493e+00
-2.963427188238693333e+00
-2.690840370635458889e+00
-2.415022512667349908e+00
-2.136289935238539162e+00
-1.854962057182766522e+00
-1.571361033966138798e+00
-1.285811393505602140e+00
-9.986396695123334055e-01
-7.101740327706651534e-01
-4.207439207670118364e-01
-1.306796660832167944e-01
1.596878760289359711e-01
4.500277004746622289e-01
7.400090251278621523e-01
1.029301663209695850e+00
1.317576394817595808e+00
1.604505337190077263e+00
1.889762313292355334e+00
2.173023218311745275e+00
2.453966383653722882e+00
2.732272938031475196e+00
3.007627165247400480e+00
3.279716858266178647e+00
3.548233669185635097e+00
3.812873454714965860e+00
4.073336616775837804e+00
4.329328437847110855e+00
4.580559410679654775e+00
4.826745562015157809e+00
5.067608769948746428e+00
5.302877074582542427e+00
5.532284981625682718e+00
5.755573758320344346e+00
5.972491723068027447e+00
6.182794524169876738e+00
6.386245413071121035e+00
6.582615507523804865e+00
6.771684046093356280e+00
6.953238633441567451e+00
7.127075476370547058e+00
7.292999608823389046e+00
7.450825109466665097e+00
7.600375306433860167e+00
7.741482972902709037e+00
7.873990511727104291e+00
7.997750129182560563e+00
8.112623997634736739e+00
8.218484406952843102e+00
8.315213904503105269e+00
8.402705423568990639e+00
8.480862400059406170e+00
8.549598877377919237e+00
8.608839599340019078e+00
8.658520091038873545e+00
8.698586727572990895e+00
8.728996790563492425e+00
8.749718512401745585e+00
8.760731108182209681e+00
8.762024795289136136e+00
8.753600800604797172e+00
8.735471355421873696e+00
8.707659677855208002e+00
8.670199943061644987e+00
8.623137241092837968e+00
8.566527522517080939e+00
8.500437531860850271e+00
8.424944728948943862e+00
8.340137198235080263e+00
8.246113546228311719e+00
8.142982787134320333e+00
8.030864216843003334e+00
7.909887275407557539e+00
7.780191398172680906e+00
7.641925855721822813e+00
7.495249582826759571e+00
7.340330996594099489e+00
7.177347804015697719e+00
7.006486799142198407e+00
6.827943650109379981e+00
6.641922676259365055e+00
6.448636615608987377e+00
6.248306382928863201e+00
6.041160818706732272e+00
5.827436429278813890e+00
5.607377118422993689e+00
5.381233910716826330e+00
5.149264666972261040e+00
4.911733792069076010e+00
4.668911935514655553e+00
4.421075685069460803e+00
4.168507253781588595e+00
3.911494160784000584e+00
3.650328906212943814e+00
3.385308640613561515e+00
3.116734829204292012e+00
2.844912911377445397e+00
2.570151955818886336e+00
2.292764311634196694e+00
2.013065255872342973e+00
1.731372637844040607e+00
1.448006520632694638e+00
1.163288820200617746e+00
8.775429424960110580e-01
5.910934189662828686e-01
3.042655408880006185e-01
1.738499292174333632e-02
-2.692225136963024568e-01
-5.552316079151506933e-01
-8.403176251726449664e-01
-1.124156972829747581e+00
-1.406427494328331917e+00
-1.686808831663495489e+00
-1.964982785764904261e+00
-2.240633674385179575e+00
-2.513448687093198686e+00
-2.783118236976700022e+00
-3.049336308660549388e+00
-3.311800802242530484e+00
-3.570213872520410447e+00
-3.824282264763971817e+00
-4.073717642430325192e+00
-4.318236912184597820e+00
-4.557562541526824162e+00
-4.791422870415622093e+00
-5.019552416248309612e+00
-5.241692172163331165e+00
-5.457589896498377335e+00
-5.667000397662270927e+00
-5.869685807999626803e+00
-6.065415850917098339e+00
-6.253968099145629900e+00
-6.435128224154896159e+00
-6.608690236442166466e+00
-6.774456716428900016e+00
-6.932239035706871277e+00
-7.081857568388620905e+00
-7.223141892326811586e+00
-7.355930979978605677e+00
-7.480073378703489873e+00
-7.595427380293870101e+00
-7.701861179550464342e+00
-7.799253021724501522e+00
-7.887491338675785890e+00
-7.966474873565074333e+00
-8.036112793982983504e+00
-8.096324793361013406e+00
-8.147041180564380980e+00
-8.188202957565810181e+00
-8.219761885115422828e+00
-8.241680536334381912e+00
-8.253932338174150729e+00
-8.256501600696452670e+00
-8.249383534142658903e+00
-8.232584253775122818e+00
-8.206120772486508841e+00
-8.170020981186848275e+00
-8.124323616991731001e+00
-8.069078219248789097e+00
-8.004345073452856951e+00
-7.930195143114190159e+00
-7.846709989657172812e+00
-7.753981680440463542e+00
-7.652112685002984804e+00
-7.541215759652758699e+00
-7.421413820529361161e+00
-7.292839805282680388e+00
-7.155636523524535164e+00
-7.009956496220901556e+00
-6.855961784206073162e+00
-6.693823806011414135e+00
-6.523723145213229380e+00
-6.345849347516956840e+00
-6.160400707804649656e+00
-5.967584047385875223e+00
-5.767614481701200724e+00
-5.560715178739322972e+00
-5.347117108438920852e+00
-5.127058783355805005e+00
-4.900785990886904031e+00
-4.668551517350417512e+00
-4.430614864231840144e+00
-4.187241956913673846e+00
-3.938704846215189903e+00
-3.685281403076373863e+00
-3.427255006728398445e+00
-3.164914226698869015e+00
-2.898552499009121597e+00
-2.628467796925018085e+00
-2.354962296629933949e+00
-2.078342038195001074e+00
-1.798916582224195926e+00
-1.516998662560472333e+00
-1.232903835439599582e+00
-9.469501254858871953e-01
-6.594576689442472883e-01
-3.707483545486458532e-01
-8.114546242783671204e-02
2.090266985469255712e-01
4.994431545573978504e-01
7.897786314319652501e-01
1.079707919474132805e+00
1.368906238325894087e+00
1.657049601301970654e+00
1.943815179005378146e+00
2.228881660873836879e+00
2.511929616598668424e+00
2.792641853867539936e+00
3.070703774403440001e+00
3.345803726947000456e+00
3.617633356948834589e+00
3.885887952467065976e+00
4.150266786570229627e+00
4.410473454131452975e+00
4.666216204966835868e+00
4.917208271183834967e+00
5.163168189084642812e+00
5.403820115145743230e+00
5.638894135720312839e+00
5.868126570118099572e+00
6.091260266723461214e+00
6.308044891821657174e+00
6.518237210809900262e+00
6.721601361479756065e+00
6.917909119076861124e+00
7.106940152772875940e+00
7.288482273435314518e+00
7.462331672189367993e+00
7.628293149677161544e+00
7.786180335689063092e+00
7.935815898933827661e+00
8.077031746712830085e+00
8.209669214275301385e+00
8.333579243643239209e+00
8.448622551705716077e+00
8.554669787395258851e+00
8.651601677770161203e+00
8.739309162839793643e+00
8.817693518981720047e+00
8.886666470813162633e+00
8.946150291390949860e+00
8.996077890628587426e+00
9.036392891830752561e+00
9.067049696259855907e+00
9.088013535662243569e+00
9.099260512694737457e+00
9.100777629206458386e+00
9.092562802343575612e+00
9.074624868458824878e+00
9.046983574820881557e+00
9.009669559132458261e+00
8.962724316879464581e+00
8.906200156547175339e+00
8.840160142752901962e+00
8.764678027358119294e+00
8.679838168636289097e+00
8.585735438586159063e+00
8.482475118493237431e+00
8.370172782855549443e+00
8.248954171802328261e+00
8.118955052147921236e+00
7.980321067234367405e+00
7.833207575730655847e+00
7.677779479567005794e+00
7.514211041195705931e+00
7.342685690382078079e+00
7.163395820739792974e+00
6.976542576237329207e+00
6.782335627912710052e+00
6.580992941045114897e+00
6.372740533042360767e+00
6.157812222313300055e+00
5.936449368404870697e+00
5.708900603692849351e+00
5.475421556924708888e+00
5.236274568922380190e+00
4.991728400761014761e+00
4.742057934748900472e+00
4.487543868541006731e+00
4.228472402726259460e+00
3.965134922237550708e+00
3.697827671936426697e+00
3.426851426738863005e+00
3.152511156639318024e+00
2.875115687018994226e+00
2.594977354606115671e+00
2.312411659475423598e+00
2.027736913473864977e+00
1.741273885463369808e+00
1.453345443776320689e+00
1.164276195897143262e+00
8.743921280738699009e-01
5.840202395080683617e-01
2.934881795901025381e-01
3.123880086441776366e-03
-2.867448067656944155e-01
-5.757904779814927432e-01
-8.636865428270594780e-01
-1.150107589247743256e+00
-1.434729744791834571e+00
-1.717231039723005948e+00
-1.997291766140514735e+00
-2.274594835016293892e+00
-2.548826130368431198e+00
-2.819674860174698594e+00
-3.086833903636323040e+00
-3.350000154413899089e+00
-3.608874859396284496e+00
-3.863163952767205700e+00
-4.112578384808455390e+00
-4.356834445214119889e+00
-4.595654080499483207e+00
-4.828765205160264529e+00
-5.055902006234703983e+00
-5.276805240930118046e+00
-5.491222526980403806e+00
-5.698908625412922646e+00
-5.899625715406954463e+00
-6.093143660939106532e+00
-6.279240268917288148e+00
-6.457701538515113526e+00
-6.628321901429348628e+00
-6.790904452790994306e+00
-6.945261172473428779e+00
-7.091213136549516349e+00
-7.228590718662118775e+00
-7.357233781082665125e+00
-7.476991855244445873e+00
-7.587724311548437406e+00
-7.689300518252173866e+00
-7.781599989263459527e+00
-7.864512520673620166e+00
-7.937938315877191897e+00
-8.001788099137716159e+00
-8.055983217472308056e+00
-8.100455730740232951e+00
-8.135148489834337582e+00
-8.160015202886894414e+00
-8.175020489415146585e+00
-8.180139922344993764e+00
-8.175360057864782704e+00
-8.160678453074744709e+00
-8.136103671411069271e+00
-8.101655275837346792e+00
-8.057363809809482191e+00
-8.003270766034026096e+00
-7.939428543053178799e+00
-7.865900389703398332e+00
-7.782760337508141113e+00
-7.690093121078242611e+00
-7.587994086607288580e+00
-7.476569088562125209e+00
-7.355934374682253640e+00
-7.226216459414232851e+00
-7.087551985920550912e+00
-6.940087576815209047e+00
-6.783979673789926501e+00
-6.619394366308755551e+00
-6.446507209559284135e+00
-6.265503031862070138e+00
-6.076575731750610387e+00
-5.879928064946306598e+00
-5.675771421463750244e+00
-5.464325593084175203e+00
-5.245818531505618054e+00
-5.020486097308696216e+00
-4.788571800187710892e+00
-4.550326530604807296e+00
-4.306008283216923083e+00
-4.055881872371794650e+00
-3.800218639989396685e+00
-3.539296156150632200e+00
-3.273397912726801806e+00
-3.002813010387342274e+00
-2.727835839333607293e+00
-2.448765754112458559e+00
-2.165906742806892993e+00
-1.879567091337457141e+00
-1.590059042347283347e+00
-1.297698450225085898e+00
-1.002804431782768457e+00
-7.056990133147997835e-01
-4.067067743746777264e-01
-1.061544887708076867e-01
1.956292374537131895e-01
4.983143290895324373e-01
8.015696075421017142e-01
1.105063157385232975e+00
1.408462693886165962e+00
1.711435931003120858e+00
2.013650949425992653e+00
2.314776564280205395e+00
2.614482692063584857e+00
2.912440716418397635e+00
3.208323852331176784e+00
3.501807508355462950e+00
3.792569646456117383e+00
4.080291139075200135e+00
4.364656123023495482e+00
4.645352349803857805e+00
4.922071531978494008e+00
5.194509685194701909e+00
5.462367465489617047e+00
5.725350501498736477e+00
5.983169721199977253e+00
6.235541672829541859e+00
6.482188839613330700e+00
6.722839947964191154e+00
6.957230268801867012e+00
7.185101911661773144e+00
7.406204111264279355e+00
7.620293506227242553e+00
7.827134409610451371e+00
8.026499070992166196e+00
8.218167929785550996e+00
8.401929859513026955e+00
8.577582402767324865e+00
8.744931996596914558e+00
8.903794188065198512e+00
9.053993839743320393e+00
9.195365324907491811e+00
9.327752712223428944e+00
9.451009939711706664e+00
9.565000977800194093e+00
9.669599981281578494e+00
9.764691430005758122e+00
9.850170258150857450e+00
9.925941971927118246e+00
9.991922755582775650e+00
1.004803956559274525e+01
1.009423021292413125e+01
1.013044343328676256e+01
1.015663894528863409e+01
1.017278749643121571e+01
1.017887089689177493e+01
1.017488204105416649e+01
1.016082491676282906e+01
1.013671460228822241e+01
1.010257725100590420e+01
1.005845006380475404e+01
1.000438124925352845e+01
9.940429971568669032e+00
9.866666286439482292e+00
9.783171064780812998e+00
9.690035904495848840e+00
9.587363030343166059e+00
9.475265182035292000e+00
9.353865490646199987e+00
9.223297343524233582e+00
9.083704237813233107e+00
8.935239622761184108e+00
8.778066730986758159e+00
8.612358398889911726e+00
8.438296876403793334e+00
8.256073626298061185e+00
8.065889113254680609e+00
7.867952582948857909e+00
7.662481831378595842e+00
7.449702964698071916e+00
7.229850149818971339e+00
7.003165356055899515e+00
6.769898088469081365e+00
6.530305110988009254e+00
6.284650165152530832e+00
6.033203677403228049e+00
5.776242460783182153e+00
5.514049409162110393e+00
5.246913184693419829e+00
4.975127898494713818e+00
4.698992787029666829e+00
4.418811879214246119e+00
4.134893661775845608e+00
3.847550737810304877e+00
3.557099481125475471e+00
3.263859686366580970e+00
2.968154215314805722e+00
2.670308639751528546e+00
2.370650881282797329e+00
2.069510848523660851e+00
1.767220072042927637e+00
1.464111337473456231e+00
1.160518317193495630e+00
8.567752009880735820e-01
5.532163260981315389e-01
2.501758070681949775e-01
-5.201283419756652648e-02
-3.530170377615768906e-01
-6.525055739509473263e-01
-9.501489102207547610e-01
-1.245619576174825660e+00
-1.538592526339903621e+00
-1.828745500290955839e+00
-2.115759379728268108e+00
-2.399318542110874475e+00
-2.679111210453131608e+00
-2.954829798897827153e+00
-3.226171253681445528e+00
-3.492837389114148650e+00
-3.754535218200709235e+00
-4.010977277536985852e+00
-4.261881946119480347e+00
-4.506973757716475681e+00
-4.745983706451419870e+00
-4.978649545261344400e+00
-5.204716076897975441e+00
-5.423935437147794580e+00
-5.636067369958231765e+00
-5.840879494161832497e+00
-6.038147561504318084e+00
-6.227655705687910270e+00
-6.409196682154231439e+00
-6.582572098339408484e+00
-6.747592634145670232e+00
-6.904078252383489378e+00
-7.051858398950766826e+00
-7.190772192525560769e+00
-7.320668603561230725e+00
-7.441406622384548086e+00
-7.552855416209018458e+00
-7.654894474888610745e+00
-7.747413745248836747e+00
-7.830313753845124403e+00
-7.903505718011290426e+00
-7.966911645073389003e+00
-8.020464419618139829e+00
-8.064107878717466704e+00
-8.097796875024616980e+00
-8.121497327675289313e+00
-8.135186260906767330e+00
-8.138851830424581379e+00
-8.132493337386788923e+00
-8.116121230064070602e+00
-8.089757093141937361e+00
-8.053433624680721437e+00
-8.007194600757138403e+00
-7.951094827825448519e+00
-7.885200082849225467e+00
-7.809587041268798657e+00
-7.724343192882670905e+00
-7.629566745734461364e+00
-7.525366518110921277e+00
-7.411861818768274546e+00
-7.289182315519596500e+00
-7.157467892325772851e+00
-7.016868495048136367e+00
-6.867543966032032543e+00
-6.709663867702604811e+00
-6.543407295654257716e+00
-6.368962679725713727e+00
-6.186527577549899348e+00
-5.996308455129691239e+00
-5.798520458926161858e+00
-5.593387178017574790e+00
-5.381140396873321130e+00
-5.162019838705219854e+00
-4.936272901532350765e+00
-4.704154382627772968e+00
-4.465926197805568876e+00
-4.221857091248981675e+00
-3.972222338041837553e+00
-3.717303439424641809e+00
-3.457387811112199394e+00
-3.192768465018311019e+00
-2.923743684737363679e+00
-2.650616695143266366e+00
-2.373695326470732780e+00
-2.093291673249376039e+00
-1.809721748469383495e+00
-1.523305133360396191e+00
-1.234364623170610908e+00
-9.432258693400155103e-01
-6.502170184612974246e-01
-3.556683484302300968e-01
-5.991190218716546667e-02
2.367188805454918388e-01
5.338895331189990046e-01
8.312649330020063232e-01
1.128509673596991281e+00
1.425288436420366178e+00
1.721266363232715424e+00
2.016109427706286983e+00
2.309484806219326281e+00
2.601061247363983586e+00
2.890509439760564181e+00
3.177502377768396169e+00
3.461715724688020579e+00
3.742828173052658691e+00
4.020521801608340162e+00
4.294482428586758438e+00
4.564399960879224061e+00
4.829968738723038335e+00
5.090887875518886219e+00
5.346861592400837360e+00
5.597599547187808611e+00
5.842817157351051449e+00
6.082235916638096818e+00
6.315583705002542736e+00
6.542595091493266679e+00
6.763011629768231003e+00
6.976582145902635368e+00
7.183063018171454317e+00
7.382218448495847518e+00
7.573820725249636787e+00
7.757650477134785838e+00
7.933496917841877050e+00
8.101158081222877172e+00
8.260441046714820601e+00
8.411162154761747445e+00
8.553147211995185017e+00
8.686231685944273195e+00
8.810260889055118838e+00
8.925090151820088025e+00
9.030584984814414184e+00
9.126621229465607499e+00
9.213085197383401592e+00
9.289873798094220092e+00
9.356894655037031328e+00
9.414066209689039511e+00
9.461317813704464896e+00
9.498589808961595438e+00
9.525833595427171119e+00
9.543011686760994650e+00
9.550097753596428873e+00
9.547076654446705390e+00
9.533944454200469210e+00
9.510708430183651529e+00
9.477387065778602349e+00
9.434010031605181368e+00
9.380618154282318599e+00
9.317263372802093713e+00
9.244008682562652623e+00
9.160928067119115781e+00
9.068106417726120583e+00
8.965639440548773820e+00
8.853633552902040904e+00
8.732205765479939430e+00
8.601483554907687790e+00
8.461604723599926103e+00
8.312717248340215193e+00
8.154979117537855871e+00
7.988558157538411031e+00
7.813631846983856377e+00
7.630387122416314227e+00
7.439020171344930432e+00
7.239736216002902403e+00
7.032749286831382562e+00
6.818281986138143402e+00
6.596565242192490963e+00
6.367838054026163874e+00
6.132347227220392938e+00
5.890347100972845418e+00
5.642099266741062991e+00
5.387872278776353774e+00
5.127941356864665678e+00
4.862588081603208323e+00
4.592100082549466222e+00
4.316770719585614202e+00
4.036898757851012043e+00
3.752788036601290234e+00
3.464747132359923043e+00
3.173089016734103041e+00
2.878130709273986731e+00
2.580192925757783584e+00
2.279599722292519282e+00
1.976678135623800792e+00
1.671757820052516053e+00
1.365170681359900939e+00
1.057250508147189016e+00
7.483326009966875247e-01
4.387533998654689071e-01
1.288501101256498416e-01
-1.810396723377358796e-01
-4.905783530387655134e-01
-7.994286319858883161e-01
-1.107254043787549769e+00
-1.413719167274882338e+00
-1.718490081303479577e+00
-2.021234720075625546e+00
-2.321623242981495139e+00
-2.619328402064912353e+00
-2.914025906702929714e+00
-3.205394785094597410e+00
-3.493117742158804884e+00
-3.776881513440030425e+00
-4.056377214632538752e+00
-4.331300686329888627e+00
-4.601352833619421823e+00
-4.866239960142719312e+00
-5.125674096248550526e+00
-5.379373320875020070e+00
-5.627062076789071554e+00
-5.868471478899317972e+00
-6.103339615132602702e+00
-6.331411839757861593e+00
-6.552441058665989360e+00
-6.766188006352117590e+00
-6.972421514279120380e+00
-7.170918770323918778e+00
-7.361465569013643240e+00
-7.543856552273388694e+00
-7.717895440414791253e+00
-7.883395253105162759e+00
-8.040178520071611601e+00
-8.188077481300032545e+00
-8.326934276506001709e+00
-8.456601123662707664e+00
-8.576940486384399875e+00
-8.687825229977175212e+00
-8.789138765978531609e+00
-8.880775185023001228e+00
-8.962639377881920666e+00
-9.034647144538864083e+00
-9.096725291176628758e+00
-9.148811714962789665e+00
-9.190855476536569313e+00
-9.222816860119364080e+00
-9.244667421131758545e+00
-9.256390021376667221e+00
-9.257978851587918001e+00
-9.249439441023829644e+00
-9.230788656497718847e+00
-9.202054684719641386e+00
-9.163277006127657387e+00
-9.114506354118169895e+00
-9.055804662158326579e+00
-8.987244998428046472e+00
-8.908911488478052476e+00
-8.820899223472078887e+00
-8.723314160391836936e+00
-8.616273005935134677e+00
-8.499903090512523463e+00
-8.374342229965193951e+00
-8.239738575570367374e+00
-8.096250452497022465e+00
-7.944046186885193706e+00
-7.783303921736195896e+00
-7.614211421813770642e+00
-7.436965867766247129e+00
-7.251773639695338503e+00
-7.058850090405106137e+00
-6.858419308579051688e+00
-6.650713872143613870e+00
-6.435974592085107915e+00
-6.214450247005673944e+00
-5.986397308686137286e+00
-5.752079659014984081e+00
-5.511768298497515595e+00
-5.265741046757835164e+00
-5.014282235307920388e+00
-4.757682392936180449e+00
-4.496237924060098479e+00
-4.230250780395643062e+00
-3.960028126301700535e+00
-3.685881998170945639e+00
-3.408128958237874429e+00
-3.127089743186852289e+00
-2.843088907946324628e+00
-2.556454465059540215e+00
-2.267517520032048317e+00
-1.976611903053880681e+00
-1.684073797505288184e+00
-1.390241365654441008e+00
-1.095454371958490825e+00
-8.000538043865530469e-01
-5.043814941799182883e-01
-2.087797344704069857e-01
8.640910182092964575e-02
3.808429443846912399e-01
6.741804077988269306e-01
9.660811732567653465e-01
1.256206369326803962e+00
1.544218951318965249e+00
1.829784078831311778e+00
2.112569491118890586e+00
2.392245879710701129e+00
2.668487258074406565e+00
2.940971327757360143e+00
3.209379840665107952e+00
3.473398957059162573e+00
3.732719598881317769e+00
3.987037798007625256e+00
4.236055039046545012e+00
4.479478596300691784e+00
4.717021864513788465e+00
4.948404683037279206e+00
5.173353653053216483e+00
5.391602447499475481e+00
5.602892113352971215e+00
5.806971365929892492e+00
6.003596874876635958e+00
6.192533541529154917e+00
6.373554767330803728e+00
6.546442713007995629e+00
6.710988548210450766e+00
6.866992691338204224e+00
7.014265039282857828e+00
7.152625186824986159e+00
7.281902635453358030e+00
7.401936991290799739e+00
7.512578152097297846e+00
7.613686482879065132e+00
7.705132980096946582e+00
7.786799424209956300e+00
7.858578520391203526e+00
7.920374027260924876e+00
7.972100873451885228e+00
8.013685261959810902e+00
8.045064762041056028e+00
8.066188388634817130e+00
8.077016669181274366e+00
8.077521697760294828e+00
8.067687176471784127e+00
8.047508444075454292e+00
8.016992491676854016e+00
7.976157965663299265e+00
7.925035157710576428e+00
7.863665981930065385e+00
7.792103939162714710e+00
7.710414068452378089e+00
7.618672885743441370e+00
7.516968309863419684e+00
7.405399575864256789e+00
7.284077135809488013e+00
7.153122547110339013e+00
7.012668348524785600e+00
6.862857923949754024e+00
6.703845354148331381e+00
6.535795256567492828e+00
6.358882613417122798e+00
6.173292588189644547e+00
5.979220330817414109e+00
5.776870771674255778e+00
5.566458404640322044e+00
5.348207059463255142e+00
5.122349663658449792e+00
4.889127994204124583e+00
4.648792419298152012e+00
4.401601630453122027e+00
4.147822365219605345e+00
3.887729120835277996e+00
3.621603859109496781e+00
3.349735702862230546e+00
3.072420624244245335e+00
2.789961125277567344e+00
2.502665910960628182e+00
2.210849555292956126e+00
1.914832160582911724e+00
1.614939010404561559e+00
1.311500216585033574e+00
1.004850360602397519e+00
6.953281297867808242e-01
3.832759487188135417e-01
6.903960622569949024e-02
-2.470321216146711407e-01
-5.645878520586311566e-01
-8.832739794329760308e-01
-1.202735061654758741e+00
-1.522614209045981326e+00
-1.842553475066406765e+00
-2.162194248522911533e+00
-2.481177646823216065e+00
-2.799144909848226614e+00
-3.115737794011213424e+00
-3.430598966070880440e+00
-3.743372396268645375e+00
-4.053703750357697366e+00
-4.361240780094993497e+00
-4.665633711768176539e+00
-4.966535632328848315e+00
-5.263602872710738900e+00
-5.556495387909746064e+00
-5.844877133408319381e+00
-6.128416437531269523e+00
-6.406786369321475050e+00
-6.679665101531790938e+00
-6.946736268331977548e+00
-7.207689317337516499e+00
-7.462219855571026628e+00
-7.710029988981196070e+00
-7.950828655105774523e+00
-8.184331948605841234e+00
-8.410263439185387213e+00
-8.628354481639238571e+00
-8.838344517645484899e+00
-9.039981368977318965e+00
-9.233021521806914933e+00
-9.417230401785490201e+00
-9.592382639594763560e+00
-9.758262326672694442e+00
-9.914663260829792435e+00
-1.006138918188121423e+01
-1.019825399463268667e+01
-1.032508198495676233e+01
-1.044170802033743684e+01
-1.054797774351861683e+01
-1.064374774796198153e+01
-1.072888574980515486e+01
-1.080327074120711650e+01
-1.086679313615510267e+01
-1.091935489929135805e+01
-1.096086966652151595e+01
-1.099126285089955068e+01
-1.101047173621131847e+01
-1.101844555772304801e+01
-1.101514556999962835e+01
-1.100054510171136890e+01
-1.097462959736179577e+01
-1.093739664588381011e+01
-1.088885599606523868e+01
-1.082902955877979245e+01
-1.075795139601299333e+01
-1.067566769668839655e+01
-1.058223673931160391e+01
-1.047772884146706751e+01
-1.036222629621352986e+01
-1.023582329544103331e+01
-1.009862584026600807e+01
-9.950751638553017031e+00
-9.792329989669669388e+00
-9.623501656591209041e+00
-9.444418725488546329e+00
-9.255244452944626943e+00
-9.056153100957759605e+00
-8.847329759907474056e+00
-8.628970159665728445e+00
-8.401280469054228206e+00
-8.164477083859779327e+00
-7.918786403630488024e+00
-7.664444597491240962e+00
-7.401697359225465789e+00
-7.130799651885578072e+00
-6.852015442202566753e+00
-6.565617425077144631e+00
-6.271886738450325183e+00
-5.971112668853380434e+00
-5.663592347956210027e+00
-5.349630440422449951e+00
-5.029538823489010824e+00
-4.703636258410096360e+00
-4.372248054388977678e+00
-4.035705725155505519e+00
-3.694346638639350644e+00
-3.348513660103348943e+00
-2.998554789119543429e+00
-2.644822790779480126e+00
-2.287674821536699099e+00
-1.927472050083834709e+00
-1.564579273672707771e+00
-1.199364530293598463e+00
-8.321987071298191374e-01
-4.634551457119227003e-01
-9.350924419793482656e-02
2.772619427917946133e-01
6.484801063485163830e-01
1.019766087029746249e+00
1.390740279749309138e+00
1.761023039371391707e+00
2.130235086565456459e+00
2.497997913483668952e+00
2.863934188821803506e+00
3.227668161812784930e+00
3.588826064771523328e+00
3.947036513620817644e+00
4.301930906136969490e+00
4.653143817355203105e+00
5.000313391755069503e+00
5.343081731792363342e+00
5.681095282355320464e+00
6.014005210725622774e+00
6.341467781634221090e+00
6.663144726999881584e+00
6.978703609951889320e+00
7.287818182737589190e+00
7.590168738127168524e+00
7.885442453931956308e+00
8.173333730259905394e+00
8.453544519283305192e+00
8.725784646315839055e+00
8.989772123945829918e+00
9.245233456096601188e+00
9.491903933764460177e+00
9.729527921280858749e+00
9.957859132923690737e+00
1.017666089942239616e+01
1.038570642498036811e+01
1.058477903224789252e+01
1.077367239802038945e+01
1.095219077712429367e+01
1.112014921515440768e+01
1.127737374967855466e+01
1.142370159968775667e+01
1.155898134308329617e+01
1.168307308200540007e+01
1.179584859582037026e+01
1.189719148159784545e+01
1.198699728192195479e+01
1.206517359989468652e+01
1.213164020120341746e+01
1.218632910313849571e+01
1.222918465046105752e+01
1.226016357803526446e+01
1.227923506015376631e+01
1.228638074649956380e+01
1.228159478470154831e+01
1.226488382945616706e+01
1.223626703820177752e+01
1.219577605334691839e+01
1.214345497106847915e+01
1.207936029671022737e+01
1.200356088682642408e+01
1.191613787793054691e+01
1.181718460202249510e+01
1.170680648898301435e+01
1.158512095593754232e+01
1.145225728370648000e+01
1.130835648047284181e+01
1.115357113281113044e+01
1.098806524423665465e+01
1.081201406143823363e+01
1.062560388843258607e+01
1.042903188870678122e+01
1.022250587573569192e+01
1.000624409196752040e+01
9.780474976568125811e+00
9.545436922160696724e+00
9.301378020826550852e+00
9.048555799635922270e+00
8.787236945994902015e+00
8.517697023103345089e+00
8.240220175829147564e+00
7.955098827316916754e+00
7.662633366655520639e+00
7.363131827942160257e+00
7.056909561089438121e+00
6.744288894728009076e+00
6.425598791570023671e+00
6.101174496604296671e+00
5.771357178502729113e+00
5.436493564624982788e+00
5.096935570014888839e+00
4.753039920790039119e+00
4.405167772330321974e+00
4.053684322696164521e+00
3.698958421582652534e+00
3.341362175512845312e+00
2.981270549321553442e+00
2.619060964641824363e+00
2.255112895715197574e+00
1.889807462982693309e+00
1.523527024894381077e+00
1.156654768380049880e+00
7.895742984236491235e-01
4.226692271854322058e-01
5.632276311654704770e-02
-3.090826994902911018e-01
-6.731659900674937802e-01
-1.035547570016087882e+00
-1.395849939183359645e+00
-1.753698040132668723e+00
-2.108719659770555754e+00
-2.460545827894401238e+00
-2.808811211866915070e+00
-3.153154509165462915e+00
-3.493218831945156033e+00
-3.828652090443824818e+00
-4.159107369380780739e+00
-4.484243299116501547e+00
-4.803724420806333661e+00
-5.117221545516340342e+00
-5.424412104735880646e+00
-5.724980497349778652e+00
-6.018618425433412966e+00
-6.305025223955365021e+00
-6.583908181848473262e+00
-6.854982854467051467e+00
-7.117973367089684089e+00
-7.372612709139416687e+00
-7.618643018802317535e+00
-7.855815857735025887e+00
-8.083892475565214397e+00
-8.302644063895817439e+00
-8.511851999539569391e+00
-8.711308076719021187e+00
-8.900814727980458585e+00
-9.080185233582660942e+00
-9.249243919131988179e+00
-9.407826341251517732e+00
-9.555779461081201021e+00
-9.692961805421388632e+00
-9.819243615345348175e+00
-9.934506982119026830e+00
-1.003864597028105443e+01
-1.013156672774928957e+01
-1.021318758283465478e+01
-1.028343912805712179e+01
-1.034226429067262032e+01
-1.038961838983496655e+01
-1.042546918033073133e+01
-1.044979688283921071e+01
-1.046259420068543378e+01
-1.046386632306759168e+01
-1.045363091475770290e+01
-1.043191809228149047e+01
-1.039877038660970854e+01
-1.035424269239780770e+01
-1.029840220383057847e+01
-1.023132833714104528e+01
-1.015311263988822787e+01
-1.006385868709234721e+01
-9.963681964340349140e+00
-9.852709737989115979e+00
-9.731080912607387390e+00
-9.598945875811009998e+00
-9.456466330661147168e+00
-9.303815115806758129e+00
-9.141176013567195113e+00
-8.968743546164082758e+00
-8.786722760322914993e+00
-8.595329000480115056e+00
-8.394787670840063498e+00
-8.185333986543056994e+00
-7.967212714212945635e+00
-7.740677902167377056e+00
-7.505992600583977215e+00
-7.263428571940628409e+00
-7.013265991957914558e+00
-6.755793141587623118e+00
-6.491306090089400627e+00
-6.220108369760991351e+00
-5.942510642585693503e+00
-5.658830359175869518e+00
-5.369391410382823082e+00
-5.074523771951564122e+00
-4.774563142607363808e+00
-4.469850575966537676e+00
-4.160732106673865616e+00
-3.847558371170372471e+00
-3.530684223505911490e+00
-3.210468346613538415e+00
-2.887272859468013486e+00
-2.561462920557105782e+00
-2.233406328094471149e+00
-1.903473117410844795e+00
-1.572035155961115649e+00
-1.239465736386211603e+00
-9.061391680745134458e-01
-5.724303676650065453e-01
-2.387144492139411378e-01
9.463368718140235947e-02
4.272397637254189418e-01
7.587305352940445502e-01
1.088734197257277270e+00
1.416880791962871422e+00
1.742802613161703151e+00
2.066134608203972878e+00
2.386514775966361412e+00
2.703584564085437680e+00
3.016989259715273430e+00
3.326378377400277309e+00
3.631406042036036563e+00
3.931731366765788493e+00
4.227018825404700308e+00
4.516938618985435028e+00
4.801167036026497748e+00
5.079386806132401233e+00
5.351287446539153336e+00
5.616565601229862814e+00
5.874925372252279843e+00
6.126078642874377422e+00
6.369745392230625747e+00
6.605654001114207752e+00
6.833541548583243141e+00
7.053154099058811966e+00
7.264246979601169052e+00
7.466585047064979719e+00
7.659942944839798429e+00
7.844105348899466534e+00
8.018867202890980650e+00
8.184033942007710394e+00
8.339421705403708529e+00
8.484857536917147058e+00
8.620179573882529311e+00
8.745237223844892327e+00
8.859891328935693977e+00
8.964014317795259146e+00
9.057490344829597362e+00
9.140215416668356241e+00
9.212097505683630061e+00
9.273056650445848703e+00
9.323025043007733714e+00
9.361947102921135411e+00
9.389779537906463247e+00
9.406491391108556144e+00
9.412064074887620535e+00
9.406491391108554367e+00
9.389779537906457918e+00
9.361947102921140740e+00
9.323025043007737267e+00
9.273056650445855809e+00
9.212097505683628285e+00
9.140215416668349135e+00
9.057490344829572493e+00
8.964014317795230724e+00
8.859891328935709964e+00
8.745237223844908314e+00
8.620179573882490232e+00
8.484857536917134624e+00
8.339421705403699647e+00
8.184033942007733486e+00
8.018867202890968215e+00
7.844105348899452324e+00
7.659942944839821521e+00
7.466585047064961067e+00
7.264246979601198362e+00
7.053154099058747128e+00
6.833541548583274228e+00
6.605654001114190876e+00
6.369745392230607983e+00
6.126078642874407620e+00
5.874925372252317146e+00
5.616565601229837945e+00
5.351287446539072512e+00
5.079386806132443866e+00
4.801167036026535051e+00
4.516938618985346210e+00
4.227018825404607050e+00
3.931731366765828017e+00
3.631406042035941528e+00
3.326378377400319941e+00
3.016989259715247673e+00
2.703584564085482533e+00
2.386514775966266377e+00
2.066134608203875622e+00
1.742802613161754222e+00
1.416880791962769059e+00
1.088734197257170688e+00
7.587305352940134640e-01
4.272397637254637948e-01
9.463368718144815617e-02
-2.387144492139724183e-01
-5.724303676650306372e-01
-9.061391680745476407e-01
-1.239465736386240025e+00
-1.572035155961065023e+00
-1.903473117410870774e+00
-2.233406328094571958e+00
-2.561462920557136869e+00
-2.887272859468041908e+00
-3.210468346613495338e+00
-3.530684223505938579e+00
-3.847558371170405778e+00
-4.160732106673821207e+00
-4.469850575966489714e+00
-4.774563142607318511e+00
-5.074523771951652940e+00
-5.369391410382911012e+00
-5.658830359175959224e+00
-5.942510642585778768e+00
-6.220108369760956712e+00
-6.491306090089363323e+00
-6.755793141587644435e+00
-7.013265991957998047e+00
-7.263428571940706568e+00
-7.505992600583941687e+00
-7.740677902167447222e+00
-7.967212714213017577e+00
-8.185333986543025020e+00
-8.394787670840127447e+00
-8.595329000480091963e+00
-8.786722760322925652e+00
-8.968743546164057889e+00
-9.141176013567207548e+00
-9.303815115806767011e+00
-9.456466330661163155e+00
-9.598945875811049078e+00
-9.731080912607422917e+00
-9.852709737989123084e+00
-9.963681964340331376e+00
-1.006385868709233478e+01
-1.015311263988823320e+01
-1.023132833714104883e+01
-1.029840220383056604e+01
-1.035424269239781481e+01
-1.039877038660969788e+01
-1.043191809228149580e+01
-1.045363091475769579e+01
-1.046386632306759878e+01
-1.046259420068543733e+01
-1.044979688283921604e+01
-1.042546918033072956e+01
-1.038961838983496122e+01
-1.034226429067260611e+01
-1.028343912805712357e+01
-1.021318758283465833e+01
-1.013156672774926292e+01
-1.003864597028102423e+01
-9.934506982118994856e+00
-9.819243615345307319e+00
-9.692961805421409949e+00
-9.555779461081217008e+00
-9.407826341251501745e+00
-9.249243919131979297e+00
-9.080185233582644955e+00
-8.900814727980483454e+00
-8.711308076718960791e+00
-8.511851999539505442e+00
-8.302644063895844084e+00
-8.083892475565239266e+00
-7.855815857735056973e+00
-7.618643018802300659e+00
-7.372612709139449549e+00
-7.117973367089668990e+00
-6.854982854467029263e+00
-6.583908181848515007e+00
-6.305025223955398772e+00
-6.018618425433386321e+00
-5.724980497349691611e+00
-5.424412104735853113e+00
-5.117221545516379422e+00
-4.803724420806308792e+00
-4.484243299116475789e+00
-4.159107369380826924e+00
-3.828652090443792844e+00
-3.493218831945203107e+00
-3.153154509165355890e+00
-2.808811211866960811e+00
-2.460545827894295101e+00
-2.108719659770443400e+00
-1.753698040132716685e+00
-1.395849939183246846e+00
-1.035547570016051910e+00
-6.731659900674582531e-01
-3.090826994903430602e-01
5.632276311649198064e-02
4.226692271855445604e-01
7.895742984237632545e-01
1.156654768380001252e+00
1.523527024894489657e+00
1.889807462982640462e+00
2.255112895715145616e+00
2.619060964641771960e+00
2.981270549321582308e+00
3.341362175512874177e+00
3.698958421582599687e+00
4.053684322696193831e+00
4.405167772330432996e+00
4.753039920790071982e+00
5.096935570014840877e+00
5.436493564624932162e+00
5.771357178502757534e+00
6.101174496604327757e+00
6.425598791570047652e+00
6.744288894728033057e+00
7.056909561089389271e+00
7.363131827942117624e+00
7.662633366655546396e+00
7.955098827317003796e+00
8.240220175829232829e+00
8.517697023103369958e+00
8.787236945994925108e+00
9.048555799635941810e+00
9.301378020826518878e+00
9.545436922160718041e+00
9.780474976568099166e+00
1.000624409196758968e+01
1.022250587573566349e+01
1.042903188870684161e+01
1.062560388843264114e+01
1.081201406143820876e+01
1.098806524423662800e+01
1.115357113281117840e+01
1.130835648047285247e+01
1.145225728370648888e+01
1.158512095593752100e+01
1.170680648898302678e+01
1.181718460202252885e+01
1.191613787793053447e+01
1.200356088682644540e+01
1.207936029671021672e+01
1.214345497106848271e+01
1.219577605334691306e+01
1.223626703820177752e+01
1.226488382945616351e+01
1.228159478470154120e+01
1.228638074649956380e+01
1.227923506015377342e+01
1.226016357803526091e+01
1.222918465046106284e+01
1.218632910313848861e+01
1.213164020120341213e+01
1.206517359989468474e+01
1.198699728192194236e+01
1.189719148159783657e+01
1.179584859582038270e+01
1.168307308200541961e+01
1.155898134308331038e+01
1.142370159968771581e+01
1.127737374967850670e+01
1.112014921515442900e+01
1.095219077712424571e+01
1.077367239802033616e+01
1.058477903224787653e+01
1.038570642498039653e+01
1.017666089942242635e+01
9.957859132923612577e+00
9.729527921280784142e+00
9.491903933764383794e+00
9.245233456096526581e+00
8.989772123945868998e+00
8.725784646315869253e+00
8.453544519283219927e+00
8.173333730259876972e+00
7.885442453931936768e+00
7.590168738127205827e+00
7.287818182737559880e+00
6.978703609951860010e+00
6.663144726999924217e+00
6.341467781634116285e+00
6.014005210725674289e+00
5.681095282355289378e+00
5.343081731792409528e+00
5.000313391755039305e+00
4.653143817355175571e+00
4.301930906137027222e+00
3.947036513620859388e+00
3.588826064771484248e+00
3.227668161812672132e+00
2.863934188821685822e+00
2.497997913483724908e+00
2.130235086565350322e+00
1.761023039371273580e+00
1.390740279749276276e+00
1.019766087029712498e+00
6.484801063486624884e-01
2.772619427917621948e-01
-9.350924419780159980e-02
-4.634551457119640006e-01
-8.321987071298573291e-01
-1.199364530293624664e+00
-1.564579273672731752e+00
-1.927472050083866684e+00
-2.287674821536803904e+00
-2.644822790779511212e+00
-2.998554789119574515e+00
-3.348513660103461742e+00
-3.694346638639459890e+00
-4.035705725155461998e+00
-4.372248054389008765e+00
-4.703636258410128335e+00
-5.029538823489042798e+00
-5.349630440422478372e+00
-5.663592347956304174e+00
-5.971112668853471028e+00
-6.271886738450213272e+00
-6.565617425077229008e+00
-6.852015442202652906e+00
-7.130799651885666890e+00
-7.401697359225432038e+00
-7.664444597491202771e+00
-7.918786403630560855e+00
-8.164477083859859263e+00
-8.401280469054301037e+00
-8.628970159665742656e+00
-8.847329759907438529e+00
-9.056153100957734736e+00
-9.255244452944690892e+00
-9.444418725488603172e+00
-9.623501656591178843e+00
-9.792329989669642742e+00
-9.950751638553059664e+00
-1.009862584026604893e+01
-1.023582329544101377e+01
-1.036222629621350855e+01
-1.047772884146705863e+01
-1.058223673931161279e+01
-1.067566769668837878e+01
-1.075795139601301820e+01
-1.082902955877978357e+01
-1.088885599606523158e+01
-1.093739664588380300e+01
-1.097462959736180466e+01
-1.100054510171136890e+01
-1.101514556999963190e+01
-1.101844555772304979e+01
-1.101047173621131492e+01
-1.099126285089954713e+01
-1.096086966652152839e+01
-1.091935489929137404e+01
-1.086679313615511688e+01
-1.080327074120710940e+01
-1.072888574980516374e+01
-1.064374774796197087e+01
-1.054797774351863637e+01
-1.044170802033747414e+01
-1.032508198495674812e+01
-1.019825399463267779e+01
-1.006138918188120357e+01
-9.914663260829851055e+00
-9.758262326672754838e+00
-9.592382639594749349e+00
-9.417230401785474214e+00
-9.233021521806895393e+00
-9.039981368977345610e+00
-8.838344517645470688e+00
-8.628354481639215479e+00
-8.410263439185367673e+00
-8.184331948605819917e+00
-7.950828655105864229e+00
-7.710029988981281335e+00
-7.462219855571003535e+00
-7.207689317337488966e+00
-6.946736268331952679e+00
-6.679665101531771398e+00
-6.406786369321452845e+00
-6.128416437531177152e+00
-5.844877133408225234e+00
-5.556495387909652806e+00
-5.263602872710711367e+00
-4.966535632328882954e+00
-4.665633711768149894e+00
-4.361240780094964187e+00
-4.053703750357601443e+00
-3.743372396268622726e+00
-3.430598966070853351e+00
-3.115737794011111728e+00
-2.799144909848123586e+00
-2.481177646823260918e+00
-2.162194248522882667e+00
-1.842553475066443625e+00
-1.522614209045880518e+00
-1.202735061654798265e+00
-8.832739794328756666e-01
-5.645878520586058436e-01
-2.470321216147164378e-01
6.903960622579941031e-02
3.832759487189134617e-01
6.953281297868780797e-01
1.004850360602358883e+00
1.311500216584990275e+00
1.614939010404654374e+00
1.914832160583004095e+00
2.210849555292914381e+00
2.502665910960584217e+00
2.789961125277525156e+00
3.072420624244269760e+00
3.349735702862254527e+00
3.621603859109518098e+00
3.887729120835238916e+00
4.147822365219512974e+00
4.401601630453197522e+00
4.648792419298227507e+00
4.889127994204088168e+00
5.122349663658362751e+00
5.348207059463227608e+00
5.566458404640336255e+00
5.776870771674272653e+00
5.979220330817428319e+00
6.173292588189617902e+00
6.358882613417059737e+00
6.535795256567466183e+00
6.703845354148342039e+00
6.862857923949768235e+00
7.012668348524762507e+00
7.153122547110317697e+00
7.284077135809496895e+00
7.405399575864264783e+00
7.516968309863404585e+00
7.618672885743379197e+00
7.710414068452340786e+00
7.792103939162702275e+00
7.863665981930056503e+00
7.925035157710576428e+00
7.976157965663274396e+00
8.016992491676848687e+00
8.047508444075461398e+00
8.067687176471785904e+00
8.077521697760298380e+00
8.077016669181277919e+00
8.066188388634817130e+00
8.045064762041048922e+00
8.013685261959807349e+00
7.972100873451880787e+00
7.920374027260933758e+00
7.858578520391196420e+00
7.786799424209927878e+00
7.705132980096923490e+00
7.613686482879035822e+00
7.512578152097294293e+00
7.401936991290813950e+00
7.281902635453314510e+00
7.152625186824997705e+00
7.014265039282841840e+00
6.866992691338226429e+00
6.710988548210439220e+00
6.546442713007943226e+00
6.373554767330788628e+00
6.192533541529137153e+00
6.003596874876584444e+00
5.806971365929917361e+00
5.602892113352957892e+00
5.391602447499457718e+00
5.173353653053148982e+00
4.948404683037308516e+00
4.717021864513870177e+00
4.479478596300616289e+00
4.236055039046470405e+00
3.987037798007606604e+00
3.732719598881405254e+00
3.473398957059197212e+00
3.209379840665026240e+00
2.940971327757334386e+00
2.668487258074323076e+00
2.392245879710738876e+00
2.112569491118930554e+00
1.829784078831286465e+00
1.544218951318872879e+00
1.256206369326786199e+00
9.660811732568084231e-01
6.741804077988042820e-01
3.808429443846614859e-01
8.640910182084127200e-02
-2.087797344703670177e-01
-5.043814941798183682e-01
-8.000538043865144111e-01
-1.095454371958451301e+00
-1.390241365654402372e+00
-1.684073797505316605e+00
-1.976611903053841601e+00
-2.267517520031942180e+00
-2.556454465059500691e+00
-2.843088907946350830e+00
-3.127089743186814985e+00
-3.408128958237773176e+00
-3.685881998170907003e+00
-3.960028126301726736e+00
-4.230250780395669707e+00
-4.496237924060065616e+00
-4.757682392936141369e+00
-5.014282235307827129e+00
-5.265741046757805854e+00
-5.511768298497479179e+00
-5.752079659015004509e+00
-5.986397308686051133e+00
-6.214450247005641970e+00
-6.435974592085124790e+00
-6.650713872143635186e+00
-6.858419308579119189e+00
-7.058850090405079492e+00
-7.251773639695354490e+00
-7.436965867766219596e+00
-7.614211421813743996e+00
-7.783303921736210995e+00
-7.944046186885170613e+00
-8.096250452497038452e+00
-8.239738575570378032e+00
-8.374342229965204609e+00
-8.499903090512566095e+00
-8.616273005935141782e+00
-8.723314160391822725e+00
-8.820899223472107309e+00
-8.908911488478079121e+00
-8.987244998428050025e+00
-9.055804662158321250e+00
-9.114506354118178777e+00
-9.163277006127662716e+00
-9.202054684719643163e+00
-9.230788656497729505e+00
-9.249439441023831421e+00
-9.257978851587918001e+00
-9.256390021376661892e+00
-9.244667421131754992e+00
-9.222816860119349869e+00
-9.190855476536587076e+00
-9.148811714962789665e+00
-9.096725291176609218e+00
-9.034647144538840990e+00
-8.962639377881886915e+00
-8.880775185023029650e+00
-8.789138765978544043e+00
-8.687825229977164554e+00
-8.576940486384382112e+00
-8.456601123662672137e+00
-8.326934276506079868e+00
-8.188077481300080507e+00
-8.040178520071627588e+00
-7.883395253105117462e+00
-7.717895440414705099e+00
-7.543856552273537019e+00
-7.361465569013634358e+00
-7.170918770323893909e+00
-6.972421514279100840e+00
-6.766188006352053641e+00
-6.552441058666073737e+00
-6.331411839757889126e+00
-6.103339615132631124e+00
-5.868471478899347282e+00
-5.627062076788931222e+00
-5.379373320875165732e+00
-5.125674096248701517e+00
-4.866239960142692667e+00
-4.601352833619396066e+00
-4.331300686329805139e+00
-4.056377214632636452e+00
-3.776881513440130789e+00
-3.493117742158770689e+00
-3.205394785094630716e+00
-2.914025906702899960e+00
-2.619328402064955874e+00
-2.321623242981606161e+00
-2.021234720075663738e+00
-1.718490081303513328e+00
-1.413719167274712696e+00
-1.107254043787657238e+00
-7.994286319859291723e-01
-4.905783530387362035e-01
-1.810396723376994643e-01
1.288501101256169790e-01
4.387533998655701595e-01
7.483326009967132819e-01
1.057250508147294710e+00
1.365170681360000415e+00
1.671757820052478749e+00
1.976678135623828325e+00
2.279599722292542818e+00
2.580192925757815559e+00
2.878130709274017374e+00
3.173089016734131906e+00
3.464747132359814685e+00
3.752788036601383936e+00
4.036898757851103525e+00
4.316770719585701244e+00
4.592100082549556817e+00
4.862588081603171020e+00
5.127941356864625710e+00
5.387872278776379531e+00
5.642099266741091412e+00
5.890347100972867622e+00
6.132347227220361852e+00
6.367838054026077721e+00
6.596565242192512279e+00
6.818281986138221562e+00
7.032749286831458058e+00
7.239736216002825131e+00
7.439020171344952637e+00
7.630387122416378176e+00
7.813631846983867923e+00
7.988558157538425242e+00
8.154979117537831002e+00
8.312717248340197429e+00
8.461604723599940314e+00
8.601483554907702000e+00
8.732205765479990944e+00
8.853633552902026693e+00
8.965639440548731187e+00
9.068106417726159663e+00
9.160928067119149532e+00
9.244008682562681045e+00
9.317263372802081278e+00
9.380618154282307941e+00
9.434010031605188473e+00
9.477387065778607678e+00
9.510708430183660411e+00
9.533944454200462104e+00
9.547076654446694732e+00
9.550097753596425321e+00
9.543011686760994650e+00
9.525833595427172895e+00
9.498589808961600767e+00
9.461317813704486213e+00
9.414066209689039511e+00
9.356894655037027775e+00
9.289873798094220092e+00
9.213085197383406921e+00
9.126621229465637697e+00
9.030584984814430172e+00
8.925090151820100459e+00
8.810260889055127720e+00
8.686231685944264314e+00
8.553147211995176136e+00
8.411162154761711918e+00
8.260441046714809943e+00
8.101158081222870067e+00
7.933496917841901919e+00
7.757650477134813372e+00
7.573820725249609254e+00
7.382218448495830643e+00
7.183063018171476521e+00
6.976582145902614052e+00
6.763011629768214128e+00
6.542595091493191184e+00
6.315583705002469905e+00
6.082235916638071949e+00
5.842817157351071877e+00
5.597599547187849467e+00
5.346861592400809826e+00
5.090887875518863126e+00
4.829968738723015242e+00
4.564399960879304885e+00
4.294482428586743339e+00
4.020521801608254897e+00
3.742828173052576091e+00
3.461715724687933537e+00
3.177502377768429476e+00
2.890509439760599708e+00
2.601061247363955609e+00
2.309484806219304076e+00
2.016109427706324730e+00
1.721266363232815788e+00
1.425288436420468319e+00
1.128509673596902907e+00
8.312649330019206140e-01
5.338895331189119631e-01
2.367188805454643052e-01
-5.991190218712638682e-02
-3.556683484303158060e-01
-6.502170184613205173e-01
-9.432258693400372707e-01
-1.234364623170572273e+00
-1.523305133360350450e+00
-1.809721748469408364e+00
-2.093291673249461748e+00
-2.373695326470817157e+00
-2.650616695143176216e+00
-2.923743684737378334e+00
-3.192768465018392288e+00
-3.457387811112278442e+00
-3.717303439424663125e+00
-3.972222338041803802e+00
-4.221857091248942595e+00
-4.465926197805542230e+00
-4.704154382627796949e+00
-4.936272901532369417e+00
-5.162019838705147912e+00
-5.381140396873242082e+00
-5.593387178017554362e+00
-5.798520458926183174e+00
-5.996308455129747195e+00
-6.186527577549874479e+00
-6.368962679725686193e+00
-6.543407295654273703e+00
-6.709663867702615470e+00
-6.867543966032010339e+00
-7.016868495048091958e+00
-7.157467892325720449e+00
-7.289182315519585842e+00
-7.411861818768260335e+00
-7.525366518110928382e+00
-7.629566745734472022e+00
-7.724343192882662024e+00
-7.809587041268807539e+00
-7.885200082849229020e+00
-7.951094827825455624e+00
-8.007194600757133074e+00
-8.053433624680714331e+00
-8.089757093141944466e+00
-8.116121230064067049e+00
-8.132493337386797805e+00
-8.138851830424579603e+00
-8.135186260906769107e+00
-8.121497327675289313e+00
-8.097796875024608099e+00
-8.064107878717457822e+00
-8.020464419618143381e+00
-7.966911645073396997e+00
-7.903505718011270886e+00
-7.830313753845132396e+00
-7.747413745248826977e+00
-7.654894474888599198e+00
-7.552855416209008688e+00
-7.441406622384539205e+00
-7.320668603561220067e+00
-7.190772192525524353e+00
-7.051858398950784590e+00
-6.904078252383509806e+00
-6.747592634145686219e+00
-6.582572098339358746e+00
-6.409196682154144398e+00
-6.227655705687965337e+00
-6.038147561504301208e+00
-5.840879494161806740e+00
-5.636067369958174922e+00
-5.423935437147741290e+00
-5.204716076897958565e+00
-4.978649545261379039e+00
-4.745983706451397666e+00
-4.506973757716454365e+00
-4.261881946119461695e+00
-4.010977277537017827e+00
-3.754535218200794056e+00
-3.492837389114176183e+00
-3.226171253681362039e+00
-2.954829798897685933e+00
-2.679111210453233305e+00
-2.399318542110859376e+00
-2.115759379728242795e+00
-1.828745500290871018e+00
-1.538592526339822797e+00
-1.245619576174865628e+00
-9.501489102207956172e-01
-6.525055739509801889e-01
-3.530170377616093091e-01
-5.201283419747859682e-02
2.501758070680946133e-01
5.532163260980254016e-01
8.567752009881002273e-01
1.160518317193520055e+00
1.464111337473478436e+00
1.767220072042886780e+00
2.069510848523612889e+00
2.370650881282761357e+00
2.670308639751493018e+00
2.968154215314829703e+00
3.263859686366478829e+00
3.557099481125371998e+00
3.847550737810202293e+00
4.134893661775805640e+00
4.418811879214324279e+00
4.698992787029626861e+00
4.975127898494671186e+00
5.246913184693386079e+00
5.514049409162131710e+00
5.776242460783203470e+00
6.033203677403302656e+00
6.284650165152545043e+00
6.530305110987975503e+00
6.769898088469053832e+00
7.003165356055921720e+00
7.229850149818991767e+00
7.449702964698084351e+00
7.662481831378611830e+00
7.867952582948873896e+00
8.065889113254735676e+00
8.256073626298039869e+00
8.438296876403844848e+00
8.612358398889957911e+00
8.778066730986807897e+00
8.935239622761232070e+00
9.083704237813249094e+00
9.223297343524246017e+00
9.353865490646208869e+00
9.475265182035299105e+00
9.587363030343180270e+00
9.690035904495834629e+00
9.783171064780775694e+00
9.866666286439471634e+00
9.940429971568688572e+00
1.000438124925356220e+01
1.005845006380473272e+01
1.010257725100590598e+01
1.013671460228822774e+01
1.016082491676283084e+01
1.017488204105417182e+01
1.017887089689177493e+01
1.017278749643121571e+01
1.015663894528863054e+01
1.013044343328677144e+01
1.009423021292411349e+01
1.004803956559271150e+01
9.991922755582796967e+00
9.925941971927096930e+00
9.850170258150898306e+00
9.764691430005738582e+00
9.669599981281525203e+00
9.565000977800211857e+00
9.451009939711694230e+00
9.327752712223469800e+00
9.195365324907475824e+00
9.053993839743279537e+00
8.903794188065219828e+00
8.744931996596939427e+00
8.577582402767415459e+00
8.401929859512978993e+00
8.218167929785488823e+00
8.026499070992278106e+00
7.827134409610433607e+00
7.620293506227294955e+00
7.406204111264238499e+00
7.185101911661695873e+00
6.957230268801920303e+00
6.722839947964223128e+00
6.482188839613364451e+00
6.235541672829525872e+00
5.983169721199844915e+00
5.725350501498832401e+00
5.462367465489704088e+00
5.194509685194799609e+00
4.922071531978422065e+00
4.645352349803765435e+00
4.364656123023534562e+00
4.080291139075230333e+00
3.792569646456216859e+00
3.501807508355448295e+00
3.208323852331153692e+00
2.912440716418376319e+00
2.614482692063531566e+00
2.314776564280275117e+00
2.013650949426036618e+00
1.711435931002996957e+00
1.408462693886210815e+00
1.105063157385235417e+00
8.015696075422298339e-01
4.983143290894771482e-01
1.956292374536572343e-01
-1.061544887708614215e-01
-4.067067743747299069e-01
-7.056990133146039401e-01
-1.002804431782887473e+00
-1.297698450225204247e+00
-1.590059042347274021e+00
-1.879567091337452922e+00
-2.165906742806799290e+00
-2.448765754112508297e+00
-2.727835839333688117e+00
-3.002813010387281434e+00
-3.273397912726882186e+00
-3.539296156150484762e+00
-3.800218639989470848e+00
-4.055881872371923436e+00
-4.306008283216915089e+00
-4.550326530604831277e+00
-4.788571800187626515e+00
-5.020486097308767270e+00
-5.245818531505686444e+00
-5.464325593084149446e+00
-5.675771421463727151e+00
-5.879928064946237320e+00
-6.076575731750706311e+00
-6.265503031862163397e+00
-6.446507209559223739e+00
-6.619394366308773314e+00
-6.783979673789816367e+00
-6.940087576815238357e+00
-7.087551985920612196e+00
-7.226216459414215976e+00
-7.355934374682251864e+00
-7.476569088562068366e+00
-7.587994086607290356e+00
-7.690093121078300342e+00
-7.782760337508115356e+00
-7.865900389703383233e+00
-7.939428543053158371e+00
-8.003270766034054517e+00
-8.057363809809498179e+00
-8.101655275837341463e+00
-8.136103671411071048e+00
-8.160678453074730498e+00
-8.175360057864789809e+00
-8.180139922344988435e+00
-8.175020489415153691e+00
-8.160015202886897967e+00
-8.135148489834342911e+00
-8.100455730740224070e+00
-8.055983217472279634e+00
-8.001788099137716159e+00
-7.937938315877183904e+00
-7.864512520673649476e+00
-7.781599989263440875e+00
-7.689300518252139227e+00
-7.587724311548450729e+00
-7.476991855244461860e+00
-7.357233781082733515e+00
-7.228590718662114334e+00
-7.091213136549499474e+00
-6.945261172473423450e+00
-6.790904452790979207e+00
-6.628321901429387708e+00
-6.457701538515085993e+00
-6.279240268917213541e+00
-6.093143660939134065e+00
-5.899625715406961568e+00
-5.698908625413005247e+00
-5.491222526980410024e+00
-5.276805240930070973e+00
-5.055902006234723522e+00
-4.828765205160228113e+00
-4.595654080499533833e+00
-4.356834445214027518e+00
-4.112578384808345255e+00
-3.863163952767220799e+00
-3.608874859396301815e+00
-3.350000154414014553e+00
-3.086833903636299947e+00
-2.819674860174672393e+00
-2.548826130368500031e+00
-2.274594835016250371e+00
-1.997291766140666169e+00
-1.717231039722932895e+00
-1.434729744791687134e+00
-1.150107589247781226e+00
-8.636865428270434908e-01
-5.757904779815858909e-01
-2.867448067656754307e-01
3.123880086654214072e-03
2.934881795900072810e-01
5.840202395080350550e-01
8.743921280737132484e-01
1.164276195897250954e+00
1.453345443776472790e+00
1.741273885463396009e+00
2.027736913473884517e+00
2.312411659475361425e+00
2.594977354606171183e+00
2.875115687019059951e+00
3.152511156639250078e+00
3.426851426738832362e+00
3.697827671936304572e+00
3.965134922237654180e+00
4.228472402726425550e+00
4.487543868540900149e+00
4.742057934748952874e+00
4.991728400760954365e+00
5.236274568922447692e+00
5.475421556924805699e+00
5.708900603692846687e+00
5.936449368404870697e+00
6.157812222313207684e+00
6.372740533042373201e+00
6.580992941045138878e+00
6.782335627912639886e+00
6.976542576237290127e+00
7.163395820739772546e+00
7.342685690382122488e+00
7.514211041195753005e+00
7.677779479566984477e+00
7.833207575730669170e+00
7.980321067234318555e+00
8.118955052147933671e+00
8.248954171802369117e+00
8.370172782855510363e+00
8.482475118493223221e+00
8.585735438586143076e+00
8.679838168636290874e+00
8.764678027358151269e+00
8.840160142752903738e+00
8.906200156547180669e+00
8.962724316879448594e+00
9.009669559132465366e+00
9.046983574820885110e+00
9.074624868458826654e+00
9.092562802343575612e+00
9.100777629206458386e+00
9.099260512694735681e+00
9.088013535662238240e+00
9.067049696259850577e+00
9.036392891830738350e+00
8.996077890628598084e+00
8.946150291390942755e+00
8.886666470813143093e+00
8.817693518981744916e+00
8.739309162839791867e+00
8.651601677770203835e+00
8.554669787395203784e+00
8.448622551705659234e+00
8.333579243643228551e+00
8.209669214275285398e+00
8.077031746712906468e+00
7.935815898933783252e+00
7.786180335689018683e+00
7.628293149677184637e+00
7.462331672189388421e+00
7.288482273435377579e+00
7.106940152772786234e+00
6.917909119076738556e+00
6.721601361479826231e+00
6.518237210809836313e+00
6.308044891821777966e+00
6.091260266723400818e+00
5.868126570118012530e+00
5.638894135720317280e+00
5.403820115145716585e+00
5.163168189084729853e+00
4.917208271183788781e+00
4.666216204966787018e+00
4.410473454131516924e+00
4.150266786570294464e+00
3.885887952467186324e+00
3.617633356948718681e+00
3.345803726946881884e+00
3.070703774403564346e+00
2.792641853867544377e+00
2.511929616598733261e+00
2.228881660873781811e+00
1.943815179005284222e+00
1.657049601302041486e+00
1.368906238325894309e+00
1.079707919474140132e+00
7.897786314319399370e-01
4.994431545572468600e-01
2.090266985470270455e-01
-8.114546242773479356e-02
-3.707483545485505960e-01
-6.594576689443285566e-01
-9.469501254859787887e-01
-1.232903835439556950e+00
-1.516998662560437250e+00
-1.798916582224096672e+00
-2.078342038195024166e+00
-2.354962296629996565e+00
-2.628467796925038069e+00
-2.898552499009090511e+00
-3.164914226698831712e+00
-3.427255006728362474e+00
-3.685281403076481332e+00
-3.938704846215149935e+00
-4.187241956913669405e+00
-4.430614864231751326e+00
-4.668551517350457480e+00
-4.900785990886955545e+00
-5.127058783355843197e+00
-5.347117108438965261e+00
-5.560715178739225273e+00
-5.767614481701282436e+00
-5.967584047385877000e+00
-6.160400707804638998e+00
-6.345849347516953287e+00
-6.523723145213185859e+00
-6.693823806011441668e+00
-6.855961784206124676e+00
-7.009956496220864253e+00
-7.155636523524576909e+00
-7.292839805282619992e+00
-7.421413820529410010e+00
-7.541215759652819095e+00
-7.652112685002983916e+00
-7.753981680440470647e+00
-7.846709989657143502e+00
-7.930195143114214140e+00
-8.004345073452878268e+00
-8.069078219248783768e+00
-8.124323616991723895e+00
-8.170020981186826958e+00
-8.206120772486523052e+00
-8.232584253775133476e+00
-8.249383534142657126e+00
-8.256501600696452670e+00
-8.253932338174161387e+00
-8.241680536334374807e+00
-8.219761885115415723e+00
-8.188202957565813733e+00
-8.147041180564384533e+00
-8.096324793361045380e+00
-8.036112793982974623e+00
-7.966474873565024595e+00
-7.887491338675802766e+00
-7.799253021724525503e+00
-7.701861179550530956e+00
-7.595427380293824804e+00
-7.480073378703443687e+00
-7.355930979978611006e+00
-7.223141892326809810e+00
-7.081857568388688406e+00
-6.932239035706839303e+00
-6.774456716428865377e+00
-6.608690236442206434e+00
-6.435128224154918364e+00
-6.253968099145671644e+00
-6.065415850917102780e+00
-5.869685807999518445e+00
-5.667000397662365074e+00
-5.457589896498449278e+00
-5.241692172163435082e+00
-5.019552416248242110e+00
-4.791422870415541269e+00
-4.557562541526854361e+00
-4.318236912184620024e+00
-4.073717642430463748e+00
-3.824282264763946060e+00
-3.570213872520382470e+00
-3.311800802242517605e+00
-3.049336308660500094e+00
-2.783118236976802162e+00
-2.513448687093120970e+00
-2.240633674385088980e+00
-1.964982785764943785e+00
-1.686808831663493713e+00
-1.406427494328490901e+00
-1.124156972829720491e+00
-8.403176251725867907e-01
-5.552316079151258243e-01
-2.692225136962491661e-01
1.738499292163542265e-02
3.042655408880770018e-01
5.910934189664036609e-01
8.775429424959648728e-01
1.163288820200615525e+00
1.448006520632562744e+00
1.731372637844094786e+00
2.013065255872398041e+00
2.292764311634130969e+00
2.570151955818963607e+00
2.844912911377263320e+00
3.116734829204359958e+00
3.385308640613674758e+00
3.650328906212927826e+00
3.911494160783994367e+00
4.168507253781387867e+00
4.421075685069506100e+00
4.668911935514733713e+00
4.911733792069115090e+00
5.149264666972322324e+00
5.381233910716678892e+00
5.607377118423094942e+00
5.827436429278922247e+00
6.041160818706652336e+00
6.248306382928794811e+00
6.448636615608917211e+00
6.641922676259472524e+00
6.827943650109514095e+00
7.006486799142177091e+00
7.177347804015678179e+00
7.340330996594008894e+00
7.495249582826772894e+00
7.641925855721836136e+00
7.780191398172695116e+00
7.909887275407575302e+00
8.030864216842960701e+00
8.142982787134346978e+00
8.246113546228350799e+00
8.340137198235037630e+00
8.424944728948913664e+00
8.500437531860812967e+00
8.566527522517102256e+00
8.623137241092866390e+00
8.670199943061634329e+00
8.707659677855204450e+00
8.735471355421861261e+00
8.753600800604797172e+00
8.762024795289136136e+00
8.760731108182211457e+00
8.749718512401743808e+00
8.728996790563506636e+00
8.698586727572980237e+00
8.658520091038862887e+00
8.608839599340035065e+00
8.549598877377931672e+00
8.480862400059422157e+00
8.402705423568951559e+00
8.315213904503053755e+00
8.218484406952844878e+00
8.112623997634726081e+00
7.997750129182675138e+00
7.873990511727079422e+00
7.741482972902670845e+00
7.600375306433879707e+00
7.450825109466684637e+00
7.292999608823484081e+00
7.127075476370554163e+00
6.953238633441547911e+00
6.771684046093447762e+00
6.582615507523787102e+00
6.386245413071192978e+00
6.182794524169812789e+00
5.972491723067932412e+00
5.755573758320370992e+00
5.532284981625688047e+00
5.302877074582522887e+00
5.067608769948726888e+00
4.826745562015133828e+00
4.580559410679611254e+00
4.329328437847062006e+00
4.073336616776018104e+00
3.812873454714887256e+00
3.548233669185549832e+00
3.279716858266336299e+00
3.007627165247284129e+00
2.732272938031574228e+00
2.453966383653552796e+00
2.173023218311597837e+00
1.889762313292432605e+00
1.604505337190147429e+00
1.317576394817640217e+00
1.029301663209706508e+00
7.400090251277697817e-01
4.500277004746737752e-01
1.596878760289111021e-01
-1.306796660831102130e-01
-4.207439207670673476e-01
-7.101740327707228850e-01
-9.986396695123791467e-01
-1.285811393505682965e+00
-1.571361033965975817e+00
-1.854962057182876212e+00
-2.136289935238654625e+00
-2.415022512667219345e+00
-2.690840370635364298e+00
-2.963427188238628940e+00
-3.232470100509414301e+00
-3.497660052731698777e+00
-3.758692150663855980e+00
-4.015266006280240774e+00
-4.267086078634176438e+00
-4.513862009467258574e+00
-4.755308953179774534e+00
-4.991147900795312786e+00
-5.221105997550374411e+00
-5.444916853752189034e+00
-5.662320848553617836e+00
-5.873065426299737268e+00
-6.076905385113802183e+00
-6.273603157393147001e+00
-6.462929081897510031e+00
-6.644661667122265136e+00
-6.818587845655718738e+00
-6.984503219232700566e+00
-7.142212294204592027e+00
-7.291528707156462730e+00
-7.432275440416328038e+00
-7.564285027206905987e+00
-7.687399746207759677e+00
-7.801471805309873275e+00
-7.906363514307031437e+00
-8.001947446438489209e+00
-8.088106588443682909e+00
-8.164734479070222761e+00
-8.231735335826936506e+00
-8.289024169841864520e+00
-8.336526888690556802e+00
-8.374180387072406972e+00
-8.401932625227287232e+00
-8.419742694997665922e+00
-8.427580873455445598e+00
-8.425428664026593850e+00
-8.413278825060531929e+00
-8.391135385804952662e+00
-8.359013649761255493e+00
-8.316940185409483988e+00
-8.264952804305455203e+00
-8.203100526568409379e+00
-8.131443533788633715e+00
-8.050053109401659412e+00
-7.959011566588363173e+00
-7.858412163772920067e+00
-7.748359007807276377e+00
-7.628966945130164490e+00
-7.500361439883070247e+00
-7.362678441947532626e+00
-7.216064241257445389e+00
-7.060675311387537789e+00
-6.896678141442620813e+00
-6.724249056622739751e+00
-6.543574027467562892e+00
-6.354848469114891429e+00
-6.158277027966929218e+00
-5.954073359765856388e+00
-5.742459896488796289e+00
-5.523667603451264618e+00
-5.297935726692023728e+00
-5.065511530919063254e+00
-4.826650028299159345e+00
-4.581613698391276301e+00
-4.330672199530985367e+00
-4.074102071978725093e+00
-3.812186433163619270e+00
-3.545214665352433681e+00
-3.273482096091652416e+00
-2.997289671772550346e+00
-2.716943624678841651e+00
-2.432755133886704613e+00
-2.145039980387556611e+00
-1.854118196817725828e+00
-1.560313712182811674e+00
-1.263953991965032220e+00
-9.653696740191772818e-01
-6.648942006536913141e-01
-3.628634473081753242e-01
-5.961534824092851181e-02
2.445104803630693269e-01
5.491731194409714689e-01
8.540307278366476851e-01
1.158740924402569483e+00
1.462961170984799608e+00
1.766349155873847554e+00
2.068563162333665773e+00
2.369262526468580710e+00
2.668107869944514654e+00
2.964761630563761852e+00
3.258888366843536222e+00
3.550155150227155332e+00
3.838231939822870586e+00
4.122791954205886178e+00
4.403512039865571381e+00
4.680073035887622801e+00
4.952160134460275920e+00
5.219463236800198302e+00
5.481677304100551318e+00
5.738502703102899893e+00
5.989645545908214075e+00
6.234818023642001883e+00
6.473738733599103234e+00
6.706132999497468106e+00
6.931733184471871034e+00
7.150278996511165275e+00
7.361517785846044326e+00
7.565204834149385604e+00
7.761103635071548545e+00
7.948986165851319008e+00
8.128633149685654757e+00
8.299834308557503704e+00
8.462388606235350608e+00
8.616104481165521634e+00
8.760800068991075662e+00
8.896303414442979118e+00
9.022452672359239756e+00
9.139096297600659113e+00
9.246093223644093584e+00
9.343313029645857526e+00
9.430636095781441242e+00
9.507953746679863372e+00
9.575168382784376320e+00
9.632193599485034952e+00
9.678954293880659421e+00
9.715386759043425968e+00
9.741438765671272648e+00
9.757069631028372214e+00
9.762250275087346552e+00
9.756963263796489372e+00
9.741202839442870243e+00
9.714974937998324123e+00
9.678297193509791896e+00
9.631198929816008558e+00
9.573721137443241602e+00
9.505916441112541193e+00
9.427849050671127884e+00
9.339594700892472900e+00
9.241240578045994525e+00
9.132885233667854763e+00
9.014638485236119436e+00
8.886621306139890208e+00
8.748965699337572843e+00
8.601814562452952728e+00
8.445321538740831357e+00
8.279650856358676592e+00
8.104977155735037186e+00
7.921485305216585004e+00
7.729370205189550980e+00
7.528836580884099128e+00
7.320098764082880294e+00
7.103380463967542191e+00
6.878914527349279773e+00
6.646942688540415922e+00
6.407715309138359849e+00
6.161491108001080796e+00
5.908536881706330846e+00
5.649127215816199588e+00
5.383544187135419712e+00
5.112077057657336887e+00
4.835021959914215017e+00
4.552681574689160016e+00
4.265364801073991075e+00
3.973386419353111876e+00
3.677066747066160879e+00
3.376731288624680083e+00
3.072710378866026826e+00
2.765338820935566044e+00
2.454955518892707911e+00
2.141903105447048983e+00
1.826527565228384553e+00
1.509177854009615238e+00
1.190205514298461331e+00
8.699642877212769854e-01
5.488097246279606267e-01
2.270987913454147744e-01
-9.481052448494597940e-02
-4.165596100507906741e-01
-7.377896245557895583e-01
-1.058141897010611565e+00
-1.377258324187983884e+00
-1.694781768301025782e+00
-2.010356453963952905e+00
-2.323628363997042978e+00
-2.634245633630507122e+00
-2.941858942679454358e+00
-3.246121905230643367e+00
-3.546691456495088879e+00
-3.843228236189394575e+00
-4.135396968292001318e+00
-4.422866836546461400e+00
-4.705311855374024077e+00
-4.982411235767150615e+00
-5.253849745757772638e+00
-5.519318065052159383e+00
-5.778513133439886928e+00
-6.031138492583650645e+00
-6.276904620806989854e+00
-6.515529260504115072e+00
-6.746737737803087498e+00
-6.970263274122851627e+00
-7.185847289272532024e+00
-7.393239695750744467e+00
-7.592199183913346694e+00
-7.782493497683828032e+00
-7.963899700497512946e+00
-8.136204431174808960e+00
-8.299204149432121369e+00
-8.452705370753712089e+00
-8.596524890350540460e+00
-8.730489995954812343e+00
-8.854438669206862400e+00
-8.968219775377850311e+00
-9.071693241272821950e+00
-9.164730221021551770e+00
-9.247213249628988052e+00
-9.319036384079312896e+00
-9.380105331831366300e+00
-9.430337566489464862e+00
-9.469662430895574801e+00
-9.498021226553271745e+00
-9.515367290564423541e+00
-9.521666059011810290e+00
-9.516895117095737433e+00
-9.501044235893257195e+00
-9.474115395744973966e+00
-9.436122795890076631e+00
-9.387092851185325770e+00
-9.327064174753388670e+00
-9.256087547430894347e+00
-9.174225873692400057e+00
-9.081554124145439388e+00
-8.978159264648722271e+00
-8.864140172120114514e+00
-8.739607537116654612e+00
-8.604683753281923586e+00
-8.459502793772603724e+00
-8.304210074788358042e+00
-8.138962306345467468e+00
-7.963927330447985398e+00
-7.779283946823325024e+00
-7.585221726404625109e+00
-7.381940812754911541e+00
-7.169651711641600755e+00
-6.948575068983407377e+00
-6.718941437404550854e+00
-6.480991031643286604e+00
-6.234973473076504291e+00
-5.981147523629961604e+00
-5.719780809361444618e+00
-5.451149534010562903e+00
-5.175538182822156053e+00
-4.893239216963301885e+00
-4.604552758860064543e+00
-4.309786268795535058e+00
-4.009254213115337251e+00
-3.703277724400829030e+00
-3.392184253976573416e+00
-3.076307217128549709e+00
-2.755985631417640747e+00
-2.431563748480500831e+00
-2.103390679718130318e+00
-1.771820016279097576e+00
-1.437209443749337900e+00
-1.099920351972285992e+00
-7.603174404206729520e-01
-4.187683195506406442e-01
-7.564310857800471410e-02
2.686859698908588001e-01
6.138449979161597625e-01
9.594587725482854879e-01
1.305151217938070651e+00
1.650545798802991904e+00
1.995265934787270545e+00
2.338935415261865103e+00
2.681178814108377662e+00
3.021621904030465711e+00
3.359892069936118109e+00
3.695618720936543866e+00
4.028433700503701864e+00
4.357971694339005886e+00
4.683870635497503265e+00
5.005772106321678905e+00
5.323321736741642773e+00
5.636169598495177624e+00
5.943970594836967436e+00
6.246384845300090305e+00
6.543078065083334671e+00
6.833721938643156690e+00
7.117994487073264764e+00
7.395580428863326006e+00
7.666171533633555413e+00
7.929466968456903686e+00
8.185173636343593628e+00
8.433006506601593344e+00
8.672688936581570474e+00
8.903952984533596293e+00
9.126539713189517400e+00
9.340199483734753727e+00
9.544692239836681580e+00
9.739787781410122136e+00
9.925266027809010794e+00
1.010091727014484420e+01
1.026654241244719401e+01
1.042195320095841460e+01
1.056697244387623158e+01
1.070143421486670121e+01
1.082518404910386955e+01
1.093807912214919753e+01
1.103998842318087625e+01
1.113079290668219734e+01
1.121038563811245758e+01
1.127867192159689047e+01
1.133556941911992055e+01
1.138100825186375253e+01
1.141493109015303808e+01
1.143729322926007086e+01
1.144806265141373736e+01
1.144722007393146512e+01
1.143475898340786223e+01
1.141068565591013240e+01
1.137501916314429451e+01
1.132779136457281055e+01
1.126904688547851663e+01
1.119884308098606951e+01
1.111724998606667114e+01
1.102435025156785819e+01
1.092023906632518759e+01
1.080502406542736438e+01
1.067882522472355866e+01
1.054177474167352280e+01
1.039401690265966849e+01
1.023570793689206759e+01
1.006701585705467394e+01
9.888120286854299223e+00
9.699212275648090298e+00
9.500494100340496573e+00
9.292179054754415191e+00
9.074491226694666679e+00
8.847665262936304842e+00
8.611946122383017155e+00
8.367588817654308286e+00
8.114858145373503362e+00
7.854028405438898019e+00
7.585383109578267558e+00
7.309214679489953070e+00
7.025824134895707118e+00
6.735520771831588149e+00
6.438621831522802097e+00
6.135452160195473681e+00
5.826343860171098399e+00
5.511635932702426466e+00
5.191673912724187545e+00
4.866809496188352568e+00
4.537400160173753250e+00
4.203808776262684788e+00
3.866403217585704599e+00
3.525555959958234453e+00
3.181643677537113302e+00
2.835046833436245528e+00
2.486149265740196235e+00
2.135337769364049620e+00
1.783001674213482435e+00
1.429532420099161927e+00
1.075323128868494127e+00
7.207681742175262585e-01
3.662627496497794510e-01
1.220243505242590842e-02
-3.410172376394000615e-01
-6.930012192172978480e-01
-1.043355377939619633e+00
-1.391686933762827483e+00
-1.737604891590144085e+00
-2.080720473065173604e+00
-2.420647546438257525e+00
-2.757003054026618383e+00
-3.089407436825174269e+00
-3.417485055769116542e+00
-3.740864609211054237e+00
-4.059179546142433814e+00
-4.372068474710248509e+00
-4.679175565576322526e+00
-4.980150949676497518e+00
-5.274651109940572624e+00
-5.562339266540798022e+00
-5.842885755242946288e+00
-6.115968398441617992e+00
-6.381272868468328419e+00
-6.638493042771097308e+00
-6.887331350566034516e+00
-7.127499110471198662e+00
-7.358716859414972333e+00
-7.580714670762933594e+00
-7.793232463567234092e+00
-7.996020300894343791e+00
-8.188838677577752634e+00
-8.371458796957162107e+00
-8.543662836398352667e+00
-8.705244200659974396e+00
-8.856007764409758565e+00
-8.995770101489419801e+00
-9.124359702265191885e+00
-9.241617178174557523e+00
-9.347395453341857063e+00
-9.441559943039779412e+00
-9.523988718793116703e+00
-9.594572659928759961e+00
-9.653215591395639450e+00
-9.699834407691030336e+00
-9.734359182743721917e+00
-9.756733265622150597e+00
-9.766913361948075689e+00
-9.764869600913561598e+00
-9.750585587814226685e+00
-9.724058442026347393e+00
-9.685298820372810980e+00
-9.634330925836932735e+00
-9.571192501600362945e+00
-9.495934810396262193e+00
-9.408622599185333613e+00
-9.309334049177941495e+00
-9.198160711241440524e+00
-9.075207426748001183e+00
-8.940592233933010391e+00
-8.794446259852017889e+00
-8.636913598036555229e+00
-8.468151171968553825e+00
-8.288328584504384366e+00
-8.097627953398598422e+00
-7.896243733091308670e+00
-7.684382522935752746e+00
-7.462262862061237456e+00
-7.230115011070630260e+00
-6.988180720845075022e+00
-6.736712988565193072e+00
-6.475975801370486451e+00
-6.206243867791469526e+00
-5.927802337284511225e+00
-5.640946508150031846e+00
-5.345981524139516772e+00
-5.043222060064323387e+00
-4.732991996736819473e+00
-4.415624085581053571e+00
-4.091459603265581890e+00
-3.760847996721081721e+00
-3.424146518913220305e+00
-3.081719855755706838e+00
-2.733939744556050044e+00
-2.381184584395714232e+00
-2.023839038856157568e+00
-1.662293631512132608e+00
-1.296944334617180061e+00
-9.281921514204375390e-01
-5.564426925541940960e-01
-1.821057469458242650e-01
1.944051522936671716e-01
5.726731665413047345e-01
9.522785944292118110e-01
1.332799318227901431e+00
1.713811253381456678e+00
2.094888800706495857e+00
2.475605300774764483e+00
2.855533489993569152e+00
3.234245957896396906e+00
3.611315605154047148e+00
3.986316101815732260e+00
4.358822345289231848e+00
4.728410917567739347e+00
5.094660541215443317e+00
5.457152533616683066e+00
5.815471259005234650e+00
6.169204577787163579e+00
6.517944292668811812e+00
6.861286591115448807e+00
7.198832483656891768e+00
7.530188237992185840e+00
7.854965805913970200e+00
8.172783248844602610e+00
8.483265153205088893e+00
8.786043041392991526e+00
9.080755775438683841e+00
9.367049953315847333e+00
9.644580297033181537e+00
9.913010034738295673e+00
1.017201126979150771e+01
1.042126534523820780e+01
1.066046319666254760e+01
1.088930569568485218e+01
1.110750398328718980e+01
1.131477979259918420e+01
1.151086576079509527e+01
1.169550572975665226e+01
1.186845503517262657e+01
1.202948078375673724e+01
1.217836211827843940e+01
1.231489047011340432e+01
1.243886979903447099e+01
1.255011681997669193e+01
1.264846121652432664e+01
1.273374584088074890e+01
1.280582690009854829e+01
1.286457412835914127e+01
1.290987094510776423e+01
1.294161459886430166e+01
1.295971629654514778e+01
1.296410131814741717e+01
1.295470911666170544e+01
1.293149340309595985e+01
1.289442221650803688e+01
1.284347797896158205e+01
1.277865753533472137e+01
1.269997217792814936e+01
1.260744765583514315e+01
1.250112416905714952e+01
1.238105634732797711e+01
1.224731321373852033e+01
1.209997813308198289e+01
1.193914874504424795e+01
1.176493688226649681e+01
1.157746847336313145e+01
1.137688343098589705e+01
1.116333552504295668e+01
1.093699224119854208e+01
1.069803462478999556e+01
1.044665711032220123e+01
1.018306733670649855e+01
9.907485948432988465e+00
9.620146382876743729e+00
9.321294643954482595e+00
9.011189062363024860e+00
8.690100042644484546e+00
8.358309797338204561e+00
8.016112068493269405e+00
7.663811836826874391e+00
7.301725018832975422e+00
6.930178152149567339e+00
6.549508069514618391e+00
6.160061561646590356e+00
5.762195029396526280e+00
5.356274125561762744e+00
4.942673386662620238e+00
4.521775855161115132e+00
4.093972692445291273e+00
3.659662783010921849e+00
3.219252330250720107e+00
2.773154444272783792e+00
2.321788722180704756e+00
1.865580821255187427e+00
1.404962025482191956e+00
9.403688058881257694e-01
4.722423751355935284e-01
1.028236855460606947e-03
-4.728242698188442894e-01
-9.488624300304620007e-01
-1.426630616807740726e+00
-1.905670758020377553e+00
-2.385522806185845113e+00
-2.865725210633659259e+00
-3.345815391530078564e+00
-3.825330215262968014e+00
-4.303806470686797780e+00
-4.780781346022504152e+00
-5.255792904124287901e+00
-5.728380560067107830e+00
-6.198085554621400206e+00
-6.664451427553728990e+00
-7.127024488482447850e+00
-7.585354285082724246e+00
-8.038994067836409130e+00
-8.487501252717276401e+00
-8.930437876611174275e+00
-9.367371051272119331e+00
-9.797873410623491708e+00
-1.022152355281491865e+01
-1.063790647625310193e+01
-1.104661400914549496e+01
-1.144724523210238054e+01
-1.183940689334901286e+01
-1.222271381611075647e+01
-1.259678929773582823e+01
-1.296126550013701184e+01
-1.331578383113738440e+01
-1.365999531631458375e+01
-1.399356096095252688e+01
-1.431615210171401742e+01
-1.462745074766462672e+01
-1.492714991028438654e+01
-1.521495392211808806e+01
-1.549057874372690513e+01
-1.575375225861525230e+01
-1.600421455582068120e+01
-1.624171819986726817e+01
-1.646602848779553696e+01
-1.667692369299826538e+01
-1.687419529559968367e+01
-1.705764819915002661e+01
-1.722710093333640202e+01
-1.738238584265780062e+01
-1.752334926065071841e+01
-1.764985166963878171e+01
-1.776176784577526035e+01
-1.785898698923346473e+01
-1.794141283940781761e+01
-1.800896377500308887e+01
-1.806157289890570894e+01
-1.809918810774703246e+01
-1.812177214608475850e+01
-1.812930264514515599e+01
